  
  DOI/GTN-P Deep Borehole Array, Arctic Alaska 
             U.S. Geological Survey 
            Processed Temperature Log 
                    24-Aug-2013 
________________________________________________ 
  
Temperature Log Information: 
  Well name:   Atigaru Test Well #1 
  File name:   ATI_02AUG16a_c_d 
  Log date:    16-AUG-2002 
  
Contact Information: 
  Gary Clow 
  U.S. Geological Survey 
  clow@usgs.gov 
  
Definitions: 
  Depth:        Depth below local ground surface (m) 
  Temperature:  ITS-90 temperature (°C) 
________________________________________________ 
             
 Depth  Temperature 
  9.11  -9.064
  9.24  -9.064
  9.39  -9.064
  9.53  -9.064
  9.68  -9.064
  9.81  -9.064
  9.96  -9.064
 10.10  -9.064
 10.24  -9.064
 10.38  -9.064
 10.51  -9.064
 10.65  -9.064
 10.78  -9.064
 10.92  -9.064
 11.05  -9.064
 11.17  -9.064
 11.30  -9.064
 11.43  -9.064
 11.56  -9.064
 11.69  -9.064
 11.82  -9.063
 11.95  -9.063
 12.07  -9.062
 12.20  -9.062
 12.34  -9.061
 12.46  -9.061
 12.59  -9.061
 12.72  -9.060
 12.85  -9.060
 12.98  -9.060
 13.11  -9.060
 13.23  -9.061
 13.36  -9.061
 13.49  -9.062
 13.62  -9.063
 13.75  -9.063
 13.88  -9.064
 14.01  -9.065
 14.14  -9.066
 14.27  -9.068
 14.40  -9.069
 14.53  -9.072
 14.65  -9.075
 14.78  -9.078
 14.91  -9.083
 15.04  -9.089
 15.17  -9.095
 15.30  -9.102
 15.42  -9.110
 15.55  -9.117
 15.68  -9.125
 15.81  -9.134
 15.93  -9.142
 16.06  -9.150
 16.19  -9.159
 16.32  -9.167
 16.45  -9.176
 16.58  -9.185
 16.71  -9.194
 16.84  -9.203
 16.97  -9.212
 17.09  -9.222
 17.22  -9.231
 17.35  -9.240
 17.48  -9.250
 17.60  -9.259
 17.73  -9.268
 17.86  -9.277
 17.99  -9.285
 18.11  -9.294
 18.25  -9.302
 18.37  -9.311
 18.50  -9.319
 18.63  -9.327
 18.76  -9.334
 18.88  -9.342
 19.01  -9.350
 19.15  -9.357
 19.27  -9.364
 19.40  -9.371
 19.53  -9.378
 19.65  -9.385
 19.78  -9.391
 19.91  -9.398
 20.04  -9.404
 20.16  -9.411
 20.29  -9.417
 20.42  -9.424
 20.55  -9.430
 20.68  -9.436
 20.80  -9.442
 20.93  -9.447
 21.06  -9.453
 21.19  -9.458
 21.32  -9.463
 21.44  -9.468
 21.57  -9.473
 21.70  -9.478
 21.83  -9.482
 21.96  -9.487
 22.09  -9.491
 22.21  -9.495
 22.34  -9.498
 22.47  -9.502
 22.60  -9.505
 22.73  -9.509
 22.85  -9.512
 22.98  -9.515
 23.11  -9.518
 23.24  -9.520
 23.37  -9.523
 23.49  -9.526
 23.62  -9.528
 23.75  -9.530
 23.88  -9.532
 24.01  -9.534
 24.13  -9.536
 24.26  -9.538
 24.39  -9.540
 24.52  -9.541
 24.65  -9.543
 24.77  -9.545
 24.90  -9.546
 25.03  -9.547
 25.16  -9.548
 25.29  -9.550
 25.42  -9.551
 25.55  -9.552
 25.68  -9.553
 25.80  -9.553
 25.93  -9.554
 26.06  -9.555
 26.19  -9.556
 26.32  -9.556
 26.44  -9.557
 26.57  -9.557
 26.70  -9.558
 26.83  -9.558
 26.96  -9.558
 27.09  -9.559
 27.22  -9.559
 27.35  -9.559
 27.48  -9.560
 27.60  -9.560
 27.73  -9.560
 27.86  -9.560
 27.99  -9.560
 28.12  -9.560
 28.25  -9.560
 28.37  -9.560
 28.50  -9.561
 28.63  -9.561
 28.76  -9.561
 28.89  -9.561
 29.02  -9.561
 29.15  -9.561
 29.27  -9.561
 29.41  -9.561
 29.53  -9.561
 29.66  -9.560
 29.79  -9.560
 29.92  -9.560
 30.05  -9.560
 30.18  -9.560
 30.31  -9.560
 30.44  -9.560
 30.56  -9.560
 30.69  -9.560
 30.82  -9.560
 30.95  -9.560
 31.08  -9.559
 31.21  -9.559
 31.34  -9.559
 31.47  -9.559
 31.60  -9.559
 31.73  -9.559
 31.85  -9.558
 31.98  -9.558
 32.11  -9.558
 32.24  -9.557
 32.37  -9.557
 32.50  -9.557
 32.63  -9.556
 32.75  -9.556
 32.88  -9.555
 33.01  -9.555
 33.13  -9.554
 33.25  -9.554
 33.38  -9.553
 33.51  -9.553
 33.63  -9.552
 36.88  -9.532
 37.01  -9.531
 37.13  -9.530
 37.26  -9.529
 37.38  -9.528
 37.51  -9.527
 37.63  -9.526
 37.75  -9.525
 37.88  -9.524
 38.01  -9.523
 38.13  -9.522
 38.26  -9.521
 38.38  -9.520
 38.51  -9.519
 38.63  -9.518
 38.76  -9.517
 38.88  -9.516
 39.00  -9.515
 39.13  -9.514
 39.25  -9.513
 39.38  -9.512
 39.51  -9.511
 39.63  -9.510
 39.75  -9.509
 39.88  -9.508
 40.00  -9.507
 40.13  -9.506
 40.25  -9.505
 40.37  -9.504
 40.50  -9.502
 40.62  -9.501
 40.75  -9.500
 40.87  -9.499
 41.00  -9.498
 41.12  -9.496
 41.25  -9.495
 41.37  -9.494
 41.50  -9.493
 41.62  -9.492
 41.74  -9.490
 41.87  -9.489
 43.36  -9.472
 43.49  -9.470
 43.61  -9.469
 43.73  -9.467
 43.86  -9.466
 43.98  -9.464
 44.11  -9.463
 44.23  -9.461
 44.36  -9.460
 44.48  -9.458
 44.61  -9.457
 44.73  -9.455
 44.86  -9.454
 44.98  -9.452
 45.10  -9.451
 45.23  -9.449
 45.35  -9.448
 45.47  -9.446
 45.60  -9.444
 45.72  -9.443
 45.85  -9.441
 45.97  -9.439
 46.09  -9.438
 46.22  -9.436
 46.34  -9.435
 46.47  -9.434
 46.59  -9.434
 46.71  -9.433
 46.84  -9.432
 46.96  -9.431
 47.09  -9.430
 47.21  -9.429
 47.34  -9.427
 47.46  -9.425
 47.58  -9.423
 47.70  -9.421
 47.83  -9.419
 47.96  -9.416
 48.08  -9.414
 48.20  -9.413
 48.32  -9.411
 48.45  -9.410
 48.58  -9.409
 48.70  -9.407
 48.82  -9.406
 48.94  -9.405
 49.07  -9.404
 49.19  -9.403
 49.32  -9.402
 49.44  -9.400
 49.56  -9.399
 49.68  -9.398
 49.81  -9.396
 49.93  -9.395
 50.05  -9.394
 50.18  -9.392
 50.30  -9.391
 50.42  -9.389
 50.55  -9.387
 50.67  -9.386
 50.79  -9.384
 50.92  -9.382
 51.04  -9.381
 51.16  -9.379
 51.29  -9.377
 51.41  -9.376
 51.53  -9.374
 51.66  -9.372
 51.78  -9.371
 51.90  -9.369
 52.03  -9.367
 52.15  -9.366
 52.27  -9.364
 52.40  -9.362
 52.52  -9.361
 52.64  -9.359
 52.77  -9.357
 52.90  -9.355
 53.02  -9.354
 53.14  -9.352
 53.26  -9.350
 53.39  -9.349
 53.51  -9.347
 53.63  -9.345
 53.76  -9.344
 53.89  -9.342
 54.01  -9.340
 54.13  -9.339
 54.25  -9.337
 54.38  -9.336
 54.50  -9.335
 54.62  -9.333
 54.75  -9.332
 54.87  -9.330
 54.99  -9.329
 55.12  -9.328
 55.24  -9.326
 55.36  -9.325
 55.49  -9.324
 55.61  -9.322
 55.73  -9.321
 55.86  -9.319
 55.98  -9.318
 56.10  -9.316
 56.23  -9.314
 56.35  -9.312
 56.48  -9.310
 56.60  -9.307
 56.72  -9.305
 56.84  -9.303
 56.97  -9.301
 57.09  -9.298
 57.22  -9.296
 57.34  -9.293
 57.46  -9.291
 57.58  -9.289
 57.71  -9.286
 57.83  -9.284
 57.95  -9.282
 58.08  -9.280
 58.20  -9.278
 58.33  -9.276
 58.45  -9.274
 58.57  -9.272
 58.70  -9.271
 58.82  -9.269
 58.94  -9.268
 59.07  -9.266
 59.19  -9.264
 59.31  -9.263
 59.44  -9.261
 59.56  -9.260
 59.68  -9.258
 59.81  -9.256
 59.93  -9.254
 60.05  -9.252
 60.18  -9.250
 60.30  -9.248
 60.42  -9.246
 60.55  -9.243
 60.67  -9.241
 60.79  -9.238
 60.92  -9.236
 61.04  -9.233
 61.16  -9.231
 61.29  -9.228
 61.41  -9.226
 61.53  -9.223
 61.66  -9.221
 61.78  -9.218
 61.91  -9.216
 62.03  -9.213
 62.15  -9.211
 62.28  -9.209
 62.40  -9.207
 62.53  -9.205
 62.65  -9.203
 62.77  -9.202
 62.89  -9.200
 63.02  -9.198
 63.14  -9.196
 63.26  -9.194
 63.38  -9.192
 63.51  -9.191
 63.63  -9.189
 63.75  -9.187
 63.88  -9.185
 64.00  -9.183
 64.12  -9.181
 64.24  -9.179
 64.37  -9.176
 64.49  -9.174
 64.61  -9.172
 64.73  -9.169
 64.86  -9.167
 64.98  -9.165
 65.11  -9.162
 65.23  -9.160
 65.35  -9.158
 65.47  -9.155
 65.59  -9.153
 65.72  -9.150
 65.84  -9.148
 65.96  -9.145
 66.08  -9.143
 66.21  -9.141
 66.34  -9.138
 66.46  -9.136
 66.58  -9.133
 66.70  -9.131
 66.82  -9.128
 66.94  -9.125
 67.07  -9.123
 67.19  -9.120
 67.31  -9.118
 67.44  -9.115
 67.56  -9.113
 67.68  -9.110
 67.80  -9.108
 67.92  -9.105
 68.05  -9.102
 68.17  -9.100
 68.29  -9.097
 68.42  -9.095
 68.54  -9.092
 68.66  -9.090
 68.78  -9.087
 68.90  -9.085
 69.02  -9.083
 69.14  -9.080
 69.25  -9.078
 69.37  -9.075
 69.49  -9.073
 69.61  -9.070
 69.73  -9.068
 69.85  -9.065
 69.97  -9.063
 70.09  -9.061
 70.21  -9.058
 70.33  -9.056
 70.44  -9.053
 70.56  -9.051
 70.68  -9.048
 70.80  -9.046
 70.92  -9.043
 71.04  -9.041
 71.16  -9.039
 71.28  -9.036
 71.39  -9.034
 71.51  -9.032
 71.64  -9.029
 71.76  -9.027
 71.87  -9.025
 71.99  -9.023
 72.11  -9.021
 72.23  -9.020
 72.35  -9.018
 72.47  -9.016
 72.59  -9.014
 72.71  -9.012
 72.84  -9.011
 72.96  -9.009
 73.07  -9.007
 73.19  -9.005
 73.31  -9.003
 73.44  -9.001
 73.56  -8.999
 73.68  -8.997
 73.80  -8.995
 73.92  -8.992
 74.03  -8.990
 74.16  -8.987
 74.28  -8.985
 74.40  -8.982
 74.52  -8.979
 74.63  -8.976
 74.76  -8.974
 74.88  -8.971
 75.00  -8.969
 75.12  -8.966
 75.24  -8.964
 75.36  -8.961
 75.48  -8.959
 75.60  -8.957
 75.72  -8.954
 75.84  -8.951
 75.96  -8.949
 76.08  -8.946
 76.20  -8.944
 76.32  -8.942
 76.44  -8.939
 76.56  -8.937
 76.68  -8.936
 76.81  -8.935
 76.93  -8.933
 77.05  -8.932
 77.17  -8.931
 77.28  -8.930
 77.41  -8.929
 77.53  -8.927
 77.65  -8.925
 77.77  -8.922
 77.89  -8.920
 78.01  -8.917
 78.13  -8.914
 78.25  -8.911
 78.37  -8.908
 78.49  -8.905
 78.61  -8.902
 78.73  -8.900
 78.85  -8.897
 78.97  -8.894
 79.09  -8.892
 79.21  -8.889
 79.33  -8.887
 79.45  -8.884
 79.57  -8.881
 79.69  -8.879
 79.81  -8.876
 79.93  -8.873
 80.05  -8.871
 80.17  -8.868
 80.29  -8.866
 80.41  -8.863
 80.53  -8.861
 80.65  -8.858
 80.77  -8.856
 80.89  -8.854
 81.01  -8.852
 81.13  -8.850
 81.25  -8.848
 81.37  -8.846
 81.49  -8.844
 81.61  -8.842
 81.73  -8.840
 81.85  -8.839
 81.97  -8.837
 82.09  -8.835
 82.22  -8.833
 82.33  -8.831
 82.45  -8.829
 82.58  -8.826
 82.70  -8.823
 82.82  -8.820
 82.94  -8.817
 83.06  -8.814
 83.18  -8.811
 83.30  -8.808
 83.42  -8.805
 83.54  -8.803
 83.66  -8.800
 83.78  -8.798
 83.90  -8.795
 84.02  -8.793
 84.14  -8.791
 84.26  -8.788
 84.38  -8.785
 84.50  -8.783
 84.63  -8.780
 84.75  -8.777
 84.86  -8.774
 84.99  -8.772
 85.10  -8.769
 85.23  -8.766
 85.35  -8.764
 85.47  -8.761
 85.59  -8.759
 85.71  -8.756
 85.83  -8.754
 85.95  -8.751
 86.07  -8.749
 86.19  -8.746
 86.31  -8.744
 86.43  -8.741
 86.55  -8.739
 86.67  -8.736
 86.79  -8.734
 86.91  -8.731
 87.03  -8.729
 87.15  -8.726
 87.27  -8.724
 87.39  -8.721
 87.51  -8.719
 87.63  -8.717
 87.75  -8.714
 87.87  -8.712
 87.99  -8.709
 88.11  -8.707
 88.23  -8.704
 88.36  -8.702
 88.48  -8.700
 88.60  -8.697
 88.71  -8.695
 88.83  -8.692
 88.96  -8.690
 89.08  -8.688
 89.20  -8.685
 89.32  -8.683
 89.43  -8.681
 89.55  -8.679
 89.67  -8.676
 89.80  -8.674
 89.92  -8.672
 90.04  -8.670
 90.16  -8.667
 90.28  -8.665
 90.40  -8.663
 90.52  -8.661
 90.64  -8.659
 90.76  -8.656
 90.88  -8.654
 91.00  -8.652
 91.12  -8.650
 91.24  -8.648
 91.36  -8.646
 91.48  -8.644
 91.60  -8.643
 91.72  -8.641
 91.84  -8.639
 91.96  -8.637
 92.08  -8.635
 92.20  -8.633
 92.32  -8.631
 92.44  -8.629
 92.56  -8.627
 92.68  -8.625
 92.80  -8.623
 92.92  -8.621
 93.04  -8.619
 93.16  -8.616
 93.28  -8.614
 93.40  -8.611
 93.52  -8.609
 93.64  -8.606
 93.76  -8.604
 93.88  -8.601
 94.00  -8.599
 94.12  -8.596
 94.24  -8.593
 94.37  -8.591
 94.49  -8.588
 94.60  -8.585
 94.72  -8.583
 94.84  -8.580
 94.97  -8.578
 95.08  -8.575
 95.20  -8.573
 95.32  -8.570
 95.44  -8.567
 95.57  -8.565
 95.69  -8.562
 95.81  -8.560
 95.92  -8.557
 96.04  -8.555
 96.16  -8.552
 96.28  -8.550
 96.41  -8.548
 96.53  -8.545
 96.64  -8.543
 96.77  -8.540
 96.89  -8.538
 97.01  -8.536
 97.13  -8.534
 97.25  -8.532
 97.37  -8.530
 97.49  -8.528
 97.61  -8.526
 97.73  -8.524
 97.85  -8.522
 97.97  -8.520
 98.09  -8.518
 98.21  -8.516
 98.33  -8.514
 98.45  -8.511
 98.57  -8.509
 98.69  -8.507
 98.81  -8.505
 98.93  -8.503
 99.05  -8.501
 99.18  -8.498
 99.30  -8.496
 99.42  -8.494
 99.54  -8.491
 99.66  -8.489
 99.78  -8.486
 99.90  -8.484
100.02  -8.482
100.14  -8.479
100.26  -8.477
100.38  -8.475
100.50  -8.472
100.62  -8.470
100.75  -8.468
100.87  -8.465
100.99  -8.463
101.11  -8.461
101.23  -8.459
101.35  -8.456
101.47  -8.454
101.60  -8.452
101.72  -8.450
101.84  -8.447
101.96  -8.445
102.08  -8.443
102.20  -8.441
102.32  -8.438
102.44  -8.436
102.57  -8.434
102.69  -8.432
102.81  -8.429
102.93  -8.427
103.05  -8.425
103.18  -8.423
103.30  -8.421
103.42  -8.418
103.54  -8.416
103.66  -8.414
103.78  -8.412
103.90  -8.410
104.03  -8.407
104.15  -8.405
104.27  -8.403
104.39  -8.401
104.51  -8.398
104.63  -8.396
104.75  -8.394
104.86  -8.392
104.98  -8.389
105.10  -8.387
105.22  -8.385
105.34  -8.382
105.46  -8.380
105.57  -8.378
105.69  -8.375
105.81  -8.373
105.93  -8.371
106.05  -8.368
106.16  -8.366
106.28  -8.363
106.40  -8.361
106.52  -8.358
106.64  -8.356
106.76  -8.353
106.87  -8.351
106.99  -8.348
107.10  -8.346
107.22  -8.343
107.34  -8.340
107.46  -8.338
107.58  -8.335
107.69  -8.333
107.81  -8.330
107.93  -8.328
108.05  -8.325
108.17  -8.323
108.28  -8.320
108.40  -8.318
108.52  -8.315
108.64  -8.313
108.75  -8.311
108.87  -8.308
108.99  -8.306
109.11  -8.304
109.23  -8.302
109.35  -8.299
109.46  -8.297
109.58  -8.295
109.70  -8.293
109.82  -8.290
109.94  -8.288
110.06  -8.286
110.17  -8.284
110.29  -8.281
110.41  -8.279
110.53  -8.277
110.65  -8.275
110.76  -8.272
110.88  -8.270
111.00  -8.268
111.12  -8.265
111.24  -8.263
111.35  -8.261
111.47  -8.258
111.59  -8.256
111.71  -8.254
111.82  -8.251
111.94  -8.249
112.06  -8.247
112.18  -8.245
112.29  -8.242
112.41  -8.240
112.53  -8.238
112.65  -8.236
112.76  -8.234
112.88  -8.231
113.00  -8.229
113.12  -8.227
113.23  -8.225
113.35  -8.223
113.47  -8.220
113.58  -8.218
113.70  -8.216
113.82  -8.214
113.93  -8.211
114.05  -8.209
114.17  -8.207
114.29  -8.204
114.41  -8.202
114.52  -8.199
114.64  -8.197
114.76  -8.195
114.87  -8.192
114.99  -8.190
115.11  -8.187
115.22  -8.185
115.34  -8.183
115.46  -8.180
115.57  -8.178
115.69  -8.176
115.81  -8.174
115.93  -8.172
116.04  -8.169
116.16  -8.167
116.28  -8.165
116.39  -8.164
116.51  -8.162
116.63  -8.160
116.74  -8.158
116.86  -8.156
116.98  -8.154
117.09  -8.152
117.21  -8.150
117.33  -8.149
117.45  -8.147
117.56  -8.145
117.68  -8.143
117.80  -8.141
117.92  -8.140
118.03  -8.138
118.15  -8.136
118.26  -8.134
118.38  -8.132
118.50  -8.130
118.62  -8.129
118.74  -8.127
118.85  -8.125
118.97  -8.123
119.09  -8.121
119.20  -8.119
119.32  -8.117
119.43  -8.115
119.55  -8.113
119.67  -8.111
119.79  -8.109
119.90  -8.106
120.02  -8.104
120.14  -8.101
120.25  -8.099
120.37  -8.096
120.49  -8.094
120.60  -8.091
120.72  -8.089
120.83  -8.086
120.95  -8.083
121.07  -8.081
121.18  -8.078
121.30  -8.076
121.42  -8.073
121.53  -8.071
121.65  -8.069
121.77  -8.066
121.88  -8.064
122.00  -8.062
122.11  -8.060
122.24  -8.057
122.35  -8.055
122.47  -8.053
122.58  -8.051
122.70  -8.048
122.82  -8.046
122.94  -8.044
123.05  -8.041
123.17  -8.039
123.28  -8.037
123.40  -8.035
123.52  -8.032
123.64  -8.030
123.75  -8.028
123.87  -8.025
123.98  -8.023
124.10  -8.021
124.22  -8.018
124.33  -8.016
124.45  -8.014
124.56  -8.012
124.68  -8.010
124.80  -8.007
124.92  -8.005
125.03  -8.003
125.15  -8.000
125.26  -7.997
125.38  -7.994
125.50  -7.991
125.62  -7.987
125.73  -7.984
125.84  -7.981
125.97  -7.978
126.08  -7.974
126.20  -7.972
126.31  -7.969
126.66  -7.963
126.78  -7.961
126.89  -7.959
127.01  -7.956
127.13  -7.954
127.24  -7.952
127.36  -7.949
127.48  -7.947
127.59  -7.944
127.71  -7.942
127.82  -7.939
127.94  -7.937
128.06  -7.934
128.17  -7.932
128.29  -7.930
128.41  -7.928
128.52  -7.926
128.64  -7.923
128.75  -7.921
128.87  -7.919
128.99  -7.917
129.11  -7.914
129.22  -7.912
129.34  -7.909
129.46  -7.907
129.57  -7.904
129.69  -7.902
129.81  -7.899
129.92  -7.897
130.04  -7.894
130.15  -7.892
130.27  -7.889
130.39  -7.886
130.50  -7.884
130.62  -7.881
130.73  -7.879
130.85  -7.876
130.97  -7.874
131.09  -7.871
131.20  -7.869
131.32  -7.866
131.43  -7.864
131.55  -7.861
131.67  -7.858
131.79  -7.856
131.90  -7.853
132.02  -7.851
132.14  -7.848
132.26  -7.846
132.37  -7.843
132.49  -7.841
132.60  -7.838
132.72  -7.836
132.84  -7.834
132.96  -7.831
133.07  -7.829
133.19  -7.827
133.31  -7.825
133.43  -7.822
133.54  -7.820
133.66  -7.818
133.77  -7.816
133.89  -7.813
134.01  -7.811
134.12  -7.809
134.24  -7.807
134.35  -7.804
134.47  -7.802
134.59  -7.800
134.71  -7.797
134.82  -7.795
134.94  -7.792
135.05  -7.790
135.17  -7.787
135.29  -7.784
135.40  -7.782
135.52  -7.779
135.64  -7.777
135.75  -7.774
135.87  -7.771
135.99  -7.769
136.10  -7.766
136.22  -7.764
136.33  -7.761
136.45  -7.759
136.57  -7.757
136.69  -7.755
136.80  -7.752
136.92  -7.750
137.03  -7.748
137.15  -7.746
137.27  -7.744
137.38  -7.741
137.50  -7.739
137.61  -7.737
137.73  -7.735
137.85  -7.733
137.96  -7.731
138.08  -7.728
138.19  -7.726
138.31  -7.723
138.42  -7.721
138.54  -7.718
138.66  -7.715
138.77  -7.713
138.89  -7.710
139.00  -7.707
139.11  -7.704
139.22  -7.702
139.34  -7.699
139.45  -7.696
139.56  -7.694
139.68  -7.691
139.79  -7.688
139.90  -7.686
140.01  -7.684
140.12  -7.682
140.24  -7.680
140.36  -7.678
140.47  -7.677
140.58  -7.675
140.69  -7.673
140.81  -7.672
140.92  -7.670
141.03  -7.669
141.14  -7.667
141.25  -7.666
141.37  -7.664
141.48  -7.663
141.60  -7.661
141.71  -7.660
141.82  -7.658
141.93  -7.656
142.05  -7.654
142.16  -7.651
142.27  -7.649
142.39  -7.647
142.50  -7.644
142.61  -7.642
142.73  -7.640
142.84  -7.637
142.95  -7.635
143.06  -7.632
143.18  -7.630
143.29  -7.628
143.41  -7.625
143.52  -7.623
143.63  -7.621
143.74  -7.619
143.86  -7.617
143.97  -7.615
144.09  -7.613
144.20  -7.611
144.31  -7.609
144.43  -7.607
144.54  -7.605
144.65  -7.603
144.77  -7.601
144.88  -7.599
144.99  -7.597
145.11  -7.595
145.22  -7.593
145.33  -7.591
145.45  -7.589
145.56  -7.587
145.67  -7.585
145.79  -7.582
145.90  -7.580
146.01  -7.578
146.13  -7.576
146.24  -7.573
146.35  -7.571
146.47  -7.569
146.58  -7.566
146.69  -7.564
146.81  -7.562
146.92  -7.559
147.04  -7.557
147.15  -7.555
147.26  -7.552
147.37  -7.550
147.49  -7.548
147.60  -7.546
147.71  -7.544
147.83  -7.541
147.94  -7.539
148.05  -7.537
148.17  -7.535
148.28  -7.533
148.39  -7.531
148.51  -7.528
148.62  -7.526
148.73  -7.524
148.85  -7.522
148.96  -7.520
149.07  -7.517
149.19  -7.515
149.30  -7.513
149.41  -7.511
149.53  -7.509
149.64  -7.506
149.75  -7.504
149.87  -7.502
149.98  -7.500
150.10  -7.497
150.21  -7.495
150.32  -7.493
150.44  -7.491
150.55  -7.488
150.66  -7.486
150.78  -7.484
150.89  -7.482
151.00  -7.479
151.12  -7.477
151.23  -7.475
151.35  -7.473
151.46  -7.470
151.57  -7.468
151.68  -7.466
151.80  -7.464
151.91  -7.461
152.03  -7.459
152.14  -7.457
152.25  -7.455
152.36  -7.453
152.48  -7.450
152.59  -7.448
152.70  -7.446
152.82  -7.444
152.93  -7.442
153.04  -7.440
153.16  -7.437
153.27  -7.435
153.39  -7.433
153.50  -7.431
153.61  -7.429
153.73  -7.427
153.84  -7.424
153.95  -7.422
154.06  -7.420
154.18  -7.418
154.29  -7.416
154.41  -7.414
154.52  -7.412
154.63  -7.409
154.74  -7.407
154.85  -7.405
154.97  -7.403
155.08  -7.401
155.19  -7.399
155.31  -7.397
155.42  -7.395
155.54  -7.393
155.65  -7.391
155.76  -7.389
155.87  -7.387
155.98  -7.385
156.10  -7.383
156.21  -7.381
156.33  -7.378
156.44  -7.376
156.55  -7.374
156.67  -7.371
156.78  -7.369
156.90  -7.366
157.01  -7.364
157.12  -7.361
157.24  -7.359
157.35  -7.357
157.46  -7.355
157.58  -7.353
157.69  -7.352
157.80  -7.350
157.91  -7.348
158.03  -7.347
158.14  -7.345
158.25  -7.343
158.37  -7.340
158.48  -7.338
158.59  -7.336
158.71  -7.333
158.82  -7.331
158.93  -7.329
159.05  -7.326
159.16  -7.324
159.27  -7.322
159.39  -7.320
159.50  -7.318
159.61  -7.316
159.73  -7.313
159.84  -7.311
159.96  -7.309
160.07  -7.307
160.18  -7.305
160.29  -7.303
160.41  -7.301
160.52  -7.298
160.64  -7.296
160.75  -7.294
160.86  -7.292
160.98  -7.290
161.09  -7.288
161.20  -7.286
161.31  -7.284
161.43  -7.282
161.54  -7.279
161.66  -7.277
161.77  -7.275
161.88  -7.273
162.00  -7.271
162.11  -7.268
162.23  -7.266
162.34  -7.264
162.45  -7.262
162.56  -7.259
162.68  -7.257
162.80  -7.255
162.91  -7.252
163.03  -7.250
163.14  -7.248
163.25  -7.246
163.36  -7.243
163.48  -7.241
163.59  -7.239
163.70  -7.237
163.82  -7.235
163.93  -7.233
164.05  -7.232
164.16  -7.230
164.28  -7.228
164.39  -7.226
164.50  -7.224
164.62  -7.222
164.73  -7.220
164.85  -7.219
164.96  -7.217
165.07  -7.215
165.19  -7.213
165.30  -7.211
165.41  -7.209
165.53  -7.206
165.64  -7.204
165.76  -7.202
165.87  -7.199
165.98  -7.197
166.10  -7.194
166.21  -7.192
166.33  -7.189
166.44  -7.187
166.55  -7.184
166.67  -7.182
166.78  -7.179
166.90  -7.177
167.01  -7.174
167.13  -7.172
167.24  -7.169
167.36  -7.167
167.47  -7.164
167.59  -7.161
167.70  -7.158
167.82  -7.155
167.93  -7.152
168.05  -7.149
168.16  -7.146
168.27  -7.143
168.39  -7.141
168.50  -7.138
168.62  -7.135
168.73  -7.132
168.85  -7.129
168.96  -7.126
169.08  -7.124
169.19  -7.121
169.31  -7.119
169.42  -7.116
169.54  -7.114
169.65  -7.112
169.77  -7.110
169.88  -7.107
170.00  -7.105
170.11  -7.103
170.23  -7.101
170.34  -7.099
170.46  -7.096
170.57  -7.094
170.69  -7.092
170.80  -7.090
170.92  -7.087
171.04  -7.085
171.15  -7.083
171.27  -7.080
171.38  -7.078
171.50  -7.076
171.61  -7.073
171.73  -7.071
171.85  -7.068
171.96  -7.066
172.08  -7.063
172.19  -7.061
172.31  -7.059
172.43  -7.056
172.54  -7.054
172.65  -7.051
172.77  -7.049
172.88  -7.046
172.99  -7.044
173.10  -7.041
173.21  -7.039
173.33  -7.037
173.44  -7.034
173.55  -7.032
173.66  -7.029
173.77  -7.027
173.89  -7.024
174.00  -7.022
174.11  -7.019
174.22  -7.017
174.33  -7.015
174.45  -7.012
174.56  -7.010
174.67  -7.008
174.78  -7.006
174.90  -7.004
175.01  -7.002
175.12  -7.000
175.23  -6.998
175.34  -6.996
175.46  -6.994
175.57  -6.992
175.68  -6.990
175.79  -6.988
175.91  -6.986
176.02  -6.984
176.13  -6.982
176.24  -6.980
176.35  -6.978
176.47  -6.976
176.58  -6.974
176.69  -6.971
176.80  -6.969
176.92  -6.967
177.03  -6.965
177.14  -6.962
177.25  -6.960
177.36  -6.958
177.47  -6.956
177.59  -6.953
177.70  -6.951
177.81  -6.949
177.92  -6.947
178.03  -6.944
178.15  -6.942
178.26  -6.940
178.37  -6.937
178.48  -6.935
178.59  -6.933
178.70  -6.931
178.82  -6.928
178.93  -6.926
179.04  -6.924
179.15  -6.921
179.26  -6.919
179.37  -6.917
179.49  -6.914
179.60  -6.912
179.71  -6.910
179.82  -6.908
179.93  -6.905
180.05  -6.903
180.15  -6.901
180.27  -6.899
180.38  -6.897
180.49  -6.894
180.60  -6.892
180.71  -6.890
180.82  -6.888
180.94  -6.886
181.05  -6.884
181.16  -6.882
181.27  -6.880
181.38  -6.877
181.49  -6.875
181.60  -6.873
181.71  -6.871
181.83  -6.869
181.94  -6.867
182.05  -6.865
182.16  -6.863
182.27  -6.861
182.38  -6.859
182.50  -6.857
182.61  -6.855
182.72  -6.853
182.83  -6.851
182.94  -6.849
183.05  -6.847
183.16  -6.845
183.27  -6.842
183.39  -6.840
183.50  -6.838
183.61  -6.836
183.72  -6.833
183.83  -6.831
183.94  -6.829
184.05  -6.826
184.17  -6.824
184.28  -6.821
184.39  -6.819
184.50  -6.816
184.62  -6.814
184.73  -6.811
184.84  -6.809
184.95  -6.806
185.06  -6.804
185.17  -6.801
185.28  -6.799
185.40  -6.797
185.51  -6.794
185.62  -6.792
185.73  -6.790
185.84  -6.788
185.95  -6.785
186.06  -6.783
186.17  -6.781
186.29  -6.779
186.40  -6.777
186.51  -6.774
186.62  -6.772
186.73  -6.770
186.84  -6.768
186.96  -6.765
187.07  -6.763
187.18  -6.761
187.29  -6.758
187.40  -6.756
187.51  -6.753
187.63  -6.751
187.74  -6.748
187.85  -6.746
187.96  -6.743
188.07  -6.741
188.18  -6.738
188.30  -6.736
188.41  -6.733
188.52  -6.731
188.63  -6.728
188.74  -6.726
188.86  -6.724
188.96  -6.721
189.07  -6.719
189.19  -6.717
189.30  -6.714
189.41  -6.712
189.52  -6.710
189.63  -6.707
189.75  -6.705
189.86  -6.703
189.97  -6.701
190.08  -6.698
190.19  -6.696
190.30  -6.694
190.41  -6.692
190.52  -6.689
190.63  -6.687
190.75  -6.684
190.85  -6.682
190.97  -6.679
191.08  -6.677
191.19  -6.674
191.30  -6.672
191.41  -6.669
191.53  -6.666
191.64  -6.664
191.75  -6.661
191.86  -6.658
191.97  -6.656
192.08  -6.653
192.19  -6.650
192.31  -6.648
192.42  -6.645
192.53  -6.643
192.64  -6.640
192.75  -6.638
192.86  -6.636
192.98  -6.633
193.09  -6.631
193.20  -6.629
193.31  -6.626
193.42  -6.624
193.53  -6.621
193.65  -6.619
193.75  -6.616
193.87  -6.613
193.98  -6.611
194.09  -6.608
194.20  -6.605
194.32  -6.602
194.43  -6.599
194.53  -6.596
194.65  -6.593
194.76  -6.590
194.88  -6.587
194.98  -6.584
195.09  -6.581
195.21  -6.578
195.32  -6.574
195.43  -6.571
195.54  -6.568
195.65  -6.565
195.76  -6.562
195.88  -6.559
195.99  -6.556
196.10  -6.553
196.21  -6.550
196.32  -6.548
196.43  -6.545
196.54  -6.543
196.66  -6.540
196.77  -6.538
196.88  -6.535
196.99  -6.533
197.10  -6.530
197.21  -6.528
197.32  -6.525
197.44  -6.523
197.55  -6.520
197.66  -6.518
197.77  -6.515
197.88  -6.512
197.99  -6.509
198.10  -6.507
198.22  -6.504
198.33  -6.501
198.44  -6.498
198.55  -6.495
198.66  -6.492
198.77  -6.489
198.88  -6.486
198.99  -6.484
199.11  -6.481
199.21  -6.478
199.33  -6.475
199.44  -6.472
199.55  -6.470
199.66  -6.467
199.77  -6.464
199.89  -6.462
200.00  -6.459
200.11  -6.457
200.22  -6.454
200.33  -6.452
200.44  -6.449
200.55  -6.447
200.66  -6.444
200.77  -6.442
200.88  -6.440
200.99  -6.437
201.10  -6.435
201.22  -6.432
201.33  -6.430
201.44  -6.428
201.55  -6.426
201.66  -6.423
201.77  -6.421
201.88  -6.419
201.99  -6.417
202.10  -6.414
202.21  -6.412
202.32  -6.410
202.43  -6.408
202.54  -6.406
202.65  -6.404
202.77  -6.401
202.88  -6.399
202.99  -6.397
203.10  -6.395
203.21  -6.393
203.32  -6.391
203.43  -6.388
203.54  -6.386
203.65  -6.384
203.76  -6.382
203.87  -6.380
203.98  -6.378
204.09  -6.375
204.20  -6.373
204.31  -6.371
204.42  -6.369
204.53  -6.367
204.64  -6.365
204.75  -6.362
204.86  -6.360
204.97  -6.358
205.08  -6.356
205.18  -6.354
205.29  -6.352
205.40  -6.350
205.50  -6.349
205.61  -6.347
205.72  -6.345
205.83  -6.343
205.93  -6.341
206.04  -6.339
206.14  -6.337
206.25  -6.335
206.36  -6.333
206.47  -6.331
206.57  -6.329
206.68  -6.327
206.78  -6.324
206.89  -6.322
207.00  -6.320
207.10  -6.318
207.21  -6.316
207.32  -6.313
207.43  -6.311
207.53  -6.309
207.64  -6.307
207.75  -6.304
207.85  -6.302
207.96  -6.299
208.07  -6.297
208.18  -6.295
208.28  -6.292
208.39  -6.289
208.50  -6.287
208.60  -6.284
208.72  -6.281
208.82  -6.279
208.93  -6.276
209.04  -6.273
209.14  -6.270
209.25  -6.267
209.36  -6.265
209.47  -6.262
209.58  -6.259
209.69  -6.256
209.79  -6.253
209.90  -6.250
210.01  -6.248
210.12  -6.245
210.22  -6.243
210.33  -6.240
210.44  -6.237
210.55  -6.235
210.66  -6.233
210.76  -6.230
210.87  -6.228
210.98  -6.225
211.09  -6.223
211.20  -6.220
211.30  -6.218
211.41  -6.215
211.52  -6.213
211.63  -6.210
211.74  -6.208
211.84  -6.205
211.95  -6.203
212.06  -6.200
212.17  -6.197
212.28  -6.194
212.39  -6.192
212.49  -6.189
212.60  -6.186
212.71  -6.184
212.82  -6.181
212.93  -6.178
213.03  -6.175
213.14  -6.173
213.25  -6.170
213.36  -6.167
213.47  -6.165
213.57  -6.162
213.68  -6.160
213.79  -6.157
213.90  -6.155
214.01  -6.152
214.11  -6.150
214.22  -6.147
214.33  -6.145
214.44  -6.142
214.55  -6.140
214.65  -6.137
214.76  -6.135
214.87  -6.133
214.98  -6.130
215.08  -6.128
215.19  -6.125
215.30  -6.123
215.41  -6.120
215.51  -6.117
215.62  -6.115
215.73  -6.112
215.84  -6.110
215.94  -6.107
216.05  -6.105
216.16  -6.102
216.27  -6.099
216.37  -6.097
216.48  -6.094
216.59  -6.092
216.70  -6.089
216.81  -6.086
216.91  -6.084
217.02  -6.081
217.12  -6.079
217.23  -6.077
217.34  -6.074
217.45  -6.072
217.56  -6.069
217.67  -6.067
217.77  -6.064
217.88  -6.062
217.99  -6.060
218.09  -6.057
218.20  -6.055
218.31  -6.052
218.42  -6.050
218.52  -6.047
218.63  -6.045
218.74  -6.042
218.85  -6.039
218.96  -6.037
219.07  -6.034
219.17  -6.031
219.28  -6.028
219.38  -6.026
219.49  -6.023
219.60  -6.020
219.71  -6.017
219.82  -6.015
219.93  -6.012
220.03  -6.009
220.14  -6.007
220.25  -6.004
220.36  -6.002
220.47  -5.999
220.57  -5.997
220.68  -5.995
220.79  -5.993
220.90  -5.991
221.01  -5.989
221.11  -5.986
221.22  -5.984
221.33  -5.982
221.44  -5.980
221.55  -5.978
221.65  -5.976
221.76  -5.974
221.87  -5.972
221.98  -5.970
222.08  -5.967
222.19  -5.965
222.30  -5.963
222.40  -5.960
222.51  -5.958
222.62  -5.955
222.73  -5.952
222.83  -5.950
222.94  -5.947
223.05  -5.945
223.16  -5.942
223.27  -5.939
223.37  -5.937
223.48  -5.934
223.59  -5.931
223.70  -5.928
223.80  -5.926
223.91  -5.923
224.02  -5.920
224.13  -5.917
224.24  -5.914
224.34  -5.911
224.45  -5.908
224.56  -5.905
224.67  -5.902
224.78  -5.899
224.88  -5.896
224.99  -5.893
225.10  -5.890
225.21  -5.887
225.32  -5.884
225.42  -5.881
225.53  -5.878
225.64  -5.875
225.75  -5.872
225.86  -5.870
225.97  -5.867
226.07  -5.864
226.18  -5.861
226.28  -5.858
226.40  -5.855
226.51  -5.852
226.61  -5.849
226.72  -5.846
226.83  -5.843
226.94  -5.840
227.05  -5.837
227.16  -5.834
227.26  -5.831
227.37  -5.828
227.48  -5.825
227.58  -5.822
227.70  -5.819
227.80  -5.816
227.91  -5.813
228.01  -5.810
228.12  -5.807
228.23  -5.804
228.35  -5.801
228.45  -5.798
228.56  -5.795
228.67  -5.792
228.78  -5.790
228.89  -5.787
228.99  -5.784
229.10  -5.781
229.21  -5.778
229.32  -5.776
229.43  -5.773
229.53  -5.770
229.64  -5.768
229.75  -5.765
229.86  -5.763
229.97  -5.760
230.07  -5.758
230.18  -5.755
230.29  -5.753
230.40  -5.751
230.51  -5.748
230.61  -5.746
230.72  -5.743
230.83  -5.741
230.94  -5.738
231.05  -5.735
231.15  -5.732
231.26  -5.729
231.37  -5.726
231.48  -5.724
231.59  -5.721
231.70  -5.719
231.80  -5.717
231.91  -5.715
232.02  -5.713
232.13  -5.711
232.24  -5.708
232.34  -5.706
232.45  -5.704
232.56  -5.701
232.67  -5.698
232.78  -5.695
232.89  -5.692
232.99  -5.688
233.11  -5.685
233.21  -5.682
233.32  -5.678
233.43  -5.674
233.54  -5.671
233.65  -5.667
233.76  -5.663
233.86  -5.659
233.97  -5.655
234.08  -5.651
234.19  -5.647
234.30  -5.644
234.41  -5.641
234.51  -5.638
234.62  -5.635
234.73  -5.632
234.84  -5.629
234.95  -5.626
235.06  -5.623
235.17  -5.619
235.28  -5.616
235.38  -5.613
235.50  -5.609
235.60  -5.606
235.71  -5.603
235.82  -5.600
235.93  -5.597
236.04  -5.594
236.15  -5.591
236.26  -5.588
236.36  -5.585
236.48  -5.582
236.58  -5.578
236.69  -5.575
236.80  -5.572
236.90  -5.569
237.01  -5.566
237.12  -5.563
237.22  -5.560
237.33  -5.556
237.43  -5.553
237.54  -5.549
237.64  -5.545
237.75  -5.540
237.85  -5.536
237.96  -5.531
238.06  -5.526
238.17  -5.520
238.28  -5.515
238.38  -5.510
238.48  -5.504
238.59  -5.499
238.69  -5.494
238.80  -5.488
238.91  -5.483
239.01  -5.477
239.12  -5.472
239.22  -5.467
239.33  -5.462
239.43  -5.458
239.54  -5.453
239.64  -5.449
239.75  -5.445
239.85  -5.441
239.96  -5.437
240.06  -5.433
240.17  -5.429
240.27  -5.426
240.38  -5.422
240.48  -5.418
240.59  -5.414
240.69  -5.410
240.80  -5.407
240.90  -5.403
241.01  -5.399
241.11  -5.395
241.22  -5.390
241.32  -5.386
241.43  -5.381
241.53  -5.377
241.64  -5.372
241.74  -5.368
241.85  -5.363
241.95  -5.359
242.06  -5.354
242.16  -5.350
242.27  -5.346
242.37  -5.342
242.47  -5.337
242.58  -5.333
242.68  -5.329
242.79  -5.326
242.89  -5.322
242.99  -5.319
243.10  -5.316
243.20  -5.312
243.31  -5.309
243.41  -5.306
243.52  -5.303
243.62  -5.300
243.73  -5.297
243.83  -5.294
243.94  -5.291
244.04  -5.288
244.14  -5.284
244.25  -5.281
244.35  -5.278
244.46  -5.274
244.56  -5.270
244.67  -5.266
244.77  -5.262
244.88  -5.258
244.98  -5.254
245.08  -5.250
245.19  -5.245
245.29  -5.241
245.40  -5.237
245.50  -5.233
245.60  -5.229
245.71  -5.225
245.81  -5.220
245.92  -5.216
246.02  -5.212
246.12  -5.208
246.23  -5.204
246.33  -5.200
246.44  -5.196
246.54  -5.193
246.64  -5.189
246.75  -5.185
246.85  -5.181
246.96  -5.177
247.06  -5.173
247.17  -5.170
247.27  -5.166
247.38  -5.162
247.48  -5.158
247.59  -5.155
247.69  -5.151
247.79  -5.147
247.90  -5.144
248.00  -5.140
248.11  -5.137
248.21  -5.133
248.32  -5.130
248.42  -5.126
248.52  -5.123
248.63  -5.119
248.73  -5.116
248.83  -5.112
248.94  -5.109
249.04  -5.105
249.15  -5.102
249.25  -5.098
249.36  -5.094
249.46  -5.091
249.56  -5.087
249.67  -5.083
249.77  -5.079
249.88  -5.075
249.98  -5.071
250.08  -5.067
250.19  -5.063
250.29  -5.059
250.40  -5.054
250.50  -5.050
250.60  -5.046
250.70  -5.042
250.81  -5.037
250.91  -5.033
251.02  -5.029
251.12  -5.025
251.22  -5.022
251.33  -5.018
251.43  -5.015
251.54  -5.011
251.64  -5.008
251.74  -5.004
251.85  -5.001
251.95  -4.997
252.05  -4.994
252.16  -4.990
252.26  -4.987
252.36  -4.983
252.47  -4.980
252.58  -4.977
252.68  -4.973
252.78  -4.970
252.88  -4.966
252.99  -4.963
253.09  -4.960
253.20  -4.956
253.30  -4.953
253.40  -4.950
253.51  -4.946
253.61  -4.943
253.72  -4.940
253.82  -4.936
253.92  -4.933
254.02  -4.930
254.13  -4.927
254.23  -4.924
254.34  -4.920
254.44  -4.917
254.54  -4.914
254.65  -4.911
254.75  -4.908
254.86  -4.905
254.96  -4.902
255.06  -4.899
255.16  -4.896
255.27  -4.893
255.37  -4.890
255.48  -4.887
255.58  -4.884
255.68  -4.881
255.79  -4.878
255.89  -4.875
255.99  -4.872
256.10  -4.869
256.20  -4.867
256.30  -4.864
256.41  -4.861
256.51  -4.858
256.62  -4.855
256.72  -4.853
256.82  -4.850
256.93  -4.847
257.03  -4.845
257.14  -4.842
257.24  -4.839
257.34  -4.836
257.45  -4.834
257.55  -4.831
257.66  -4.828
257.76  -4.825
257.86  -4.822
257.97  -4.820
258.08  -4.817
258.18  -4.814
258.28  -4.811
258.39  -4.808
258.49  -4.805
258.60  -4.802
258.70  -4.799
258.80  -4.796
258.91  -4.793
259.00  -4.790
259.11  -4.788
259.22  -4.785
259.32  -4.782
259.42  -4.779
259.53  -4.776
259.63  -4.773
259.73  -4.771
259.84  -4.768
259.94  -4.765
260.04  -4.763
260.15  -4.760
260.26  -4.757
260.36  -4.755
260.46  -4.752
260.56  -4.749
260.66  -4.747
260.77  -4.744
260.87  -4.742
260.98  -4.739
261.08  -4.737
261.18  -4.734
261.29  -4.732
261.39  -4.729
261.49  -4.727
261.59  -4.724
261.70  -4.722
261.80  -4.720
261.91  -4.717
262.01  -4.715
262.11  -4.712
262.22  -4.710
262.32  -4.708
262.42  -4.705
262.53  -4.703
262.63  -4.701
262.73  -4.698
262.84  -4.696
262.94  -4.694
263.05  -4.692
263.15  -4.689
263.25  -4.687
263.36  -4.685
263.46  -4.683
263.56  -4.680
263.67  -4.678
263.77  -4.676
263.87  -4.674
263.98  -4.671
264.08  -4.669
264.19  -4.666
264.29  -4.664
264.39  -4.661
264.49  -4.658
264.60  -4.655
264.70  -4.653
264.81  -4.650
264.91  -4.647
265.02  -4.644
265.12  -4.641
265.23  -4.638
265.33  -4.635
265.43  -4.632
265.53  -4.629
265.64  -4.626
265.74  -4.623
265.85  -4.620
265.95  -4.618
266.05  -4.615
266.15  -4.613
266.25  -4.611
266.36  -4.609
266.46  -4.607
266.56  -4.605
266.66  -4.603
266.76  -4.601
266.87  -4.599
266.97  -4.597
267.07  -4.595
267.18  -4.593
267.28  -4.591
267.38  -4.589
267.48  -4.587
267.57  -4.585
267.67  -4.583
267.77  -4.581
267.88  -4.578
267.98  -4.576
268.08  -4.573
268.17  -4.571
268.28  -4.568
268.38  -4.566
268.48  -4.563
268.58  -4.561
268.68  -4.558
268.77  -4.556
268.88  -4.554
268.98  -4.551
269.08  -4.549
269.18  -4.546
269.28  -4.544
269.38  -4.542
269.48  -4.539
269.58  -4.537
269.68  -4.535
269.78  -4.532
269.88  -4.530
269.98  -4.528
270.08  -4.525
270.18  -4.523
270.28  -4.521
270.38  -4.519
270.48  -4.516
270.58  -4.514
270.69  -4.512
270.79  -4.510
270.88  -4.507
270.98  -4.505
271.08  -4.503
271.19  -4.501
271.29  -4.498
271.39  -4.496
271.49  -4.494
271.59  -4.492
271.69  -4.490
271.79  -4.488
271.89  -4.486
271.99  -4.483
272.09  -4.481
272.19  -4.479
272.29  -4.477
272.39  -4.475
272.49  -4.473
272.59  -4.471
272.69  -4.469
272.79  -4.467
272.89  -4.465
272.99  -4.463
273.09  -4.461
273.19  -4.459
273.29  -4.457
273.39  -4.455
273.49  -4.453
273.59  -4.451
273.69  -4.449
273.79  -4.447
273.90  -4.445
274.00  -4.443
274.10  -4.441
274.20  -4.440
274.30  -4.438
274.40  -4.436
274.50  -4.434
274.60  -4.432
274.70  -4.431
274.80  -4.429
274.90  -4.427
275.00  -4.426
275.10  -4.424
275.20  -4.422
275.30  -4.421
275.40  -4.419
275.50  -4.417
275.60  -4.415
275.70  -4.413
275.80  -4.411
275.90  -4.408
276.00  -4.406
276.10  -4.403
276.21  -4.401
276.31  -4.399
276.41  -4.396
276.51  -4.394
276.61  -4.392
276.71  -4.390
276.81  -4.388
276.91  -4.386
277.01  -4.384
277.11  -4.383
277.22  -4.381
277.31  -4.379
277.41  -4.377
277.51  -4.375
277.62  -4.373
277.72  -4.371
277.82  -4.369
277.92  -4.367
278.02  -4.365
278.12  -4.364
278.22  -4.362
278.32  -4.360
278.42  -4.358
278.52  -4.356
278.62  -4.355
278.73  -4.353
278.82  -4.351
278.93  -4.349
279.03  -4.346
279.13  -4.344
279.23  -4.342
279.33  -4.339
279.43  -4.337
279.63  -4.332
279.73  -4.330
279.84  -4.328
279.94  -4.325
280.04  -4.323
280.14  -4.320
280.24  -4.318
280.35  -4.316
280.45  -4.313
280.55  -4.311
280.65  -4.309
280.75  -4.307
280.85  -4.305
280.95  -4.303
281.05  -4.301
281.15  -4.299
281.25  -4.297
281.35  -4.295
281.46  -4.293
281.56  -4.291
281.66  -4.289
281.76  -4.287
281.86  -4.285
281.96  -4.283
282.07  -4.281
282.17  -4.279
282.27  -4.276
282.37  -4.274
282.47  -4.271
282.57  -4.268
282.67  -4.266
282.77  -4.263
282.87  -4.261
282.97  -4.259
283.08  -4.257
283.18  -4.255
283.28  -4.253
283.38  -4.251
283.48  -4.250
283.59  -4.248
283.69  -4.246
283.79  -4.244
283.89  -4.241
283.99  -4.239
284.09  -4.236
284.19  -4.234
284.29  -4.231
284.40  -4.229
284.50  -4.227
284.60  -4.224
284.70  -4.222
284.80  -4.220
284.90  -4.218
285.00  -4.216
285.11  -4.214
285.21  -4.212
285.31  -4.210
285.41  -4.207
285.51  -4.205
285.61  -4.203
285.72  -4.200
285.82  -4.198
285.92  -4.195
286.02  -4.193
286.12  -4.191
286.22  -4.188
286.32  -4.186
286.43  -4.184
286.53  -4.181
286.63  -4.179
286.73  -4.177
286.83  -4.174
286.93  -4.172
287.03  -4.170
287.13  -4.168
287.24  -4.166
287.34  -4.164
287.44  -4.162
287.54  -4.160
287.64  -4.157
287.74  -4.155
287.85  -4.153
287.95  -4.151
288.05  -4.149
288.15  -4.147
288.25  -4.145
288.35  -4.143
288.45  -4.141
288.55  -4.139
288.65  -4.136
288.76  -4.134
288.86  -4.132
288.96  -4.129
289.06  -4.126
289.16  -4.124
289.26  -4.121
289.36  -4.119
289.46  -4.116
289.57  -4.114
289.67  -4.111
289.77  -4.109
289.87  -4.106
289.97  -4.104
290.08  -4.101
290.18  -4.099
290.28  -4.096
290.38  -4.094
290.49  -4.092
290.59  -4.090
290.69  -4.088
290.79  -4.086
290.89  -4.084
290.99  -4.082
291.09  -4.080
291.20  -4.077
291.30  -4.075
291.40  -4.073
291.51  -4.071
291.61  -4.069
291.71  -4.067
291.81  -4.065
291.92  -4.063
292.02  -4.060
292.12  -4.058
292.22  -4.056
292.33  -4.054
292.43  -4.052
292.53  -4.049
292.64  -4.047
292.74  -4.045
292.84  -4.043
292.95  -4.040
293.05  -4.038
293.15  -4.035
293.25  -4.033
293.35  -4.030
293.46  -4.027
293.56  -4.024
293.66  -4.020
293.76  -4.017
293.86  -4.013
293.97  -4.010
294.07  -4.006
294.17  -4.003
294.27  -3.999
294.37  -3.995
294.47  -3.991
294.58  -3.988
294.68  -3.984
294.78  -3.980
294.88  -3.977
294.99  -3.973
295.09  -3.970
295.19  -3.966
295.29  -3.963
295.40  -3.960
295.50  -3.957
295.60  -3.954
295.70  -3.951
295.80  -3.948
295.91  -3.945
296.01  -3.942
296.11  -3.939
296.21  -3.936
296.32  -3.932
296.42  -3.929
296.52  -3.926
296.63  -3.924
296.73  -3.921
296.83  -3.919
296.93  -3.917
297.03  -3.915
297.13  -3.913
297.23  -3.911
297.33  -3.909
297.43  -3.907
297.53  -3.905
297.63  -3.902
297.73  -3.899
297.83  -3.896
297.92  -3.892
298.02  -3.889
298.12  -3.885
298.22  -3.882
298.32  -3.878
298.42  -3.875
298.52  -3.872
298.62  -3.869
298.71  -3.866
298.81  -3.863
298.92  -3.860
299.01  -3.857
299.11  -3.853
299.21  -3.850
299.31  -3.846
299.41  -3.843
299.51  -3.839
299.60  -3.836
299.70  -3.832
299.80  -3.829
299.90  -3.825
300.00  -3.822
300.09  -3.820
300.20  -3.817
300.29  -3.814
300.39  -3.812
300.49  -3.809
300.59  -3.806
300.68  -3.804
300.78  -3.801
300.88  -3.799
300.98  -3.796
301.08  -3.793
301.18  -3.791
301.28  -3.788
301.37  -3.785
301.47  -3.782
301.57  -3.779
301.67  -3.776
301.77  -3.772
301.87  -3.769
301.97  -3.765
302.07  -3.762
302.16  -3.758
302.26  -3.755
302.36  -3.751
302.46  -3.748
302.56  -3.744
302.66  -3.741
302.75  -3.737
302.85  -3.734
302.95  -3.731
303.05  -3.727
303.15  -3.725
303.24  -3.722
303.34  -3.720
303.44  -3.717
303.54  -3.715
303.64  -3.712
303.74  -3.710
303.84  -3.708
303.93  -3.706
304.03  -3.704
304.13  -3.702
304.23  -3.700
304.33  -3.699
304.43  -3.697
304.52  -3.694
304.62  -3.691
304.72  -3.688
304.82  -3.683
304.92  -3.679
305.02  -3.674
305.11  -3.670
305.21  -3.665
305.31  -3.661
305.41  -3.656
305.50  -3.653
305.60  -3.650
305.70  -3.648
305.80  -3.646
305.89  -3.644
305.99  -3.641
306.09  -3.639
306.19  -3.637
306.29  -3.635
306.39  -3.632
306.48  -3.630
306.58  -3.627
306.68  -3.625
306.78  -3.623
306.88  -3.620
306.97  -3.618
307.07  -3.616
307.17  -3.614
307.27  -3.613
307.36  -3.611
307.46  -3.609
307.56  -3.607
307.66  -3.605
307.76  -3.603
307.86  -3.601
307.96  -3.598
308.05  -3.596
308.15  -3.593
308.25  -3.590
308.35  -3.588
308.45  -3.585
308.55  -3.582
308.65  -3.579
308.74  -3.577
308.84  -3.574
308.94  -3.571
309.04  -3.569
309.14  -3.566
309.24  -3.562
309.33  -3.559
309.43  -3.555
309.53  -3.552
309.63  -3.548
309.73  -3.544
309.83  -3.539
309.92  -3.535
310.02  -3.531
310.12  -3.526
310.22  -3.522
310.32  -3.517
310.42  -3.512
310.52  -3.507
310.61  -3.502
310.71  -3.498
310.81  -3.494
310.91  -3.490
311.01  -3.486
311.11  -3.483
311.21  -3.480
311.31  -3.478
311.41  -3.475
311.50  -3.473
311.60  -3.471
311.70  -3.469
311.80  -3.467
311.90  -3.465
311.99  -3.463
312.09  -3.461
312.19  -3.460
312.29  -3.458
312.39  -3.456
312.49  -3.454
312.58  -3.452
312.68  -3.449
312.78  -3.447
312.88  -3.444
312.98  -3.442
313.08  -3.439
313.18  -3.436
313.28  -3.432
313.38  -3.429
313.47  -3.424
313.57  -3.420
313.67  -3.416
313.77  -3.411
313.87  -3.407
313.97  -3.403
314.06  -3.398
314.16  -3.394
314.26  -3.391
314.36  -3.387
314.46  -3.383
314.56  -3.380
314.65  -3.376
314.75  -3.373
314.85  -3.369
314.95  -3.365
315.05  -3.362
315.15  -3.358
315.25  -3.354
315.34  -3.351
315.44  -3.347
315.54  -3.343
315.64  -3.340
315.74  -3.337
315.83  -3.333
315.94  -3.330
316.03  -3.327
316.13  -3.324
316.23  -3.321
316.33  -3.318
316.43  -3.315
316.52  -3.312
316.62  -3.309
316.72  -3.307
316.81  -3.304
316.92  -3.301
317.01  -3.299
317.11  -3.296
317.21  -3.293
317.31  -3.291
317.41  -3.288
317.51  -3.285
317.61  -3.283
317.71  -3.280
317.80  -3.277
317.90  -3.275
318.00  -3.272
318.10  -3.269
318.20  -3.267
318.29  -3.264
318.39  -3.262
318.49  -3.259
318.59  -3.256
318.69  -3.254
318.78  -3.251
318.88  -3.249
318.98  -3.246
319.08  -3.244
319.18  -3.241
319.27  -3.238
319.37  -3.236
319.47  -3.233
319.57  -3.230
319.67  -3.228
319.77  -3.225
319.86  -3.222
319.97  -3.219
320.06  -3.216
320.16  -3.213
320.26  -3.210
320.36  -3.207
320.45  -3.204
320.56  -3.201
320.65  -3.198
320.75  -3.195
320.85  -3.192
320.95  -3.189
321.05  -3.186
321.14  -3.182
321.24  -3.179
321.34  -3.175
321.44  -3.171
321.54  -3.167
321.64  -3.164
321.73  -3.160
321.83  -3.156
321.93  -3.152
322.03  -3.149
322.13  -3.146
322.23  -3.143
322.32  -3.140
322.42  -3.137
322.52  -3.134
322.62  -3.131
322.72  -3.127
322.81  -3.124
322.91  -3.121
323.01  -3.118
323.11  -3.115
323.21  -3.111
323.31  -3.108
323.40  -3.105
323.50  -3.102
323.60  -3.098
323.70  -3.095
323.80  -3.092
323.89  -3.088
323.99  -3.085
324.09  -3.082
324.19  -3.078
324.28  -3.074
324.38  -3.071
324.48  -3.067
324.58  -3.063
324.67  -3.059
324.77  -3.055
324.87  -3.051
324.96  -3.047
325.06  -3.043
325.16  -3.040
325.26  -3.037
325.35  -3.034
325.45  -3.031
325.55  -3.029
325.65  -3.026
325.74  -3.024
325.83  -3.021
325.93  -3.019
326.02  -3.017
326.11  -3.015
326.21  -3.013
326.30  -3.011
326.40  -3.009
326.49  -3.007
326.59  -3.005
326.69  -3.003
326.78  -3.001
326.87  -2.999
326.96  -2.996
327.06  -2.994
327.16  -2.992
327.25  -2.989
327.35  -2.987
327.44  -2.985
327.53  -2.982
327.63  -2.980
327.73  -2.977
327.82  -2.975
327.91  -2.972
328.01  -2.970
328.10  -2.967
328.20  -2.964
328.29  -2.961
328.39  -2.957
328.48  -2.954
328.57  -2.950
328.67  -2.947
328.77  -2.943
328.86  -2.939
328.95  -2.936
329.05  -2.932
329.14  -2.929
329.24  -2.925
329.34  -2.921
329.43  -2.917
329.52  -2.913
329.62  -2.909
329.71  -2.903
329.81  -2.898
329.90  -2.892
330.00  -2.886
330.09  -2.880
330.19  -2.874
330.28  -2.868
330.38  -2.863
330.47  -2.858
330.57  -2.853
330.66  -2.849
330.76  -2.844
330.85  -2.840
330.95  -2.837
331.04  -2.833
331.14  -2.830
331.23  -2.827
331.33  -2.824
331.42  -2.821
331.52  -2.819
331.61  -2.816
331.71  -2.814
331.80  -2.813
331.90  -2.811
331.99  -2.809
332.09  -2.808
332.18  -2.807
332.28  -2.806
332.37  -2.805
332.47  -2.804
332.56  -2.802
332.66  -2.801
332.75  -2.799
332.85  -2.798
332.94  -2.796
333.04  -2.793
333.13  -2.791
333.23  -2.789
333.32  -2.786
333.42  -2.784
333.51  -2.781
333.61  -2.778
333.70  -2.775
333.80  -2.772
333.89  -2.768
333.99  -2.765
334.08  -2.762
334.18  -2.758
334.27  -2.755
334.37  -2.751
334.46  -2.748
334.56  -2.744
334.65  -2.740
334.75  -2.737
334.84  -2.733
334.94  -2.729
335.03  -2.725
335.13  -2.721
335.22  -2.717
335.32  -2.713
335.41  -2.710
335.51  -2.706
335.60  -2.702
335.70  -2.698
335.79  -2.693
335.89  -2.689
335.98  -2.685
336.08  -2.681
336.17  -2.676
336.27  -2.672
336.36  -2.668
336.45  -2.664
336.55  -2.661
336.65  -2.659
336.74  -2.656
336.84  -2.654
336.93  -2.651
337.03  -2.649
337.12  -2.646
337.22  -2.643
337.31  -2.638
337.40  -2.633
337.50  -2.628
337.60  -2.622
337.79  -2.611
337.88  -2.606
337.98  -2.601
338.07  -2.598
338.17  -2.595
338.26  -2.592
338.36  -2.589
338.46  -2.586
338.55  -2.583
338.64  -2.581
338.74  -2.578
338.84  -2.574
338.94  -2.570
339.03  -2.567
339.12  -2.563
339.22  -2.559
339.32  -2.555
339.41  -2.551
339.50  -2.547
339.60  -2.543
339.69  -2.540
339.79  -2.536
339.88  -2.533
339.98  -2.529
340.07  -2.526
340.17  -2.522
340.26  -2.519
340.36  -2.516
340.45  -2.512
340.55  -2.509
340.64  -2.506
340.74  -2.502
340.84  -2.499
340.93  -2.496
341.02  -2.492
341.12  -2.488
341.21  -2.484
341.31  -2.480
341.40  -2.476
341.50  -2.472
341.59  -2.468
341.69  -2.464
341.78  -2.460
341.88  -2.457
341.97  -2.454
342.07  -2.451
342.16  -2.448
342.26  -2.445
342.35  -2.442
342.45  -2.439
342.54  -2.436
342.64  -2.433
342.73  -2.430
342.83  -2.428
342.92  -2.425
343.02  -2.422
343.11  -2.419
343.21  -2.417
343.31  -2.414
343.40  -2.412
343.49  -2.409
343.59  -2.406
343.69  -2.404
343.78  -2.401
343.88  -2.399
343.97  -2.396
344.07  -2.393
344.16  -2.391
344.26  -2.388
344.35  -2.385
344.45  -2.382
344.54  -2.379
344.64  -2.376
344.73  -2.373
344.83  -2.370
344.93  -2.367
345.02  -2.364
345.12  -2.361
345.21  -2.358
345.31  -2.355
345.40  -2.352
345.50  -2.348
345.59  -2.345
345.69  -2.341
345.78  -2.336
345.88  -2.332
345.97  -2.327
346.07  -2.323
346.17  -2.318
346.26  -2.313
346.36  -2.309
346.45  -2.304
346.55  -2.300
346.64  -2.295
346.74  -2.291
346.84  -2.287
346.93  -2.283
347.03  -2.278
347.12  -2.274
347.22  -2.270
347.32  -2.266
347.41  -2.262
347.51  -2.258
347.60  -2.254
347.70  -2.250
347.80  -2.246
347.89  -2.243
347.99  -2.240
348.08  -2.237
348.18  -2.234
348.27  -2.232
348.37  -2.230
348.47  -2.227
348.56  -2.225
348.66  -2.222
348.76  -2.219
348.85  -2.216
348.95  -2.212
349.05  -2.209
349.14  -2.205
349.24  -2.202
349.33  -2.198
349.43  -2.195
349.53  -2.192
349.62  -2.189
349.72  -2.187
349.81  -2.184
349.91  -2.181
350.01  -2.179
350.10  -2.176
350.20  -2.173
350.29  -2.169
350.39  -2.166
350.49  -2.162
350.58  -2.158
350.68  -2.154
350.78  -2.150
350.87  -2.146
350.97  -2.142
351.06  -2.138
351.16  -2.134
351.26  -2.130
351.36  -2.126
351.45  -2.122
351.55  -2.118
351.65  -2.113
351.74  -2.109
351.84  -2.105
351.94  -2.102
352.04  -2.098
352.13  -2.094
352.23  -2.091
352.33  -2.087
352.42  -2.083
352.52  -2.080
352.61  -2.076
352.71  -2.073
352.81  -2.069
352.91  -2.065
353.01  -2.062
353.10  -2.058
353.20  -2.055
353.30  -2.052
353.39  -2.048
353.48  -2.045
353.58  -2.042
353.67  -2.038
353.77  -2.035
353.86  -2.032
353.95  -2.028
354.04  -2.025
354.14  -2.021
354.23  -2.017
354.32  -2.014
354.41  -2.010
354.51  -2.006
354.60  -2.002
354.70  -1.998
354.79  -1.994
354.88  -1.990
354.97  -1.986
355.06  -1.983
355.16  -1.979
355.25  -1.975
355.34  -1.971
355.44  -1.967
355.53  -1.963
355.62  -1.960
355.72  -1.956
355.81  -1.952
355.90  -1.948
355.99  -1.944
356.09  -1.941
356.18  -1.937
356.27  -1.933
356.37  -1.929
356.46  -1.926
356.55  -1.922
356.65  -1.918
356.74  -1.914
356.83  -1.910
356.92  -1.907
357.02  -1.903
357.11  -1.899
357.20  -1.895
357.29  -1.891
357.38  -1.888
357.48  -1.884
357.57  -1.880
357.66  -1.876
357.75  -1.872
357.85  -1.869
357.94  -1.865
358.03  -1.861
358.12  -1.857
358.21  -1.854
358.31  -1.850
358.40  -1.846
358.49  -1.842
358.58  -1.838
358.67  -1.834
358.77  -1.830
358.86  -1.826
358.95  -1.822
359.05  -1.818
359.14  -1.813
359.23  -1.809
359.33  -1.806
359.42  -1.802
359.51  -1.798
359.60  -1.794
359.69  -1.791
359.78  -1.787
359.88  -1.784
359.97  -1.780
360.06  -1.777
360.15  -1.773
360.25  -1.770
360.34  -1.767
360.43  -1.763
360.52  -1.760
360.61  -1.757
360.70  -1.754
360.80  -1.752
360.89  -1.750
360.98  -1.748
361.07  -1.747
361.16  -1.745
361.26  -1.743
361.35  -1.741
361.44  -1.738
361.53  -1.735
361.62  -1.732
361.71  -1.728
361.80  -1.725
361.89  -1.721
361.99  -1.717
362.08  -1.713
362.17  -1.709
362.26  -1.705
362.36  -1.700
362.45  -1.696
362.54  -1.693
362.63  -1.688
362.73  -1.684
362.82  -1.680
362.91  -1.677
363.00  -1.673
363.09  -1.670
363.18  -1.666
363.27  -1.663
363.37  -1.660
363.46  -1.657
363.55  -1.654
363.64  -1.651
363.73  -1.647
363.83  -1.644
363.92  -1.640
364.01  -1.637
364.10  -1.633
364.20  -1.629
364.29  -1.626
364.38  -1.622
364.47  -1.618
364.56  -1.615
364.65  -1.611
364.74  -1.607
364.83  -1.603
364.92  -1.599
365.02  -1.595
365.11  -1.591
365.20  -1.586
365.29  -1.582
365.38  -1.577
365.48  -1.572
365.57  -1.567
365.75  -1.557
365.85  -1.553
365.94  -1.549
366.03  -1.545
366.12  -1.542
366.21  -1.539
366.30  -1.535
366.39  -1.532
366.49  -1.529
366.58  -1.526
366.67  -1.522
366.76  -1.519
366.85  -1.516
366.94  -1.513
367.03  -1.510
367.12  -1.507
367.22  -1.503
367.31  -1.500
367.40  -1.496
367.49  -1.493
367.59  -1.489
367.68  -1.485
367.77  -1.481
367.86  -1.478
367.95  -1.474
368.05  -1.471
368.14  -1.467
368.23  -1.464
368.32  -1.462
368.41  -1.459
368.50  -1.456
368.59  -1.453
368.68  -1.450
368.78  -1.447
368.87  -1.444
368.96  -1.441
369.05  -1.438
369.14  -1.435
369.23  -1.431
369.32  -1.428
369.42  -1.425
369.51  -1.421
369.60  -1.418
369.69  -1.415
369.78  -1.412
369.87  -1.408
369.97  -1.405
370.06  -1.402
370.15  -1.398
370.24  -1.394
370.33  -1.390
370.43  -1.386
370.52  -1.382
370.61  -1.378
370.70  -1.374
370.79  -1.370
370.88  -1.365
370.97  -1.361
371.06  -1.356
371.15  -1.352
371.24  -1.348
371.34  -1.343
371.43  -1.339
371.52  -1.335
371.61  -1.330
371.70  -1.326
371.79  -1.321
371.89  -1.317
371.98  -1.312
372.07  -1.307
372.16  -1.303
372.25  -1.298
372.35  -1.293
372.44  -1.289
372.53  -1.285
372.62  -1.281
372.71  -1.277
372.80  -1.273
372.89  -1.270
372.98  -1.266
373.07  -1.262
373.17  -1.258
373.26  -1.254
373.35  -1.249
373.44  -1.245
373.53  -1.240
373.63  -1.236
373.72  -1.231
373.81  -1.227
373.90  -1.222
373.99  -1.218
374.08  -1.213
374.17  -1.209
374.26  -1.204
374.36  -1.200
374.44  -1.196
374.54  -1.191
374.63  -1.187
374.72  -1.183
374.81  -1.179
374.90  -1.175
374.99  -1.171
375.08  -1.167
375.17  -1.163
375.27  -1.159
375.36  -1.155
375.45  -1.151
375.54  -1.146
375.63  -1.142
375.72  -1.138
375.81  -1.133
375.90  -1.129
375.99  -1.125
376.08  -1.120
376.17  -1.116
376.27  -1.112
376.36  -1.109
376.45  -1.105
376.54  -1.101
376.63  -1.097
376.73  -1.094
376.82  -1.090
376.91  -1.086
377.00  -1.082
377.09  -1.079
377.18  -1.075
377.27  -1.071
377.36  -1.067
377.45  -1.063
377.54  -1.059
377.64  -1.055
377.73  -1.050
377.82  -1.046
377.91  -1.041
378.00  -1.037
378.09  -1.032
378.18  -1.028
378.27  -1.023
378.36  -1.018
378.46  -1.014
378.55  -1.009
378.64  -1.004
378.73  -1.000
378.82  -0.995
378.91  -0.991
379.00  -0.987
379.09  -0.984
379.18  -0.980
379.27  -0.977
379.36  -0.974
379.45  -0.972
379.54  -0.969
379.63  -0.966
379.72  -0.963
379.81  -0.960
379.90  -0.956
379.99  -0.953
380.08  -0.949
380.17  -0.946
380.25  -0.942
380.34  -0.939
380.43  -0.935
380.52  -0.931
380.60  -0.926
380.69  -0.922
380.78  -0.918
380.86  -0.913
380.95  -0.909
381.04  -0.904
381.13  -0.900
381.22  -0.896
381.30  -0.892
381.39  -0.888
381.48  -0.884
381.57  -0.880
381.65  -0.876
381.74  -0.872
381.83  -0.868
381.91  -0.865
382.00  -0.862
382.09  -0.860
382.18  -0.857
382.26  -0.854
382.35  -0.851
382.44  -0.848
382.53  -0.844
382.62  -0.840
382.70  -0.835
382.79  -0.830
382.88  -0.825
382.97  -0.819
383.05  -0.814
383.14  -0.809
383.23  -0.804
383.32  -0.801
383.41  -0.797
383.49  -0.794
383.58  -0.791
383.67  -0.788
383.76  -0.785
383.84  -0.782
383.93  -0.779
384.02  -0.775
384.11  -0.772
384.19  -0.768
384.29  -0.764
384.37  -0.761
384.46  -0.757
384.55  -0.753
384.63  -0.749
384.72  -0.744
384.81  -0.740
384.90  -0.735
384.99  -0.731
385.07  -0.726
385.16  -0.721
385.25  -0.717
385.34  -0.712
385.43  -0.707
385.51  -0.703
385.60  -0.698
385.69  -0.693
385.77  -0.689
385.86  -0.684
385.95  -0.680
386.04  -0.675
386.13  -0.671
386.21  -0.667
386.30  -0.663
386.39  -0.659
386.48  -0.655
386.56  -0.651
386.66  -0.647
386.74  -0.644
386.83  -0.640
386.92  -0.636
387.01  -0.633
387.09  -0.629
387.18  -0.626
387.27  -0.622
387.35  -0.619
387.44  -0.616
387.53  -0.613
387.62  -0.610
387.71  -0.607
387.79  -0.604
387.88  -0.601
387.97  -0.598
388.06  -0.595
388.15  -0.593
388.24  -0.590
388.32  -0.587
388.41  -0.584
388.50  -0.581
388.59  -0.579
388.67  -0.576
388.76  -0.573
388.85  -0.570
388.94  -0.567
389.03  -0.564
389.12  -0.560
389.20  -0.557
389.29  -0.554
389.38  -0.550
389.47  -0.547
389.56  -0.543
389.64  -0.540
389.73  -0.536
389.82  -0.532
389.91  -0.529
390.00  -0.525
390.09  -0.521
390.17  -0.517
390.26  -0.513
390.35  -0.509
390.44  -0.504
390.53  -0.500
390.61  -0.495
390.70  -0.491
390.79  -0.486
390.88  -0.482
390.97  -0.477
391.06  -0.472
391.14  -0.467
391.23  -0.462
391.32  -0.457
391.41  -0.453
391.50  -0.448
391.59  -0.443
391.67  -0.439
391.76  -0.436
391.85  -0.433
391.94  -0.429
392.02  -0.427
392.11  -0.424
392.20  -0.421
392.29  -0.418
392.38  -0.415
392.47  -0.411
392.55  -0.408
392.64  -0.403
392.73  -0.399
392.82  -0.395
392.90  -0.391
392.99  -0.387
393.08  -0.384
393.17  -0.381
393.26  -0.378
393.35  -0.375
393.44  -0.372
393.52  -0.369
393.61  -0.367
393.70  -0.364
393.79  -0.361
393.87  -0.358
393.96  -0.354
394.05  -0.351
394.14  -0.347
394.23  -0.343
394.32  -0.340
394.41  -0.336
394.49  -0.333
394.58  -0.330
394.67  -0.328
394.76  -0.325
394.85  -0.322
394.94  -0.320
395.03  -0.317
395.11  -0.314
395.20  -0.310
395.29  -0.306
395.38  -0.301
395.47  -0.296
395.56  -0.291
395.65  -0.286
395.74  -0.281
395.82  -0.276
395.91  -0.271
396.00  -0.266
396.09  -0.262
396.18  -0.258
396.26  -0.254
396.35  -0.251
396.44  -0.247
396.53  -0.243
396.62  -0.240
396.71  -0.236
396.80  -0.233
396.88  -0.229
396.97  -0.226
397.06  -0.222
397.15  -0.219
397.24  -0.216
397.33  -0.213
397.42  -0.210
397.50  -0.207
397.59  -0.204
397.68  -0.202
397.77  -0.199
397.86  -0.196
397.95  -0.194
398.04  -0.191
398.13  -0.189
398.22  -0.186
398.31  -0.184
398.40  -0.181
398.48  -0.178
398.57  -0.176
398.66  -0.173
398.75  -0.169
398.84  -0.166
398.92  -0.162
399.01  -0.158
399.10  -0.154
399.19  -0.150
399.28  -0.146
399.37  -0.141
399.46  -0.137
399.55  -0.132
399.63  -0.127
399.72  -0.122
399.81  -0.116
399.90  -0.111
399.99  -0.106
400.08  -0.101
400.17  -0.096
400.26  -0.092
400.35  -0.089
400.43  -0.085
400.52  -0.082
400.61  -0.078
400.70  -0.075
400.79  -0.072
400.88  -0.068
400.97  -0.064
401.06  -0.060
401.15  -0.056
401.24  -0.052
401.33  -0.048
401.42  -0.043
401.51  -0.038
401.60  -0.033
401.69  -0.028
401.77  -0.023
401.86  -0.017
401.95  -0.012
402.04  -0.006
402.13   0.000
402.22   0.007
402.31   0.013
402.40   0.020
402.49   0.027
402.58   0.035
402.67   0.042
402.76   0.050
402.85   0.057
402.93   0.065
403.02   0.072
403.12   0.079
403.20   0.086
403.29   0.093
403.38   0.100
403.47   0.107
403.56   0.113
403.65   0.120
403.74   0.126
403.83   0.133
403.92   0.140
404.01   0.146
404.10   0.152
404.19   0.159
404.28   0.164
404.37   0.170
404.46   0.175
404.55   0.180
404.64   0.184
404.73   0.188
404.82   0.191
404.90   0.195
405.00   0.198
405.08   0.201
405.17   0.204
405.26   0.207
405.35   0.209
405.44   0.211
405.53   0.214
405.62   0.216
405.71   0.218
405.80   0.221
405.88   0.224
405.97   0.228
406.06   0.233
406.14   0.238
406.23   0.243
406.31   0.248
406.40   0.253
406.48   0.258
406.57   0.262
406.65   0.264
406.74   0.266
406.82   0.267
406.91   0.268
407.00   0.269
407.08   0.271
407.17   0.272
407.25   0.275
407.34   0.278
407.42   0.282
407.51   0.287
407.59   0.292
407.68   0.297
407.76   0.302
407.85   0.307
407.94   0.313
408.02   0.317
408.10   0.322
408.19   0.326
408.28   0.330
408.36   0.334
408.44   0.338
408.53   0.343
408.62   0.347
408.70   0.351
408.79   0.355
408.87   0.359
408.96   0.363
409.04   0.366
409.13   0.370
409.21   0.374
409.30   0.377
409.38   0.381
409.47   0.385
409.55   0.389
409.64   0.392
409.73   0.396
409.81   0.400
409.89   0.403
409.98   0.406
410.07   0.409
410.15   0.411
410.23   0.414
410.32   0.416
410.40   0.418
410.49   0.420
410.58   0.423
410.66   0.425
410.75   0.429
410.83   0.433
410.92   0.437
411.00   0.441
411.08   0.445
411.17   0.450
411.26   0.454
411.34   0.458
411.42   0.462
411.51   0.466
411.60   0.470
411.68   0.474
411.76   0.478
411.85   0.482
411.94   0.486
412.02   0.490
412.10   0.495
412.19   0.499
412.27   0.504
412.36   0.508
412.45   0.513
412.53   0.517
412.62   0.522
412.70   0.526
412.79   0.530
412.87   0.533
412.96   0.536
413.04   0.540
413.13   0.543
413.21   0.546
413.29   0.549
413.38   0.552
413.46   0.556
413.55   0.560
413.64   0.564
413.72   0.568
413.80   0.572
413.89   0.576
413.97   0.580
414.06   0.584
414.14   0.588
414.23   0.591
414.31   0.595
414.40   0.598
414.48   0.602
414.56   0.606
414.65   0.610
414.73   0.615
414.82   0.620
414.90   0.625
414.99   0.631
415.07   0.637
415.15   0.643
415.24   0.648
415.33   0.654
415.41   0.659
415.50   0.664
415.58   0.668
415.67   0.673
415.75   0.676
415.84   0.680
415.92   0.684
416.00   0.687
416.09   0.690
416.17   0.691
416.26   0.693
416.34   0.694
416.43   0.695
416.51   0.696
416.60   0.697
416.69   0.698
416.77   0.700
416.85   0.703
416.94   0.708
417.02   0.712
417.11   0.717
417.19   0.723
417.28   0.728
417.36   0.733
417.45   0.739
417.53   0.744
417.61   0.748
417.70   0.753
417.78   0.758
417.87   0.763
417.95   0.767
418.04   0.772
418.12   0.777
418.21   0.783
418.30   0.788
418.38   0.794
418.46   0.800
418.55   0.805
418.64   0.810
418.72   0.816
418.80   0.820
418.89   0.824
418.97   0.828
419.06   0.832
419.14   0.835
419.22   0.838
419.31   0.841
419.40   0.844
419.48   0.847
419.56   0.850
419.65   0.853
419.73   0.856
419.82   0.859
419.90   0.862
419.99   0.865
420.07   0.868
420.16   0.871
420.24   0.874
420.33   0.877
420.41   0.879
420.49   0.882
420.58   0.885
420.66   0.889
420.75   0.892
420.83   0.896
420.92   0.900
421.00   0.904
421.09   0.908
421.17   0.913
421.26   0.918
421.34   0.923
421.43   0.928
421.51   0.933
421.60   0.938
421.68   0.943
421.77   0.948
421.85   0.954
421.93   0.959
422.02   0.964
422.10   0.969
422.19   0.975
422.27   0.980
422.35   0.985
422.44   0.989
422.53   0.994
422.61   0.999
422.69   1.004
422.78   1.008
422.86   1.013
422.95   1.018
423.03   1.023
423.11   1.027
423.20   1.032
423.28   1.036
423.37   1.041
423.45   1.045
423.53   1.049
423.62   1.053
423.70   1.057
423.79   1.061
423.87   1.064
423.96   1.068
424.04   1.071
424.13   1.075
424.21   1.078
424.29   1.081
424.38   1.084
424.47   1.087
424.55   1.090
424.63   1.093
424.72   1.097
424.80   1.100
424.89   1.104
424.97   1.108
425.05   1.112
425.14   1.116
425.23   1.121
425.31   1.126
425.40   1.131
425.48   1.135
425.56   1.140
425.65   1.145
425.73   1.150
425.81   1.154
425.90   1.159
425.98   1.163
426.07   1.168
426.15   1.172
426.23   1.176
426.32   1.180
426.41   1.184
426.49   1.187
426.57   1.191
426.66   1.194
426.74   1.197
426.83   1.200
426.91   1.204
426.99   1.207
427.08   1.209
427.17   1.212
427.25   1.215
427.33   1.218
427.42   1.221
427.51   1.224
427.59   1.228
427.67   1.232
427.76   1.236
427.84   1.240
427.93   1.244
428.01   1.248
428.10   1.253
428.18   1.257
428.27   1.261
428.35   1.264
428.44   1.268
428.52   1.271
428.61   1.274
428.69   1.277
428.78   1.280
428.86   1.283
428.94   1.287
429.03   1.291
429.11   1.294
429.20   1.298
429.28   1.302
429.37   1.306
429.45   1.310
429.54   1.315
429.62   1.318
429.70   1.322
429.79   1.326
429.87   1.330
429.96   1.333
430.04   1.337
430.13   1.341
430.21   1.345
430.29   1.350
430.38   1.354
430.46   1.360
430.55   1.365
430.63   1.370
430.71   1.376
430.79   1.381
430.87   1.386
430.95   1.391
431.04   1.396
431.12   1.400
431.20   1.404
431.28   1.408
431.36   1.412
431.44   1.416
431.52   1.420
431.60   1.424
431.68   1.428
431.77   1.432
431.85   1.436
431.93   1.440
432.01   1.444
432.09   1.448
432.17   1.452
432.26   1.456
432.34   1.460
432.42   1.464
432.50   1.468
432.58   1.472
432.66   1.476
432.74   1.480
432.83   1.484
432.91   1.488
432.99   1.492
433.07   1.496
433.15   1.500
433.23   1.504
433.31   1.508
433.40   1.512
433.48   1.516
433.56   1.520
433.64   1.523
433.72   1.527
433.80   1.530
433.88   1.534
433.96   1.538
434.05   1.541
434.13   1.545
434.21   1.548
434.29   1.552
434.37   1.556
434.45   1.559
434.53   1.563
434.61   1.567
434.69   1.570
434.78   1.574
434.86   1.578
434.94   1.582
435.02   1.586
435.10   1.590
435.18   1.594
435.26   1.598
435.34   1.602
435.42   1.606
435.51   1.610
435.59   1.614
435.67   1.619
435.74   1.623
435.83   1.628
435.91   1.633
435.99   1.637
436.08   1.642
436.15   1.647
436.24   1.651
436.32   1.656
436.40   1.660
436.48   1.665
436.56   1.670
436.64   1.674
436.73   1.679
436.81   1.683
436.89   1.688
436.97   1.693
437.05   1.698
437.14   1.703
437.21   1.707
437.29   1.712
437.38   1.717
437.46   1.721
437.54   1.725
437.62   1.729
437.70   1.733
437.78   1.736
437.87   1.740
437.95   1.743
438.03   1.747
438.11   1.751
438.19   1.755
438.27   1.759
438.35   1.763
438.43   1.768
438.52   1.772
438.60   1.776
438.68   1.780
438.76   1.785
438.84   1.788
438.92   1.792
439.01   1.796
439.08   1.800
439.17   1.804
439.25   1.808
439.33   1.812
439.41   1.816
439.49   1.821
439.57   1.826
439.66   1.831
439.74   1.836
439.82   1.841
439.90   1.846
439.98   1.852
440.06   1.858
440.14   1.865
440.22   1.872
440.30   1.879
440.38   1.886
440.46   1.893
440.55   1.900
440.63   1.907
440.71   1.913
440.79   1.918
440.87   1.922
440.95   1.926
441.03   1.929
441.11   1.932
441.20   1.935
441.28   1.938
441.36   1.941
441.44   1.944
441.52   1.946
441.61   1.949
441.69   1.952
441.77   1.955
441.85   1.958
441.93   1.961
442.01   1.963
442.09   1.966
442.17   1.969
442.26   1.973
442.34   1.976
442.42   1.979
442.50   1.982
442.58   1.986
442.66   1.989
442.74   1.992
442.83   1.996
442.90   1.999
442.99   2.003
443.07   2.006
443.15   2.010
443.23   2.014
443.31   2.017
443.40   2.021
443.48   2.025
443.56   2.029
443.64   2.033
443.72   2.038
443.80   2.042
443.89   2.046
443.97   2.050
444.05   2.055
444.13   2.060
444.21   2.065
444.30   2.070
444.38   2.075
444.46   2.080
444.54   2.085
444.62   2.089
444.70   2.092
444.79   2.095
444.87   2.098
444.95   2.100
445.03   2.103
445.11   2.105
445.19   2.108
445.28   2.110
445.36   2.113
445.44   2.116
445.52   2.119
445.60   2.122
445.68   2.125
445.76   2.128
445.84   2.131
445.92   2.135
446.01   2.139
446.09   2.143
446.17   2.147
446.25   2.151
446.34   2.156
446.42   2.160
446.50   2.165
446.58   2.170
446.66   2.174
446.74   2.179
446.83   2.183
446.91   2.188
446.99   2.193
447.07   2.197
447.16   2.202
447.24   2.208
447.32   2.213
447.40   2.219
447.48   2.225
447.56   2.231
447.65   2.237
447.73   2.242
447.81   2.248
447.89   2.254
447.97   2.259
448.06   2.264
448.14   2.268
448.22   2.273
448.30   2.277
448.38   2.282
448.47   2.286
448.55   2.290
448.63   2.294
448.71   2.299
448.79   2.303
448.87   2.307
448.96   2.311
449.04   2.315
449.12   2.319
449.20   2.324
449.28   2.328
449.36   2.332
449.45   2.336
449.53   2.340
449.61   2.344
449.69   2.349
449.78   2.353
449.86   2.357
449.94   2.361
450.02   2.366
450.10   2.370
450.19   2.374
450.27   2.379
450.35   2.383
450.43   2.388
450.51   2.392
450.60   2.397
450.68   2.401
450.76   2.406
450.84   2.410
450.92   2.415
451.00   2.419
451.09   2.424
451.17   2.429
451.25   2.434
451.33   2.438
451.42   2.443
451.50   2.448
451.58   2.453
451.67   2.457
451.75   2.462
451.83   2.467
451.92   2.471
452.00   2.476
452.08   2.480
452.16   2.485
452.24   2.489
452.33   2.494
452.41   2.498
452.49   2.503
452.58   2.507
452.66   2.512
452.74   2.516
452.82   2.521
452.90   2.525
452.99   2.530
453.07   2.534
453.15   2.538
453.23   2.541
453.31   2.545
453.40   2.548
453.48   2.551
453.56   2.554
453.64   2.557
453.73   2.560
453.81   2.563
453.89   2.566
453.97   2.570
454.06   2.573
454.14   2.577
454.22   2.580
454.30   2.584
454.38   2.587
454.46   2.591
454.54   2.595
454.62   2.598
454.69   2.602
454.78   2.606
454.85   2.610
454.93   2.613
455.01   2.617
455.08   2.620
455.16   2.623
455.24   2.625
455.32   2.628
455.40   2.630
455.48   2.633
455.56   2.635
455.64   2.638
455.71   2.641
455.79   2.645
455.87   2.650
455.95   2.654
456.03   2.659
456.10   2.664
456.18   2.669
456.26   2.674
456.34   2.679
456.42   2.683
456.50   2.688
456.58   2.693
456.66   2.698
456.74   2.702
456.81   2.707
456.89   2.712
456.97   2.716
457.05   2.719
457.13   2.722
457.21   2.725
457.29   2.728
457.37   2.731
457.44   2.734
457.52   2.738
457.60   2.741
457.68   2.745
457.76   2.749
457.84   2.753
457.92   2.757
458.00   2.761
458.07   2.766
458.15   2.770
458.23   2.775
458.31   2.780
458.39   2.785
458.47   2.791
458.54   2.796
458.62   2.801
458.70   2.806
458.78   2.811
458.86   2.816
458.94   2.819
459.02   2.823
459.09   2.826
459.18   2.828
459.25   2.831
459.33   2.834
459.41   2.836
459.49   2.839
459.57   2.841
459.65   2.844
459.72   2.847
459.81   2.850
459.89   2.853
459.96   2.856
460.04   2.860
460.12   2.863
460.20   2.867
460.28   2.872
460.35   2.876
460.44   2.881
460.52   2.886
460.60   2.891
460.67   2.896
460.75   2.900
460.83   2.904
460.91   2.907
460.99   2.910
461.07   2.913
461.14   2.916
461.22   2.920
461.30   2.923
461.38   2.927
461.46   2.932
461.54   2.937
461.62   2.942
461.70   2.948
461.77   2.953
461.85   2.959
461.93   2.965
462.01   2.970
462.09   2.976
462.17   2.981
462.24   2.987
462.32   2.992
462.40   2.997
462.47   3.002
462.56   3.008
462.63   3.013
462.71   3.017
462.80   3.022
462.87   3.026
462.95   3.031
463.03   3.035
463.11   3.039
463.19   3.044
463.26   3.048
463.34   3.052
463.42   3.057
463.50   3.061
463.58   3.065
463.66   3.070
463.73   3.074
463.81   3.078
463.89   3.083
463.97   3.087
464.05   3.092
464.13   3.097
464.20   3.102
464.28   3.107
464.36   3.112
464.44   3.117
464.52   3.121
464.59   3.124
464.67   3.127
464.75   3.130
464.83   3.133
464.91   3.136
464.98   3.139
465.06   3.142
465.15   3.146
465.22   3.151
465.30   3.157
465.38   3.163
465.46   3.169
465.54   3.175
465.61   3.181
465.69   3.188
465.77   3.194
465.85   3.200
465.93   3.206
466.01   3.212
466.08   3.218
466.16   3.224
466.24   3.229
466.32   3.235
466.40   3.239
466.48   3.243
466.56   3.246
466.63   3.249
466.71   3.251
466.79   3.254
466.87   3.256
466.95   3.258
467.03   3.261
467.10   3.264
467.18   3.268
467.26   3.272
467.34   3.276
467.42   3.280
467.50   3.284
467.57   3.288
467.65   3.292
467.73   3.296
467.81   3.300
467.89   3.303
467.97   3.307
468.05   3.311
468.13   3.315
468.20   3.319
468.28   3.323
468.36   3.327
468.44   3.332
468.52   3.337
468.60   3.342
468.67   3.347
468.75   3.352
468.83   3.357
468.91   3.362
468.99   3.368
469.06   3.373
469.14   3.379
469.22   3.384
469.30   3.389
469.38   3.395
469.46   3.400
469.54   3.404
469.62   3.407
469.69   3.410
469.77   3.413
469.85   3.415
469.93   3.417
470.01   3.419
470.09   3.422
470.17   3.425
470.25   3.429
470.32   3.433
470.40   3.438
470.48   3.443
470.56   3.448
470.64   3.452
470.71   3.457
470.80   3.462
470.87   3.466
470.95   3.471
471.03   3.475
471.11   3.479
471.19   3.483
471.27   3.487
471.35   3.491
471.42   3.494
471.50   3.498
471.58   3.501
471.66   3.504
471.74   3.507
471.82   3.510
471.90   3.513
471.98   3.516
472.05   3.519
472.13   3.523
472.21   3.526
472.29   3.530
472.37   3.534
472.44   3.538
472.52   3.542
472.60   3.546
472.68   3.549
472.76   3.553
472.84   3.556
472.92   3.559
473.00   3.562
473.08   3.565
473.16   3.569
473.24   3.573
473.31   3.578
473.39   3.584
473.48   3.591
473.55   3.598
473.63   3.605
473.71   3.613
473.79   3.620
473.87   3.627
473.95   3.633
474.03   3.638
474.11   3.642
474.19   3.646
474.26   3.649
474.34   3.652
474.42   3.655
474.50   3.658
474.58   3.661
474.66   3.664
474.74   3.668
474.82   3.672
474.89   3.676
474.97   3.680
475.05   3.684
475.14   3.688
475.21   3.692
475.29   3.696
475.37   3.701
475.45   3.706
475.53   3.711
475.61   3.716
475.69   3.721
475.76   3.726
475.84   3.731
475.92   3.735
476.00   3.740
476.08   3.744
476.16   3.749
476.24   3.753
476.32   3.758
476.40   3.762
476.48   3.766
476.56   3.771
476.64   3.775
476.72   3.779
476.80   3.784
476.87   3.788
476.95   3.792
477.03   3.796
477.11   3.799
477.19   3.802
477.26   3.805
477.33   3.808
477.41   3.811
477.49   3.814
477.56   3.817
477.64   3.820
477.71   3.822
477.79   3.825
477.86   3.828
477.94   3.831
478.01   3.835
478.09   3.838
478.16   3.841
478.24   3.845
478.31   3.849
478.39   3.854
478.46   3.859
478.54   3.864
478.61   3.869
478.69   3.875
478.76   3.880
478.84   3.885
478.91   3.890
478.99   3.895
479.07   3.899
479.14   3.902
479.22   3.906
479.29   3.910
479.37   3.914
479.44   3.917
479.52   3.921
479.59   3.925
479.67   3.929
479.74   3.933
479.81   3.937
479.89   3.942
479.97   3.946
480.04   3.951
480.11   3.956
480.19   3.962
480.27   3.968
480.34   3.975
480.42   3.981
480.49   3.988
480.57   3.995
480.64   4.001
480.72   4.007
480.79   4.013
480.87   4.018
480.94   4.023
481.02   4.027
481.09   4.032
481.17   4.036
481.24   4.040
481.32   4.044
481.39   4.048
481.47   4.051
481.54   4.055
481.62   4.059
481.69   4.062
481.77   4.066
481.84   4.070
481.92   4.073
481.99   4.077
482.07   4.081
482.14   4.085
482.22   4.089
482.29   4.094
482.37   4.098
482.44   4.102
482.52   4.107
482.59   4.113
482.66   4.118
482.74   4.124
482.82   4.130
482.89   4.136
482.97   4.142
483.04   4.147
483.11   4.152
483.19   4.155
483.26   4.158
483.34   4.160
483.41   4.162
483.49   4.164
483.56   4.167
483.63   4.169
483.71   4.171
483.78   4.174
483.86   4.177
483.93   4.181
484.01   4.184
484.08   4.188
484.16   4.192
484.23   4.196
484.30   4.200
484.38   4.205
484.45   4.210
484.53   4.215
484.60   4.220
484.68   4.226
484.76   4.231
484.83   4.237
484.90   4.242
484.98   4.247
485.05   4.252
485.13   4.256
485.20   4.261
485.28   4.265
485.35   4.270
485.43   4.274
485.50   4.279
485.58   4.284
485.65   4.289
485.73   4.294
485.80   4.299
485.88   4.304
485.95   4.309
486.03   4.314
486.10   4.318
486.18   4.322
486.25   4.326
486.32   4.330
486.40   4.333
486.48   4.337
486.55   4.340
486.62   4.343
486.70   4.347
486.78   4.350
486.85   4.353
486.93   4.357
487.00   4.360
487.08   4.364
487.15   4.367
487.23   4.371
487.30   4.375
487.38   4.379
487.45   4.382
487.53   4.386
487.60   4.390
487.68   4.395
487.75   4.399
487.83   4.403
487.91   4.408
487.98   4.412
488.05   4.417
488.13   4.422
488.21   4.427
488.28   4.433
488.36   4.438
488.44   4.442
488.51   4.447
488.58   4.451
488.66   4.455
488.74   4.459
488.81   4.463
488.89   4.467
488.97   4.470
489.04   4.474
489.11   4.477
489.19   4.480
489.27   4.484
489.34   4.487
489.42   4.490
489.49   4.493
489.57   4.496
489.64   4.499
489.72   4.502
489.79   4.506
489.87   4.509
489.94   4.513
490.02   4.517
490.09   4.520
490.17   4.524
490.25   4.528
490.32   4.532
490.40   4.535
490.47   4.539
490.55   4.543
490.63   4.547
490.70   4.551
490.78   4.555
490.85   4.559
490.93   4.564
491.00   4.568
491.08   4.572
491.16   4.576
491.23   4.581
491.30   4.585
491.38   4.590
491.46   4.594
491.53   4.599
491.61   4.604
491.68   4.610
491.76   4.615
491.84   4.620
491.91   4.626
491.99   4.631
492.06   4.637
492.13   4.642
492.21   4.647
492.29   4.651
492.36   4.656
492.44   4.660
492.52   4.664
492.59   4.668
492.67   4.672
492.74   4.676
492.82   4.681
492.89   4.685
492.97   4.689
493.05   4.693
493.12   4.697
493.20   4.701
493.27   4.704
493.35   4.707
493.43   4.709
493.51   4.711
493.58   4.712
493.65   4.713
493.73   4.714
493.81   4.715
493.88   4.717
493.96   4.719
494.03   4.721
494.11   4.725
494.19   4.728
494.26   4.732
494.34   4.736
494.41   4.741
494.49   4.746
494.56   4.751
494.64   4.756
494.71   4.762
494.79   4.768
494.87   4.774
494.94   4.781
495.02   4.787
495.10   4.793
495.17   4.799
495.24   4.805
495.31   4.811
495.39   4.816
495.47   4.821
495.54   4.826
495.62   4.832
495.70   4.837
495.77   4.842
495.85   4.848
495.93   4.853
496.00   4.859
496.08   4.865
496.15   4.870
496.23   4.876
496.30   4.881
496.38   4.887
496.46   4.892
496.53   4.897
496.61   4.902
496.68   4.907
496.76   4.911
496.84   4.916
496.91   4.921
496.99   4.926
497.06   4.930
497.14   4.935
497.22   4.939
497.29   4.943
497.37   4.948
497.45   4.952
497.52   4.957
497.60   4.961
497.67   4.966
497.75   4.971
497.83   4.976
497.90   4.981
497.98   4.986
498.06   4.991
498.13   4.996
498.21   5.001
498.28   5.005
498.36   5.009
498.44   5.013
498.51   5.016
498.59   5.020
498.66   5.023
498.74   5.027
498.81   5.030
498.89   5.034
498.96   5.038
499.04   5.042
499.11   5.046
499.18   5.050
499.25   5.055
499.33   5.059
499.40   5.062
499.47   5.066
499.54   5.069
499.61   5.072
499.68   5.075
499.76   5.078
499.83   5.082
499.90   5.085
499.97   5.089
500.04   5.093
500.12   5.098
500.19   5.103
500.26   5.108
500.33   5.113
500.40   5.119
500.47   5.124
500.55   5.129
500.62   5.135
500.69   5.140
500.76   5.146
500.83   5.151
500.91   5.156
500.98   5.161
501.05   5.166
501.12   5.171
501.19   5.174
501.27   5.178
501.34   5.180
501.41   5.183
501.48   5.186
501.55   5.188
501.63   5.191
