  
  DOI/GTN-P Deep Borehole Array, Arctic Alaska 
             U.S. Geological Survey 
            Processed Temperature Log 
                    24-Aug-2013 
________________________________________________ 
  
Temperature Log Information: 
  Well name:   Awuna Test Well #1 
  File name:   AWU_84JUL29_c_d 
  Log date:    29-JUL-1984 
  
Contact Information: 
  Gary Clow 
  U.S. Geological Survey 
  clow@usgs.gov 
  
Definitions: 
  Depth:        Depth below local ground surface (m) 
  Temperature:  ITS-90 temperature (°C) 
________________________________________________ 
             
 Depth  Temperature 
 14.02  -6.019
 14.33  -6.003
 14.63  -5.986
 14.94  -5.972
 15.24  -5.959
 15.54  -5.949
 15.85  -5.939
 16.15  -5.930
 16.46  -5.921
 16.76  -5.913
 17.07  -5.906
 17.37  -5.900
 17.68  -5.895
 17.98  -5.890
 18.29  -5.887
 18.59  -5.884
 18.90  -5.881
 19.20  -5.879
 19.51  -5.878
 19.81  -5.878
 20.12  -5.878
 20.42  -5.879
 20.73  -5.881
 21.03  -5.882
 21.34  -5.884
 21.64  -5.886
 21.95  -5.888
 22.25  -5.889
 22.56  -5.889
 22.86  -5.889
 23.16  -5.889
 23.47  -5.890
 23.77  -5.891
 24.08  -5.894
 24.38  -5.897
 24.69  -5.901
 24.99  -5.906
 25.30  -5.913
 25.60  -5.919
 25.91  -5.926
 26.21  -5.933
 26.52  -5.940
 26.82  -5.947
 27.13  -5.954
 27.43  -5.961
 27.74  -5.967
 28.04  -5.974
 28.35  -5.980
 28.65  -5.988
 28.96  -5.995
 29.26  -6.003
 29.57  -6.012
 29.87  -6.021
 30.18  -6.030
 30.48  -6.040
 30.78  -6.049
 31.09  -6.057
 31.39  -6.065
 31.70  -6.072
 32.00  -6.077
 32.31  -6.080
 32.61  -6.081
 32.92  -6.081
 33.22  -6.081
 33.53  -6.082
 33.83  -6.082
 34.14  -6.083
 34.44  -6.083
 34.75  -6.084
 35.05  -6.084
 35.36  -6.084
 35.66  -6.085
 35.97  -6.085
 36.27  -6.085
 36.58  -6.085
 36.88  -6.085
 37.19  -6.085
 37.49  -6.084
 37.80  -6.084
 38.10  -6.083
 38.40  -6.082
 38.71  -6.081
 39.01  -6.080
 39.32  -6.079
 39.62  -6.078
 39.93  -6.077
 40.23  -6.076
 40.54  -6.075
 40.84  -6.073
 41.15  -6.072
 41.45  -6.070
 41.76  -6.069
 42.06  -6.067
 42.37  -6.065
 42.67  -6.063
 42.98  -6.062
 43.28  -6.060
 43.59  -6.057
 43.89  -6.055
 44.20  -6.053
 44.50  -6.050
 44.81  -6.047
 45.11  -6.043
 45.42  -6.040
 45.72  -6.037
 46.02  -6.033
 46.33  -6.030
 46.63  -6.026
 46.94  -6.023
 47.24  -6.019
 47.55  -6.016
 47.85  -6.013
 48.16  -6.009
 48.46  -6.006
 48.77  -6.002
 49.07  -5.999
 49.38  -5.995
 49.68  -5.991
 49.99  -5.988
 50.29  -5.984
 50.60  -5.980
 50.90  -5.977
 51.21  -5.973
 51.51  -5.969
 51.82  -5.965
 52.12  -5.961
 52.43  -5.957
 52.73  -5.953
 53.04  -5.949
 53.34  -5.945
 53.64  -5.941
 53.95  -5.937
 54.25  -5.934
 54.56  -5.930
 54.86  -5.926
 55.17  -5.922
 55.47  -5.918
 55.78  -5.914
 56.08  -5.910
 56.39  -5.906
 56.69  -5.902
 57.00  -5.897
 57.30  -5.893
 57.61  -5.888
 57.91  -5.884
 58.22  -5.879
 58.52  -5.875
 58.83  -5.870
 59.13  -5.865
 59.44  -5.860
 59.74  -5.855
 60.05  -5.850
 60.35  -5.845
 60.66  -5.840
 60.96  -5.835
 61.26  -5.829
 61.57  -5.824
 61.87  -5.819
 62.18  -5.814
 62.48  -5.809
 62.79  -5.804
 63.09  -5.798
 63.40  -5.793
 63.70  -5.788
 64.01  -5.783
 64.31  -5.778
 64.62  -5.772
 64.92  -5.767
 65.23  -5.762
 65.53  -5.757
 65.84  -5.751
 66.14  -5.746
 66.45  -5.741
 66.75  -5.736
 67.06  -5.730
 67.36  -5.725
 67.67  -5.720
 67.97  -5.715
 68.28  -5.709
 68.58  -5.704
 68.88  -5.698
 69.19  -5.693
 69.49  -5.687
 69.80  -5.681
 70.10  -5.676
 70.41  -5.670
 70.71  -5.664
 71.02  -5.659
 71.32  -5.653
 71.63  -5.647
 71.93  -5.642
 72.24  -5.636
 72.54  -5.631
 72.85  -5.625
 73.15  -5.619
 73.46  -5.614
 73.76  -5.608
 74.07  -5.602
 74.37  -5.596
 74.68  -5.590
 74.98  -5.584
 75.29  -5.578
 75.59  -5.573
 75.90  -5.567
 76.20  -5.561
 76.50  -5.555
 76.81  -5.549
 77.11  -5.543
 77.42  -5.537
 77.72  -5.531
 78.03  -5.525
 78.33  -5.519
 78.64  -5.513
 78.94  -5.508
 79.25  -5.502
 79.55  -5.496
 79.86  -5.490
 80.16  -5.484
 80.47  -5.478
 80.77  -5.472
 81.08  -5.465
 81.38  -5.459
 81.69  -5.452
 81.99  -5.446
 82.30  -5.439
 82.60  -5.432
 82.91  -5.425
 83.21  -5.419
 83.52  -5.412
 83.82  -5.406
 84.12  -5.400
 84.43  -5.393
 84.73  -5.387
 85.04  -5.381
 85.34  -5.374
 85.65  -5.368
 85.95  -5.362
 86.26  -5.355
 86.56  -5.348
 86.87  -5.342
 87.17  -5.335
 87.48  -5.328
 87.78  -5.321
 88.09  -5.315
 88.39  -5.309
 88.70  -5.303
 89.00  -5.297
 89.31  -5.291
 89.61  -5.285
 89.92  -5.279
 90.22  -5.272
 90.53  -5.265
 90.83  -5.257
 91.14  -5.249
 91.44  -5.241
 92.05  -5.224
 92.35  -5.216
 92.66  -5.208
 92.96  -5.201
 93.27  -5.194
 93.57  -5.188
 93.88  -5.182
 94.18  -5.176
 94.49  -5.170
 94.79  -5.164
 95.10  -5.158
 95.40  -5.151
 95.71  -5.144
 96.01  -5.137
 96.32  -5.129
 96.62  -5.122
 96.93  -5.114
 97.23  -5.106
 97.54  -5.098
 97.84  -5.091
 98.15  -5.083
 98.45  -5.076
 98.76  -5.069
 99.06  -5.063
 99.36  -5.056
 99.67  -5.049
 99.97  -5.042
100.28  -5.034
100.58  -5.027
100.89  -5.020
101.19  -5.012
101.50  -5.004
101.80  -4.997
102.11  -4.989
102.41  -4.982
102.72  -4.974
103.02  -4.966
103.33  -4.958
103.63  -4.951
103.94  -4.943
104.24  -4.935
104.55  -4.927
104.85  -4.919
105.16  -4.911
105.46  -4.904
105.77  -4.896
106.07  -4.888
106.38  -4.880
106.68  -4.872
106.98  -4.864
107.29  -4.856
107.59  -4.849
107.90  -4.841
108.20  -4.833
108.51  -4.825
108.81  -4.817
109.12  -4.810
109.42  -4.802
109.73  -4.794
110.03  -4.786
110.34  -4.778
110.64  -4.771
110.95  -4.763
111.25  -4.755
111.56  -4.747
111.86  -4.739
112.17  -4.731
112.47  -4.723
112.78  -4.715
113.08  -4.706
113.39  -4.698
113.69  -4.690
114.00  -4.681
114.30  -4.673
114.60  -4.664
114.91  -4.656
115.21  -4.647
115.52  -4.639
115.82  -4.630
116.13  -4.622
116.43  -4.614
116.74  -4.605
117.04  -4.597
117.35  -4.589
117.65  -4.580
117.96  -4.572
118.26  -4.564
118.57  -4.556
118.87  -4.548
119.18  -4.540
119.48  -4.532
119.79  -4.523
120.09  -4.515
120.40  -4.507
120.70  -4.499
121.01  -4.490
121.31  -4.482
121.62  -4.474
121.92  -4.466
122.22  -4.457
122.53  -4.448
122.83  -4.439
123.14  -4.430
123.44  -4.420
123.75  -4.411
124.05  -4.403
124.36  -4.394
124.66  -4.386
124.97  -4.379
125.27  -4.373
125.58  -4.367
125.88  -4.361
126.19  -4.355
126.49  -4.348
126.80  -4.341
127.10  -4.334
127.41  -4.326
127.71  -4.317
128.02  -4.308
128.32  -4.299
128.63  -4.289
128.93  -4.280
129.24  -4.270
129.54  -4.260
129.84  -4.250
130.15  -4.241
130.45  -4.231
130.76  -4.222
131.06  -4.212
131.37  -4.203
131.67  -4.194
131.98  -4.184
132.28  -4.176
132.59  -4.167
132.89  -4.158
133.20  -4.150
133.50  -4.142
133.81  -4.133
134.11  -4.125
134.42  -4.116
134.72  -4.107
135.03  -4.098
135.33  -4.088
135.64  -4.079
135.94  -4.070
136.25  -4.060
136.55  -4.051
136.86  -4.042
137.16  -4.032
137.46  -4.023
137.77  -4.014
138.07  -4.006
138.38  -3.997
138.68  -3.988
138.99  -3.979
139.29  -3.970
139.60  -3.962
139.90  -3.953
140.21  -3.945
140.51  -3.937
140.82  -3.928
141.12  -3.920
141.43  -3.912
141.73  -3.903
142.04  -3.894
142.34  -3.885
142.65  -3.875
142.95  -3.866
143.26  -3.856
143.56  -3.847
143.87  -3.837
144.17  -3.828
144.48  -3.819
144.78  -3.810
145.08  -3.801
145.39  -3.792
145.69  -3.783
146.00  -3.774
146.30  -3.765
146.61  -3.756
146.91  -3.747
147.22  -3.738
147.52  -3.729
147.83  -3.719
148.13  -3.710
148.44  -3.701
148.74  -3.692
149.05  -3.682
149.35  -3.673
149.66  -3.663
149.96  -3.652
150.27  -3.642
150.57  -3.632
150.88  -3.622
151.18  -3.612
151.49  -3.603
151.79  -3.594
152.10  -3.586
152.40  -3.577
153.31  -3.553
153.62  -3.545
153.92  -3.537
154.23  -3.529
154.53  -3.521
154.84  -3.512
155.14  -3.504
155.45  -3.495
155.75  -3.487
156.06  -3.478
156.36  -3.469
156.67  -3.460
156.97  -3.450
157.28  -3.441
157.58  -3.431
157.89  -3.421
158.19  -3.411
158.50  -3.401
158.80  -3.391
159.11  -3.382
159.41  -3.372
159.72  -3.363
160.02  -3.354
160.32  -3.345
160.63  -3.335
160.93  -3.326
161.24  -3.316
161.54  -3.306
161.85  -3.295
162.15  -3.285
162.46  -3.274
162.76  -3.264
163.07  -3.254
163.37  -3.244
163.68  -3.234
163.98  -3.225
164.29  -3.217
164.59  -3.209
164.90  -3.201
165.20  -3.194
165.51  -3.186
165.81  -3.178
166.12  -3.170
166.42  -3.162
166.73  -3.154
167.03  -3.146
167.34  -3.137
167.64  -3.129
167.94  -3.120
168.25  -3.112
168.55  -3.103
168.86  -3.095
169.16  -3.086
169.47  -3.077
169.77  -3.068
170.08  -3.059
170.38  -3.050
170.69  -3.041
170.99  -3.032
171.30  -3.022
171.60  -3.013
171.91  -3.003
172.21  -2.993
172.52  -2.983
172.82  -2.973
173.13  -2.963
173.43  -2.952
173.74  -2.942
174.04  -2.932
174.35  -2.922
174.65  -2.912
174.96  -2.902
175.26  -2.892
175.56  -2.882
175.87  -2.872
176.17  -2.862
176.48  -2.852
176.78  -2.841
177.09  -2.831
177.39  -2.821
177.70  -2.811
178.00  -2.801
178.31  -2.792
178.61  -2.783
178.92  -2.775
179.22  -2.767
179.53  -2.759
179.83  -2.751
180.14  -2.742
180.44  -2.733
180.75  -2.723
181.05  -2.713
181.36  -2.702
181.66  -2.690
181.97  -2.678
182.27  -2.667
182.58  -2.655
182.88  -2.643
183.18  -2.632
183.49  -2.622
183.79  -2.612
184.10  -2.602
184.40  -2.593
184.71  -2.583
185.01  -2.574
185.32  -2.565
185.62  -2.556
185.93  -2.548
186.23  -2.540
186.54  -2.532
186.84  -2.524
187.15  -2.515
187.45  -2.507
187.76  -2.498
188.06  -2.489
188.37  -2.478
188.67  -2.468
188.98  -2.457
189.28  -2.446
189.59  -2.434
189.89  -2.423
190.20  -2.412
190.50  -2.402
190.80  -2.391
191.11  -2.381
191.41  -2.371
191.72  -2.362
192.02  -2.352
192.33  -2.342
192.63  -2.332
192.94  -2.322
193.24  -2.311
193.55  -2.300
193.85  -2.289
194.16  -2.278
194.46  -2.267
194.77  -2.257
195.07  -2.246
195.38  -2.235
195.68  -2.224
195.99  -2.214
196.29  -2.204
196.60  -2.194
196.90  -2.183
197.21  -2.173
197.51  -2.163
197.82  -2.153
198.12  -2.142
198.42  -2.132
198.73  -2.122
199.03  -2.111
199.34  -2.101
199.64  -2.090
199.95  -2.080
200.25  -2.070
200.56  -2.060
200.86  -2.049
201.17  -2.039
201.47  -2.029
201.78  -2.019
202.08  -2.009
202.39  -1.999
202.69  -1.989
203.00  -1.979
203.30  -1.969
203.61  -1.959
203.91  -1.949
204.22  -1.938
204.52  -1.928
204.83  -1.918
205.13  -1.908
205.44  -1.898
205.74  -1.887
206.04  -1.877
206.35  -1.866
206.65  -1.856
206.96  -1.846
207.26  -1.835
207.57  -1.825
207.87  -1.815
208.18  -1.805
208.48  -1.795
208.79  -1.785
209.09  -1.775
209.40  -1.765
209.70  -1.756
210.01  -1.746
210.31  -1.737
210.62  -1.728
210.92  -1.718
211.23  -1.709
211.53  -1.700
211.84  -1.691
212.14  -1.682
212.45  -1.673
212.75  -1.664
213.06  -1.655
213.36  -1.645
213.66  -1.636
213.97  -1.627
214.27  -1.617
214.58  -1.608
214.88  -1.599
215.19  -1.589
215.49  -1.579
215.80  -1.569
216.10  -1.559
216.41  -1.550
216.71  -1.540
217.02  -1.530
217.32  -1.521
217.63  -1.511
217.93  -1.502
218.24  -1.493
218.54  -1.484
218.85  -1.475
219.15  -1.467
219.46  -1.458
219.76  -1.449
220.07  -1.440
220.37  -1.431
220.68  -1.423
220.98  -1.414
221.28  -1.405
221.59  -1.396
221.89  -1.387
222.20  -1.379
222.50  -1.370
222.81  -1.361
223.11  -1.352
223.42  -1.343
223.72  -1.334
224.03  -1.325
224.33  -1.316
224.64  -1.307
224.94  -1.299
225.25  -1.290
225.55  -1.281
225.86  -1.273
226.16  -1.264
226.47  -1.255
226.77  -1.247
227.08  -1.238
227.38  -1.230
227.69  -1.222
227.99  -1.214
228.30  -1.206
228.60  -1.198
228.90  -1.190
229.21  -1.182
229.51  -1.174
229.82  -1.165
230.12  -1.157
230.43  -1.148
230.73  -1.139
231.04  -1.131
231.34  -1.122
231.65  -1.113
231.95  -1.105
232.26  -1.096
232.56  -1.088
232.87  -1.080
233.17  -1.072
233.48  -1.064
233.78  -1.055
234.09  -1.047
234.39  -1.039
234.70  -1.032
235.00  -1.024
235.31  -1.016
235.61  -1.008
235.92  -1.000
236.22  -0.993
236.52  -0.985
236.83  -0.977
237.13  -0.969
237.44  -0.961
237.74  -0.952
238.05  -0.944
238.35  -0.936
238.66  -0.927
238.96  -0.919
239.27  -0.910
239.57  -0.901
239.88  -0.891
240.18  -0.882
240.49  -0.872
240.79  -0.863
241.10  -0.853
241.40  -0.844
241.71  -0.835
242.01  -0.826
242.32  -0.818
242.62  -0.811
242.93  -0.803
243.23  -0.795
243.54  -0.787
243.84  -0.780
244.14  -0.771
244.45  -0.763
244.75  -0.754
245.06  -0.744
245.36  -0.735
245.67  -0.725
245.97  -0.716
246.28  -0.707
246.58  -0.698
246.89  -0.689
247.19  -0.680
247.50  -0.671
247.80  -0.662
248.11  -0.654
248.41  -0.645
248.72  -0.636
249.02  -0.628
249.33  -0.619
249.63  -0.610
249.94  -0.602
250.24  -0.593
250.55  -0.584
250.85  -0.575
251.16  -0.565
251.46  -0.556
251.76  -0.546
252.07  -0.536
252.37  -0.526
252.68  -0.515
252.98  -0.505
253.29  -0.494
253.59  -0.483
253.90  -0.471
254.20  -0.459
254.51  -0.446
254.81  -0.433
255.12  -0.420
255.42  -0.407
255.73  -0.393
256.03  -0.380
256.34  -0.367
256.64  -0.354
256.95  -0.341
257.25  -0.329
257.56  -0.316
257.86  -0.304
258.17  -0.291
258.47  -0.279
258.78  -0.267
259.08  -0.254
259.38  -0.242
259.69  -0.230
259.99  -0.218
260.30  -0.206
260.60  -0.194
260.91  -0.182
261.21  -0.171
261.52  -0.159
261.82  -0.148
262.13  -0.136
262.43  -0.125
262.74  -0.114
263.04  -0.103
263.35  -0.093
263.65  -0.082
263.96  -0.073
264.26  -0.063
264.57  -0.054
264.87  -0.045
265.18  -0.036
265.48  -0.027
265.79  -0.018
266.09  -0.009
266.40   0.001
266.70   0.011
267.00   0.021
267.31   0.031
267.61   0.040
267.92   0.050
268.22   0.060
268.53   0.070
268.83   0.080
269.14   0.090
269.44   0.100
269.75   0.110
270.05   0.120
270.36   0.129
270.66   0.139
270.97   0.148
271.27   0.158
271.58   0.168
271.88   0.177
272.19   0.186
272.49   0.195
272.80   0.205
273.10   0.214
273.41   0.222
273.71   0.229
274.02   0.236
274.32   0.243
274.93   0.257
275.23   0.264
275.54   0.271
275.84   0.280
276.15   0.289
276.45   0.298
276.76   0.308
277.06   0.319
277.37   0.329
277.67   0.339
277.98   0.350
278.28   0.360
278.59   0.369
278.89   0.378
279.20   0.387
279.50   0.396
279.81   0.405
280.11   0.413
280.42   0.422
280.72   0.430
281.03   0.438
281.33   0.445
281.64   0.453
281.94   0.460
282.24   0.467
282.55   0.474
282.85   0.481
283.16   0.489
283.46   0.496
283.77   0.504
284.07   0.512
284.38   0.521
284.68   0.529
284.99   0.537
285.29   0.545
285.60   0.554
285.90   0.562
286.21   0.570
286.51   0.578
286.82   0.586
287.12   0.594
287.43   0.603
287.73   0.611
288.04   0.621
288.34   0.631
288.65   0.641
288.95   0.652
289.26   0.663
289.56   0.674
289.86   0.685
290.17   0.697
290.47   0.707
290.78   0.717
291.08   0.727
291.39   0.737
291.69   0.746
292.00   0.755
292.30   0.764
292.61   0.774
292.91   0.783
293.22   0.792
293.52   0.801
293.83   0.810
294.13   0.819
294.44   0.828
294.74   0.837
295.05   0.846
295.35   0.855
295.66   0.864
295.96   0.873
296.27   0.882
296.57   0.892
296.88   0.901
297.18   0.910
297.48   0.919
297.79   0.929
298.09   0.938
298.40   0.948
298.70   0.958
299.01   0.968
299.31   0.978
299.62   0.988
299.92   0.998
300.23   1.007
300.53   1.016
300.84   1.025
301.14   1.034
301.45   1.042
301.75   1.051
302.06   1.060
302.36   1.068
302.67   1.077
302.97   1.086
303.28   1.095
303.58   1.105
303.89   1.114
304.19   1.124
304.50   1.133
304.80   1.142
305.10   1.152
305.41   1.161
305.71   1.170
306.02   1.180
306.32   1.189
306.63   1.198
306.93   1.207
307.24   1.217
307.54   1.226
307.85   1.235
308.15   1.245
308.46   1.254
308.76   1.263
309.07   1.273
309.37   1.282
309.68   1.291
309.98   1.300
310.29   1.309
310.59   1.318
310.90   1.326
311.20   1.335
311.51   1.343
311.81   1.352
312.12   1.360
312.42   1.369
312.72   1.378
313.03   1.387
313.33   1.396
313.64   1.405
313.94   1.414
314.25   1.423
314.55   1.432
314.86   1.441
315.16   1.450
315.47   1.458
315.77   1.467
316.08   1.476
316.38   1.484
316.69   1.493
316.99   1.502
317.30   1.511
317.60   1.520
317.91   1.529
318.21   1.538
318.52   1.547
318.82   1.556
319.13   1.565
319.43   1.574
319.74   1.583
320.04   1.593
320.34   1.602
320.65   1.612
320.95   1.621
321.26   1.631
321.56   1.640
321.87   1.649
322.17   1.658
322.48   1.667
322.78   1.675
323.09   1.684
323.39   1.692
323.70   1.700
324.00   1.708
324.31   1.716
324.61   1.724
324.92   1.733
325.22   1.741
325.53   1.750
325.83   1.759
326.14   1.768
326.44   1.776
326.75   1.785
327.05   1.794
327.36   1.804
327.66   1.813
327.96   1.822
328.27   1.832
328.57   1.841
328.88   1.850
329.18   1.860
329.49   1.869
329.79   1.877
330.10   1.885
330.40   1.893
330.71   1.901
331.01   1.910
331.32   1.918
331.62   1.926
331.93   1.934
332.23   1.942
332.54   1.950
332.84   1.959
333.15   1.967
333.45   1.976
333.76   1.984
334.06   1.993
334.37   2.003
334.67   2.013
336.19   2.068
336.50   2.079
336.80   2.088
337.11   2.096
337.41   2.102
337.72   2.109
338.02   2.115
338.33   2.122
338.63   2.129
338.94   2.136
339.24   2.144
339.55   2.152
339.85   2.160
340.16   2.169
340.46   2.178
340.77   2.187
341.07   2.196
341.38   2.205
341.68   2.214
341.99   2.222
342.29   2.231
342.60   2.239
342.90   2.248
343.20   2.256
343.51   2.265
343.81   2.273
344.12   2.282
344.42   2.291
344.73   2.300
345.03   2.309
345.34   2.318
345.64   2.327
345.95   2.336
346.25   2.345
346.56   2.354
346.86   2.363
347.17   2.373
347.47   2.382
347.78   2.392
348.08   2.401
348.39   2.411
348.69   2.420
349.00   2.430
349.30   2.439
349.61   2.449
349.91   2.458
350.22   2.467
350.52   2.477
350.82   2.486
351.13   2.495
351.43   2.504
351.74   2.513
352.04   2.522
352.35   2.531
352.65   2.540
352.96   2.549
353.26   2.558
353.57   2.567
353.87   2.576
354.18   2.585
354.48   2.594
354.79   2.602
355.09   2.611
355.40   2.620
355.70   2.629
356.01   2.638
356.31   2.647
356.62   2.657
356.92   2.666
357.23   2.676
357.53   2.685
357.84   2.695
358.14   2.704
358.44   2.714
358.75   2.723
359.05   2.733
359.36   2.742
359.66   2.751
359.97   2.760
360.27   2.769
360.58   2.779
360.88   2.788
361.19   2.796
361.49   2.805
361.80   2.814
362.10   2.823
362.41   2.832
362.71   2.840
363.02   2.849
363.32   2.858
363.63   2.866
363.93   2.875
364.24   2.884
364.54   2.893
364.85   2.902
365.15   2.911
365.46   2.919
365.76   2.928
366.06   2.937
366.37   2.945
366.67   2.954
366.98   2.962
367.28   2.971
367.59   2.980
367.89   2.988
368.20   2.996
368.50   3.004
368.81   3.012
369.11   3.019
369.42   3.025
369.72   3.032
370.03   3.039
370.33   3.047
370.64   3.055
370.94   3.063
371.25   3.072
371.55   3.082
371.86   3.092
372.16   3.102
372.47   3.112
372.77   3.122
373.08   3.132
373.38   3.142
373.68   3.151
373.99   3.160
374.29   3.169
374.60   3.177
374.90   3.186
375.21   3.194
375.51   3.203
375.82   3.211
376.12   3.220
376.43   3.228
376.73   3.237
377.04   3.246
377.34   3.254
377.65   3.263
377.95   3.272
378.26   3.280
378.56   3.289
378.87   3.297
379.17   3.306
379.48   3.315
379.78   3.323
380.09   3.332
380.39   3.341
380.70   3.349
381.00   3.358
381.30   3.367
381.61   3.375
381.91   3.384
382.22   3.393
382.52   3.401
382.83   3.410
383.13   3.419
383.44   3.427
383.74   3.436
384.05   3.445
384.35   3.453
384.66   3.462
384.96   3.471
385.27   3.479
385.57   3.488
385.88   3.497
386.18   3.506
386.49   3.514
386.79   3.523
387.10   3.532
387.40   3.541
387.71   3.549
388.01   3.558
388.32   3.567
388.62   3.575
388.92   3.584
389.23   3.592
389.53   3.601
389.84   3.610
390.14   3.619
390.45   3.628
390.75   3.637
391.06   3.646
391.36   3.656
391.67   3.666
391.97   3.676
392.28   3.685
392.58   3.695
392.89   3.704
393.19   3.714
393.50   3.723
393.80   3.732
394.11   3.741
394.41   3.750
394.72   3.758
395.02   3.767
395.33   3.776
395.63   3.784
395.94   3.793
396.24   3.801
396.54   3.810
396.85   3.818
397.15   3.827
397.46   3.835
397.76   3.843
398.07   3.850
398.37   3.857
398.68   3.865
398.98   3.872
399.29   3.879
399.59   3.887
399.90   3.894
400.20   3.902
400.51   3.911
400.81   3.920
401.12   3.930
401.42   3.939
401.73   3.949
402.03   3.958
402.34   3.968
402.64   3.977
402.95   3.986
403.25   3.995
403.56   4.003
403.86   4.011
404.16   4.020
404.47   4.028
404.77   4.037
405.08   4.045
405.38   4.054
405.69   4.062
405.99   4.071
406.30   4.080
406.60   4.088
406.91   4.097
407.21   4.105
407.52   4.113
407.82   4.121
408.13   4.129
408.43   4.136
408.74   4.144
409.04   4.152
409.35   4.159
409.65   4.167
409.96   4.175
410.26   4.183
410.57   4.192
410.87   4.201
411.18   4.209
411.48   4.218
411.78   4.227
412.09   4.236
412.39   4.245
412.70   4.254
413.00   4.263
413.31   4.271
413.61   4.280
413.92   4.289
414.22   4.298
414.53   4.307
414.83   4.316
415.14   4.324
415.44   4.333
415.75   4.341
416.05   4.350
416.36   4.358
416.66   4.367
416.97   4.375
417.27   4.384
417.58   4.393
417.88   4.402
418.19   4.412
418.49   4.421
418.80   4.431
419.10   4.440
419.40   4.450
419.71   4.459
420.01   4.468
420.32   4.477
420.62   4.486
420.93   4.494
421.23   4.504
421.54   4.513
421.84   4.523
422.15   4.532
422.45   4.541
422.76   4.550
423.06   4.559
423.37   4.568
423.67   4.578
423.98   4.589
424.28   4.600
424.59   4.612
424.89   4.624
425.20   4.636
425.50   4.649
425.81   4.661
427.94   4.729
428.24   4.735
428.55   4.741
428.85   4.747
429.16   4.753
429.46   4.760
429.77   4.769
430.07   4.779
430.38   4.789
430.68   4.799
430.99   4.810
431.29   4.820
431.60   4.830
431.90   4.841
432.21   4.851
432.51   4.860
432.82   4.870
433.12   4.879
433.43   4.889
433.73   4.899
434.04   4.908
434.34   4.917
434.64   4.926
434.95   4.935
435.25   4.944
435.56   4.953
435.86   4.962
436.17   4.971
436.47   4.980
436.78   4.989
437.08   4.998
437.39   5.008
437.69   5.018
438.00   5.028
438.30   5.038
438.61   5.047
438.91   5.057
439.22   5.067
439.52   5.076
439.83   5.086
440.13   5.095
440.44   5.104
440.74   5.114
441.05   5.123
441.35   5.132
441.66   5.141
441.96   5.151
442.26   5.160
442.57   5.170
442.87   5.180
443.18   5.189
443.48   5.199
443.79   5.208
444.09   5.218
444.40   5.227
444.70   5.236
445.01   5.246
445.31   5.255
445.62   5.265
445.92   5.274
446.23   5.284
446.53   5.293
446.84   5.303
447.14   5.312
447.45   5.322
447.75   5.332
448.06   5.342
448.36   5.352
448.67   5.362
448.97   5.372
449.28   5.382
449.58   5.392
449.88   5.403
450.19   5.413
450.49   5.423
450.80   5.434
451.10   5.444
451.41   5.455
451.71   5.465
452.02   5.475
452.32   5.485
452.63   5.495
452.93   5.506
453.24   5.516
453.54   5.526
453.85   5.536
454.15   5.545
454.46   5.555
454.76   5.565
455.07   5.574
455.37   5.584
455.68   5.594
455.98   5.604
456.29   5.613
456.59   5.623
456.90   5.633
457.20   5.643
457.50   5.654
457.81   5.664
458.11   5.673
458.42   5.684
458.72   5.694
459.03   5.706
459.33   5.717
459.64   5.729
459.94   5.741
460.25   5.752
460.55   5.763
460.86   5.773
461.16   5.783
461.47   5.791
461.77   5.799
462.08   5.806
462.38   5.814
462.69   5.822
462.99   5.831
463.30   5.841
463.60   5.850
463.91   5.861
464.21   5.872
464.52   5.883
464.82   5.895
465.12   5.906
465.43   5.918
465.73   5.930
466.04   5.942
466.34   5.953
466.65   5.963
466.95   5.973
467.26   5.983
467.56   5.993
467.87   6.003
468.17   6.013
468.48   6.022
468.78   6.031
469.09   6.040
469.39   6.049
469.70   6.058
470.00   6.066
470.31   6.075
470.61   6.083
470.92   6.092
471.22   6.101
471.53   6.111
471.83   6.121
472.14   6.130
472.44   6.140
472.74   6.150
473.05   6.160
473.35   6.171
473.66   6.181
473.96   6.192
474.27   6.202
474.57   6.213
474.88   6.224
475.18   6.235
475.49   6.245
475.79   6.256
476.10   6.267
476.40   6.277
476.71   6.287
477.01   6.298
477.32   6.308
477.62   6.318
477.93   6.328
478.23   6.338
478.54   6.348
478.84   6.358
479.15   6.368
479.45   6.377
479.76   6.387
480.06   6.397
480.36   6.406
480.67   6.416
480.97   6.426
481.28   6.435
481.58   6.445
481.89   6.454
482.19   6.464
482.50   6.473
482.80   6.483
483.11   6.492
483.41   6.502
483.72   6.512
484.02   6.521
484.33   6.531
484.63   6.540
484.94   6.550
485.24   6.560
485.55   6.569
485.85   6.579
486.16   6.588
486.46   6.597
486.77   6.607
487.07   6.616
487.38   6.626
487.68   6.635
487.98   6.645
488.29   6.655
488.59   6.665
488.90   6.675
489.20   6.685
489.51   6.695
489.81   6.705
490.12   6.715
490.42   6.725
490.73   6.735
491.03   6.745
491.34   6.754
491.64   6.764
491.95   6.773
492.25   6.783
492.56   6.792
492.86   6.801
493.17   6.809
493.47   6.817
493.78   6.824
494.08   6.832
494.39   6.839
494.69   6.847
495.00   6.854
495.30   6.862
495.60   6.870
495.91   6.879
496.21   6.888
496.52   6.896
496.82   6.905
497.13   6.915
497.43   6.924
497.74   6.934
498.04   6.943
498.35   6.953
498.65   6.964
498.96   6.974
499.26   6.984
499.57   6.995
499.87   7.005
500.18   7.016
500.48   7.026
500.79   7.036
501.09   7.046
501.40   7.056
501.70   7.066
502.01   7.076
502.31   7.086
502.62   7.096
502.92   7.105
503.22   7.115
503.53   7.125
503.83   7.135
504.14   7.144
504.44   7.154
504.75   7.163
505.05   7.173
505.36   7.183
505.66   7.192
505.97   7.202
506.27   7.212
506.58   7.222
506.88   7.231
507.19   7.241
507.49   7.251
507.80   7.260
508.10   7.270
508.41   7.279
508.71   7.288
509.02   7.298
509.32   7.307
509.63   7.316
509.93   7.326
510.24   7.336
510.54   7.345
510.84   7.355
511.15   7.365
511.45   7.375
511.76   7.385
512.06   7.395
512.37   7.404
512.67   7.414
512.98   7.424
513.28   7.433
513.59   7.443
513.89   7.453
514.20   7.463
514.50   7.472
514.81   7.482
515.11   7.492
515.42   7.501
515.72   7.511
516.03   7.521
516.33   7.530
516.64   7.540
516.94   7.550
517.25   7.561
517.55   7.572
519.07   7.630
519.38   7.641
519.68   7.650
519.99   7.657
520.29   7.663
520.60   7.668
520.90   7.673
521.21   7.678
521.51   7.684
521.82   7.690
522.12   7.697
522.43   7.706
522.73   7.717
523.04   7.728
523.34   7.739
523.65   7.750
523.95   7.760
524.26   7.770
524.56   7.780
524.87   7.789
525.17   7.798
525.48   7.807
525.78   7.816
526.08   7.825
526.39   7.833
526.69   7.842
527.00   7.850
527.30   7.859
527.61   7.867
527.91   7.876
528.22   7.885
528.52   7.893
528.83   7.902
529.13   7.910
529.44   7.919
529.74   7.928
530.05   7.937
530.35   7.946
530.66   7.955
530.96   7.964
531.27   7.973
531.57   7.982
531.88   7.991
532.18   8.000
532.49   8.009
532.79   8.018
533.10   8.027
533.40   8.036
533.70   8.045
534.01   8.054
534.31   8.063
534.62   8.072
534.92   8.081
535.23   8.090
535.53   8.099
535.84   8.108
536.14   8.116
536.45   8.125
536.75   8.134
537.06   8.142
537.36   8.150
537.67   8.157
537.97   8.165
538.28   8.173
538.58   8.180
538.89   8.188
539.19   8.196
539.50   8.204
539.80   8.212
540.11   8.220
540.41   8.229
540.72   8.237
541.02   8.245
541.32   8.254
541.63   8.263
541.93   8.272
542.24   8.281
542.54   8.290
542.85   8.299
543.15   8.308
543.46   8.317
543.76   8.326
544.07   8.335
544.37   8.344
544.68   8.352
544.98   8.360
545.29   8.368
545.59   8.375
545.90   8.383
546.20   8.390
546.51   8.398
546.81   8.405
547.12   8.412
547.42   8.418
547.73   8.425
548.03   8.432
548.34   8.438
548.64   8.445
548.94   8.451
549.25   8.458
549.55   8.464
549.86   8.471
550.16   8.478
550.47   8.485
550.77   8.491
551.08   8.498
551.38   8.505
551.69   8.512
551.99   8.519
552.30   8.526
552.60   8.533
552.91   8.541
553.21   8.548
553.52   8.555
553.82   8.562
554.13   8.569
554.43   8.576
554.74   8.583
555.04   8.590
555.35   8.597
555.65   8.604
555.96   8.610
556.26   8.617
556.56   8.624
556.87   8.631
557.17   8.638
557.48   8.645
557.78   8.652
558.09   8.659
558.39   8.666
558.70   8.673
559.00   8.680
559.31   8.687
559.61   8.693
559.92   8.700
560.22   8.707
560.53   8.714
560.83   8.721
561.14   8.728
561.44   8.735
561.75   8.742
562.05   8.748
562.36   8.755
562.66   8.762
562.97   8.769
563.27   8.776
563.58   8.782
563.88   8.789
564.18   8.796
564.49   8.803
564.79   8.810
565.10   8.817
565.40   8.824
565.71   8.831
566.01   8.838
566.32   8.845
566.62   8.851
566.93   8.858
567.23   8.865
567.54   8.872
567.84   8.879
568.15   8.886
568.45   8.893
568.76   8.900
569.06   8.907
569.37   8.914
569.67   8.921
569.98   8.929
570.28   8.936
570.59   8.943
570.89   8.950
571.20   8.957
571.50   8.964
571.80   8.971
572.11   8.978
572.41   8.985
572.72   8.992
573.02   8.999
573.33   9.006
573.63   9.013
573.94   9.021
574.24   9.028
574.55   9.035
574.85   9.042
575.16   9.049
575.46   9.056
575.77   9.063
576.07   9.070
576.38   9.078
576.68   9.085
576.99   9.092
577.29   9.099
577.60   9.106
577.90   9.114
578.21   9.121
578.51   9.128
578.82   9.135
579.12   9.142
579.42   9.149
579.73   9.156
580.03   9.163
580.34   9.170
580.64   9.177
580.95   9.184
581.25   9.191
581.56   9.198
581.86   9.205
582.17   9.211
582.47   9.218
582.78   9.225
583.08   9.232
583.39   9.239
583.69   9.246
584.00   9.253
584.30   9.260
584.61   9.267
584.91   9.275
585.22   9.282
585.52   9.289
585.83   9.297
586.13   9.304
586.44   9.312
586.74   9.319
587.04   9.327
587.35   9.334
587.65   9.342
587.96   9.350
588.26   9.357
588.57   9.365
588.87   9.372
589.18   9.380
589.48   9.388
589.79   9.395
590.09   9.403
590.40   9.411
590.70   9.418
591.01   9.426
591.31   9.434
591.62   9.441
591.92   9.449
592.23   9.457
592.53   9.465
592.84   9.473
593.14   9.480
593.45   9.488
593.75   9.496
594.06   9.504
594.36   9.511
594.66   9.519
594.97   9.527
595.27   9.535
595.58   9.542
595.88   9.550
596.19   9.558
596.49   9.566
596.80   9.573
597.10   9.581
597.41   9.589
597.71   9.597
598.02   9.604
598.32   9.612
598.63   9.620
598.93   9.628
599.24   9.635
599.54   9.643
599.85   9.651
600.15   9.659
600.46   9.667
600.76   9.675
601.07   9.683
601.37   9.691
601.68   9.700
601.98   9.708
602.28   9.716
602.59   9.724
602.89   9.733
603.20   9.741
603.50   9.750
603.81   9.758
604.11   9.767
604.42   9.776
604.72   9.784
605.03   9.793
605.33   9.801
605.64   9.809
605.94   9.817
606.25   9.826
606.55   9.834
606.86   9.843
607.16   9.852
607.47   9.862
607.77   9.872
608.08   9.883
608.38   9.895
608.69   9.906
608.99   9.918
610.51   9.968
610.82   9.976
611.12   9.984
611.43   9.993
611.73  10.000
612.04  10.008
612.34  10.016
612.65  10.024
612.95  10.032
613.26  10.040
613.56  10.048
613.87  10.057
614.17  10.065
614.48  10.073
614.78  10.082
615.09  10.092
615.39  10.102
615.70  10.112
616.00  10.123
616.31  10.133
616.61  10.144
616.92  10.154
617.22  10.164
617.52  10.174
617.83  10.184
618.13  10.193
618.44  10.203
618.74  10.212
619.05  10.222
619.35  10.231
619.66  10.240
619.96  10.249
620.27  10.258
620.57  10.267
620.88  10.276
621.18  10.284
621.49  10.293
621.79  10.302
622.10  10.310
622.40  10.319
622.71  10.328
623.01  10.336
623.32  10.345
623.62  10.354
623.93  10.363
624.23  10.372
624.54  10.380
624.84  10.389
625.14  10.398
625.45  10.408
625.75  10.417
626.06  10.426
626.36  10.435
626.67  10.443
626.97  10.452
627.28  10.461
627.58  10.469
627.89  10.477
628.19  10.485
628.50  10.493
628.80  10.501
629.11  10.509
629.41  10.516
629.72  10.524
630.02  10.531
630.33  10.538
630.63  10.545
630.94  10.552
631.24  10.558
631.55  10.565
631.85  10.572
632.16  10.580
632.46  10.587
632.76  10.594
633.07  10.602
633.37  10.610
633.68  10.617
633.98  10.625
634.29  10.633
634.59  10.641
634.90  10.650
635.20  10.658
635.51  10.667
635.81  10.675
636.12  10.684
636.42  10.693
636.73  10.702
637.03  10.710
637.34  10.719
637.64  10.728
637.95  10.737
638.25  10.745
638.56  10.754
638.86  10.763
639.17  10.771
639.47  10.779
639.78  10.787
640.08  10.795
640.38  10.803
640.69  10.811
640.99  10.819
641.30  10.826
641.60  10.834
641.91  10.842
642.21  10.850
642.52  10.858
642.82  10.866
643.13  10.874
643.43  10.882
643.74  10.890
644.04  10.898
644.35  10.905
644.65  10.912
644.96  10.920
645.26  10.927
645.57  10.934
645.87  10.942
646.18  10.949
646.48  10.957
646.79  10.966
647.09  10.975
647.40  10.984
647.70  10.993
648.00  11.003
648.31  11.012
648.61  11.022
648.92  11.032
649.22  11.042
649.53  11.052
649.83  11.062
650.14  11.072
650.44  11.082
650.75  11.092
651.05  11.102
651.36  11.112
651.66  11.122
651.97  11.131
652.27  11.141
652.58  11.150
652.88  11.159
653.19  11.169
653.49  11.178
653.80  11.187
654.10  11.196
654.41  11.205
654.71  11.213
655.02  11.222
655.32  11.230
655.62  11.238
655.93  11.246
656.23  11.254
656.54  11.262
656.84  11.271
657.15  11.279
657.45  11.287
657.76  11.295
658.06  11.301
658.37  11.308
658.67  11.314
658.98  11.318
659.28  11.321
659.59  11.325
659.89  11.328
660.20  11.333
660.50  11.338
660.81  11.343
661.11  11.350
661.42  11.358
661.72  11.366
662.03  11.376
662.33  11.385
663.55  11.427
663.85  11.437
665.38  11.487
665.68  11.497
665.99  11.506
666.29  11.514
666.60  11.520
666.90  11.527
667.21  11.534
667.51  11.540
667.82  11.547
668.12  11.554
668.43  11.563
668.73  11.574
669.04  11.588
669.34  11.602
669.65  11.616
669.95  11.629
670.26  11.641
670.56  11.653
670.86  11.665
671.17  11.675
671.47  11.685
671.78  11.695
672.08  11.703
672.39  11.712
672.69  11.719
673.00  11.727
673.30  11.734
673.61  11.741
673.91  11.748
674.22  11.755
674.52  11.761
674.83  11.767
675.13  11.773
675.44  11.778
675.74  11.783
676.05  11.789
676.35  11.794
676.66  11.799
676.96  11.804
677.27  11.808
677.57  11.813
677.88  11.817
678.18  11.821
678.48  11.825
678.79  11.829
679.09  11.833
679.40  11.836
679.70  11.840
680.01  11.843
680.31  11.846
680.62  11.849
680.92  11.852
681.23  11.855
681.53  11.858
681.84  11.861
682.14  11.865
682.45  11.868
682.75  11.871
683.06  11.874
683.36  11.877
683.67  11.880
683.97  11.884
684.28  11.887
684.58  11.891
684.89  11.894
685.19  11.898
685.50  11.902
685.80  11.907
686.10  11.912
686.41  11.917
686.71  11.922
687.02  11.928
687.32  11.933
687.63  11.939
687.93  11.944
688.24  11.949
688.54  11.954
688.85  11.959
689.15  11.964
689.46  11.970
689.76  11.975
690.07  11.981
690.37  11.988
690.68  11.994
690.98  12.002
691.29  12.009
691.59  12.017
691.90  12.025
692.20  12.034
692.51  12.043
692.81  12.052
693.12  12.062
693.42  12.072
693.72  12.083
694.03  12.093
694.33  12.104
694.64  12.115
694.94  12.126
695.25  12.137
695.55  12.149
695.86  12.160
696.16  12.171
696.47  12.182
696.77  12.194
697.08  12.205
697.38  12.215
697.69  12.226
697.99  12.236
698.30  12.245
698.60  12.255
698.91  12.264
699.21  12.274
699.52  12.283
699.82  12.293
700.13  12.304
700.43  12.317
702.26  12.395
702.56  12.404
704.09  12.420
704.39  12.422
704.70  12.424
705.00  12.427
705.31  12.434
705.61  12.443
705.92  12.452
706.22  12.462
706.53  12.471
706.83  12.480
707.14  12.489
707.44  12.498
707.75  12.506
708.05  12.514
708.36  12.521
708.66  12.529
708.96  12.536
709.27  12.544
709.57  12.552
709.88  12.560
710.18  12.568
710.49  12.577
710.79  12.586
711.10  12.595
711.40  12.604
711.71  12.612
712.01  12.621
712.32  12.629
712.62  12.636
712.93  12.643
713.23  12.649
713.54  12.656
713.84  12.662
714.15  12.668
714.45  12.675
714.76  12.682
715.06  12.689
715.37  12.696
715.67  12.704
715.98  12.712
716.28  12.719
716.58  12.727
716.89  12.735
717.19  12.743
717.50  12.751
717.80  12.759
718.11  12.767
718.41  12.775
718.72  12.783
719.02  12.791
719.33  12.799
719.63  12.807
719.94  12.814
720.24  12.821
720.55  12.827
720.85  12.834
721.16  12.840
721.46  12.847
721.77  12.854
722.07  12.860
722.38  12.868
722.68  12.875
722.99  12.883
723.29  12.890
723.60  12.898
723.90  12.905
724.20  12.913
724.51  12.920
724.81  12.927
725.12  12.934
725.42  12.941
725.73  12.948
726.03  12.954
726.34  12.961
726.64  12.968
726.95  12.975
727.25  12.982
727.56  12.989
727.86  12.996
728.17  13.003
728.47  13.010
728.78  13.017
729.08  13.024
729.39  13.031
729.69  13.038
730.00  13.045
730.30  13.052
730.61  13.059
730.91  13.066
731.22  13.073
731.52  13.080
731.82  13.087
732.13  13.094
732.43  13.101
732.74  13.108
733.04  13.116
733.35  13.123
733.65  13.130
733.96  13.137
734.26  13.145
734.57  13.152
734.87  13.159
735.18  13.166
735.48  13.174
735.79  13.181
736.09  13.188
736.40  13.196
736.70  13.203
737.01  13.210
737.31  13.218
737.62  13.225
737.92  13.233
738.23  13.240
738.53  13.248
738.84  13.255
739.14  13.262
739.44  13.270
739.75  13.277
740.05  13.284
740.36  13.291
740.66  13.298
740.97  13.305
741.27  13.312
741.58  13.319
741.88  13.325
742.19  13.332
742.49  13.339
742.80  13.346
743.10  13.352
743.41  13.359
743.71  13.366
744.02  13.373
744.32  13.379
744.63  13.386
744.93  13.393
745.24  13.400
745.54  13.407
745.85  13.414
746.15  13.421
746.46  13.428
746.76  13.435
747.06  13.442
747.37  13.450
747.67  13.457
747.98  13.465
748.28  13.472
748.59  13.480
748.89  13.487
749.20  13.495
749.50  13.502
749.81  13.509
750.11  13.516
750.42  13.524
750.72  13.531
751.03  13.538
751.33  13.545
751.64  13.552
751.94  13.559
752.25  13.566
752.55  13.573
752.86  13.579
753.16  13.586
753.47  13.593
753.77  13.601
754.08  13.608
754.38  13.616
754.68  13.624
754.99  13.632
755.29  13.639
755.60  13.647
755.90  13.655
756.21  13.663
756.51  13.670
756.82  13.677
757.12  13.684
757.43  13.691
757.73  13.698
758.04  13.706
758.34  13.713
758.65  13.720
758.95  13.727
759.26  13.735
759.56  13.742
759.87  13.750
760.17  13.758
760.48  13.765
760.78  13.773
761.09  13.780
761.39  13.788
761.70  13.795
762.00  13.803
762.30  13.810
762.61  13.817
762.91  13.825
763.22  13.832
763.52  13.839
763.83  13.847
764.13  13.854
764.44  13.862
764.74  13.869
765.05  13.877
765.35  13.884
765.66  13.891
765.96  13.899
766.27  13.906
766.57  13.914
766.88  13.921
767.18  13.929
767.49  13.936
767.79  13.944
768.10  13.951
768.40  13.959
768.71  13.966
769.01  13.973
769.32  13.981
769.62  13.988
769.92  13.995
770.23  14.003
770.53  14.010
770.84  14.017
771.14  14.024
771.45  14.031
771.75  14.038
772.06  14.045
772.36  14.052
772.67  14.059
772.97  14.066
773.28  14.073
773.58  14.081
773.89  14.088
774.19  14.096
774.50  14.103
774.80  14.111
775.11  14.118
775.41  14.126
775.72  14.134
776.02  14.142
776.33  14.150
776.63  14.159
776.94  14.167
777.24  14.175
777.54  14.184
777.85  14.192
778.15  14.201
778.46  14.209
778.76  14.218
779.07  14.226
779.37  14.234
779.68  14.243
779.98  14.251
780.29  14.259
780.59  14.267
780.90  14.275
781.20  14.283
781.51  14.292
781.81  14.300
782.12  14.308
782.42  14.316
782.73  14.324
783.03  14.332
783.34  14.340
783.64  14.349
783.95  14.358
784.25  14.366
784.56  14.375
784.86  14.384
785.16  14.393
785.47  14.402
785.77  14.410
786.08  14.419
786.38  14.428
786.69  14.437
786.99  14.446
787.30  14.455
787.60  14.464
787.91  14.473
788.21  14.481
788.52  14.489
788.82  14.498
789.13  14.506
789.43  14.515
789.74  14.524
790.04  14.533
790.35  14.543
790.65  14.555
790.96  14.567
791.26  14.579
791.57  14.590
791.87  14.600
793.39  14.639
793.70  14.644
794.00  14.650
794.31  14.654
794.61  14.659
794.92  14.664
795.22  14.670
795.53  14.678
795.83  14.688
796.14  14.698
796.44  14.709
796.75  14.718
797.05  14.727
797.36  14.736
797.66  14.745
797.97  14.754
798.27  14.762
798.58  14.771
798.88  14.779
799.19  14.787
799.49  14.795
799.80  14.802
800.10  14.810
800.40  14.818
800.71  14.826
801.01  14.834
801.32  14.842
801.62  14.850
801.93  14.858
802.23  14.866
802.54  14.875
802.84  14.883
803.15  14.891
803.45  14.900
803.76  14.908
804.06  14.917
804.37  14.925
804.67  14.934
804.98  14.943
805.28  14.951
805.59  14.960
805.89  14.969
806.20  14.978
806.50  14.986
806.81  14.995
807.11  15.004
807.42  15.012
807.72  15.021
808.02  15.030
808.33  15.038
808.63  15.047
808.94  15.055
809.24  15.064
809.55  15.072
809.85  15.081
810.16  15.089
810.46  15.097
810.77  15.105
811.07  15.113
811.38  15.121
811.68  15.129
811.99  15.137
812.29  15.145
812.60  15.153
812.90  15.161
813.21  15.169
813.51  15.177
813.82  15.186
814.12  15.194
814.43  15.202
814.73  15.210
815.04  15.218
815.34  15.226
815.64  15.235
815.95  15.243
816.25  15.251
816.56  15.259
816.86  15.268
817.17  15.276
817.47  15.284
817.78  15.292
818.08  15.300
818.39  15.308
818.69  15.316
819.00  15.324
819.30  15.332
819.61  15.340
819.91  15.348
820.22  15.356
820.52  15.364
820.83  15.372
821.13  15.380
821.44  15.388
821.74  15.396
822.05  15.404
822.35  15.411
822.66  15.418
822.96  15.426
823.26  15.433
823.57  15.441
823.87  15.448
824.18  15.456
824.48  15.464
824.79  15.473
825.09  15.483
825.40  15.492
825.70  15.502
826.01  15.512
826.31  15.522
826.62  15.531
826.92  15.541
827.23  15.550
827.53  15.559
827.84  15.567
828.14  15.576
828.45  15.584
828.75  15.593
829.06  15.601
829.36  15.609
829.67  15.617
829.97  15.625
830.28  15.633
830.58  15.642
830.88  15.649
831.19  15.657
831.49  15.665
831.80  15.674
832.10  15.682
832.41  15.691
832.71  15.699
833.02  15.708
833.32  15.717
833.63  15.726
833.93  15.734
834.24  15.742
834.54  15.750
834.85  15.758
835.15  15.765
835.46  15.773
835.76  15.780
836.07  15.788
836.37  15.795
836.68  15.803
836.98  15.811
837.29  15.819
837.59  15.827
837.90  15.836
838.20  15.844
838.50  15.853
838.81  15.861
839.11  15.870
839.42  15.878
839.72  15.886
840.03  15.894
840.33  15.902
840.64  15.911
840.94  15.919
841.25  15.927
841.55  15.935
841.86  15.943
842.16  15.952
842.47  15.960
842.77  15.968
843.08  15.976
843.38  15.985
843.69  15.993
843.99  16.000
844.30  16.008
844.60  16.015
844.91  16.022
845.21  16.029
845.52  16.037
845.82  16.044
846.12  16.051
846.43  16.059
846.73  16.067
847.04  16.076
847.34  16.085
847.65  16.094
847.95  16.103
848.26  16.112
848.56  16.122
848.87  16.131
849.17  16.140
849.48  16.150
849.78  16.159
850.09  16.169
850.39  16.178
850.70  16.187
851.00  16.196
851.31  16.205
851.61  16.214
851.92  16.222
852.22  16.230
852.53  16.237
852.83  16.245
853.14  16.253
853.44  16.260
853.74  16.268
854.05  16.276
854.35  16.285
854.66  16.293
854.96  16.301
855.27  16.310
855.57  16.318
855.88  16.327
856.18  16.335
856.49  16.343
856.79  16.351
857.10  16.359
857.40  16.367
857.71  16.375
858.01  16.384
858.32  16.392
858.62  16.400
858.93  16.409
859.23  16.418
859.54  16.426
859.84  16.435
860.15  16.444
860.45  16.453
860.76  16.462
861.06  16.471
861.36  16.480
861.67  16.489
861.97  16.498
862.28  16.507
862.58  16.516
862.89  16.525
863.19  16.534
863.50  16.543
863.80  16.553
864.11  16.562
864.41  16.571
864.72  16.581
865.02  16.590
865.33  16.599
865.63  16.608
865.94  16.617
866.24  16.626
866.55  16.634
866.85  16.642
867.16  16.650
867.46  16.658
867.77  16.666
868.07  16.674
868.38  16.682
868.68  16.691
868.98  16.699
869.29  16.708
869.59  16.717
869.90  16.725
870.20  16.734
870.51  16.742
870.81  16.751
871.12  16.759
871.42  16.767
871.73  16.775
872.03  16.784
872.34  16.792
872.64  16.800
872.95  16.808
873.25  16.816
873.56  16.824
873.86  16.833
874.17  16.841
874.47  16.850
874.78  16.858
875.08  16.867
875.39  16.875
875.69  16.884
876.00  16.893
876.30  16.901
876.60  16.910
876.91  16.918
877.21  16.927
877.52  16.935
877.82  16.944
878.13  16.952
878.43  16.961
878.74  16.970
879.04  16.978
879.35  16.987
879.65  16.996
879.96  17.005
