  
  DOI/GTN-P Deep Borehole Array, Arctic Alaska 
             U.S. Geological Survey 
            Processed Temperature Log 
                    26-Aug-2013 
________________________________________________ 
  
Temperature Log Information: 
  Well name:   Drew Point 
  File name:   DRP_03AUG25_c_d 
  Log date:    25-AUG-2003 
  
Contact Information: 
  Gary Clow 
  U.S. Geological Survey 
  clow@usgs.gov 
  
Definitions: 
  Depth:        Depth below local ground surface (m) 
  Temperature:  ITS-90 temperature (°C) 
________________________________________________ 
             
 Depth  Temperature 
 34.50  -9.360
 34.51  -9.360
 34.56  -9.360
 34.62  -9.360
 34.66  -9.360
 34.72  -9.360
 34.77  -9.360
 34.82  -9.360
 34.89  -9.360
 34.94  -9.360
 35.01  -9.360
 35.06  -9.360
 35.19  -9.359
 35.25  -9.359
 35.31  -9.359
 35.37  -9.359
 35.43  -9.359
 35.49  -9.359
 35.55  -9.359
 35.61  -9.359
 35.66  -9.359
 35.72  -9.359
 35.78  -9.358
 35.84  -9.358
 35.91  -9.358
 35.97  -9.358
 36.03  -9.358
 36.09  -9.358
 36.15  -9.357
 36.21  -9.357
 36.27  -9.357
 36.33  -9.357
 36.39  -9.357
 36.45  -9.356
 36.51  -9.356
 36.58  -9.356
 36.64  -9.356
 36.70  -9.356
 36.76  -9.355
 36.82  -9.355
 36.88  -9.355
 36.94  -9.355
 37.00  -9.354
 37.06  -9.354
 37.12  -9.354
 37.18  -9.353
 37.24  -9.353
 37.31  -9.353
 37.37  -9.352
 37.43  -9.352
 37.49  -9.352
 37.55  -9.351
 37.61  -9.351
 37.67  -9.351
 37.73  -9.350
 37.79  -9.350
 37.85  -9.349
 37.92  -9.349
 37.97  -9.348
 38.04  -9.348
 38.10  -9.347
 38.16  -9.347
 38.22  -9.346
 38.28  -9.345
 38.33  -9.345
 38.40  -9.344
 38.46  -9.344
 38.52  -9.343
 38.58  -9.342
 38.65  -9.341
 38.70  -9.341
 38.76  -9.340
 38.83  -9.339
 38.89  -9.338
 38.95  -9.338
 39.01  -9.337
 39.07  -9.336
 39.13  -9.335
 39.19  -9.334
 39.25  -9.333
 39.31  -9.333
 39.37  -9.332
 39.44  -9.331
 39.49  -9.330
 39.55  -9.329
 39.62  -9.328
 39.68  -9.327
 39.74  -9.327
 39.80  -9.326
 39.86  -9.325
 39.92  -9.324
 39.98  -9.323
 40.04  -9.322
 40.10  -9.321
 40.16  -9.320
 40.22  -9.319
 40.28  -9.318
 40.34  -9.318
 40.40  -9.317
 40.46  -9.316
 40.52  -9.315
 40.59  -9.314
 40.65  -9.313
 40.71  -9.312
 40.76  -9.311
 40.82  -9.310
 40.88  -9.309
 40.94  -9.308
 41.00  -9.307
 41.06  -9.306
 41.12  -9.305
 41.18  -9.304
 41.25  -9.303
 41.30  -9.302
 41.37  -9.301
 41.42  -9.300
 41.48  -9.299
 41.54  -9.298
 41.60  -9.297
 41.66  -9.296
 41.72  -9.295
 41.78  -9.294
 41.85  -9.293
 41.91  -9.292
 41.97  -9.291
 42.03  -9.290
 42.09  -9.289
 42.15  -9.288
 42.20  -9.287
 42.26  -9.285
 42.32  -9.284
 42.38  -9.283
 42.44  -9.282
 42.50  -9.281
 42.57  -9.280
 42.63  -9.279
 42.69  -9.278
 42.75  -9.277
 42.81  -9.276
 42.86  -9.275
 42.92  -9.274
 42.98  -9.273
 43.05  -9.272
 43.10  -9.271
 43.17  -9.270
 43.23  -9.269
 43.30  -9.267
 43.39  -9.266
 43.47  -9.265
 43.56  -9.264
 43.65  -9.262
 43.74  -9.261
 43.85  -9.260
 43.95  -9.258
 44.06  -9.257
 44.16  -9.255
 44.26  -9.254
 44.37  -9.252
 44.47  -9.251
 44.57  -9.249
 44.68  -9.247
 44.77  -9.246
 44.87  -9.244
 44.97  -9.242
 45.07  -9.240
 45.17  -9.239
 45.27  -9.237
 45.37  -9.235
 45.47  -9.233
 45.57  -9.231
 45.67  -9.229
 45.77  -9.227
 45.87  -9.225
 45.97  -9.222
 46.08  -9.220
 46.18  -9.218
 46.29  -9.216
 46.40  -9.214
 46.51  -9.212
 46.61  -9.209
 46.72  -9.207
 46.82  -9.205
 46.93  -9.203
 47.04  -9.201
 47.15  -9.199
 47.25  -9.196
 47.36  -9.194
 47.46  -9.192
 47.57  -9.190
 47.68  -9.187
 47.78  -9.185
 47.89  -9.183
 47.99  -9.180
 48.10  -9.178
 48.20  -9.176
 48.31  -9.173
 48.42  -9.171
 48.53  -9.168
 48.63  -9.166
 48.73  -9.163
 48.83  -9.161
 48.94  -9.159
 49.04  -9.156
 49.15  -9.154
 49.26  -9.151
 49.36  -9.149
 49.47  -9.146
 49.57  -9.144
 49.68  -9.141
 49.79  -9.139
 49.89  -9.136
 50.00  -9.134
 50.10  -9.131
 50.20  -9.129
 50.31  -9.126
 50.42  -9.124
 50.52  -9.121
 50.63  -9.119
 50.73  -9.117
 50.83  -9.114
 50.94  -9.112
 51.05  -9.110
 51.15  -9.107
 51.26  -9.105
 51.36  -9.103
 51.46  -9.100
 51.57  -9.098
 51.67  -9.096
 51.78  -9.094
 51.89  -9.091
 51.99  -9.089
 52.09  -9.087
 52.20  -9.085
 52.30  -9.083
 52.41  -9.081
 52.52  -9.078
 52.63  -9.076
 52.73  -9.074
 52.84  -9.072
 52.94  -9.070
 53.05  -9.068
 53.16  -9.066
 53.27  -9.064
 53.37  -9.062
 53.48  -9.060
 53.58  -9.058
 53.69  -9.057
 53.79  -9.055
 53.90  -9.053
 54.01  -9.051
 54.11  -9.050
 54.21  -9.048
 54.33  -9.046
 54.43  -9.044
 54.54  -9.042
 54.64  -9.040
 54.75  -9.038
 54.85  -9.036
 54.96  -9.034
 55.07  -9.031
 55.17  -9.028
 55.28  -9.025
 55.39  -9.022
 55.49  -9.019
 55.60  -9.016
 55.70  -9.013
 55.81  -9.010
 55.92  -9.006
 56.02  -9.003
 56.13  -9.000
 56.24  -8.997
 56.34  -8.993
 56.45  -8.990
 56.55  -8.987
 56.66  -8.984
 56.77  -8.981
 56.87  -8.978
 56.98  -8.975
 57.08  -8.972
 57.19  -8.969
 57.29  -8.967
 57.40  -8.964
 57.50  -8.962
 57.61  -8.959
 57.72  -8.956
 57.82  -8.954
 57.93  -8.951
 58.03  -8.949
 58.14  -8.946
 58.25  -8.944
 58.36  -8.942
 58.46  -8.940
 58.57  -8.938
 58.67  -8.935
 58.78  -8.933
 58.89  -8.931
 59.00  -8.929
 59.10  -8.927
 59.21  -8.926
 59.31  -8.924
 59.42  -8.922
 59.52  -8.920
 59.63  -8.918
 59.74  -8.916
 59.85  -8.914
 59.95  -8.912
 60.06  -8.910
 60.17  -8.908
 60.27  -8.906
 60.38  -8.904
 60.48  -8.902
 60.59  -8.900
 60.70  -8.897
 60.80  -8.895
 60.91  -8.893
 61.02  -8.891
 61.12  -8.888
 61.23  -8.886
 61.33  -8.884
 61.44  -8.881
 61.55  -8.879
 61.66  -8.876
 61.76  -8.874
 61.87  -8.871
 61.98  -8.869
 62.08  -8.866
 62.19  -8.863
 62.30  -8.860
 62.40  -8.858
 62.51  -8.855
 62.62  -8.852
 62.72  -8.849
 62.83  -8.846
 62.94  -8.843
 63.04  -8.841
 63.15  -8.838
 63.26  -8.835
 63.37  -8.832
 63.47  -8.829
 63.58  -8.826
 63.68  -8.823
 63.78  -8.820
 63.89  -8.817
 63.99  -8.814
 64.10  -8.811
 64.20  -8.808
 64.31  -8.805
 64.41  -8.802
 64.51  -8.800
 64.62  -8.797
 64.72  -8.794
 64.82  -8.791
 64.93  -8.788
 65.03  -8.785
 65.14  -8.782
 65.24  -8.780
 65.34  -8.777
 65.45  -8.775
 65.55  -8.772
 65.66  -8.770
 65.76  -8.767
 65.86  -8.765
 65.97  -8.762
 66.07  -8.760
 66.18  -8.758
 66.28  -8.755
 66.38  -8.753
 66.49  -8.751
 66.59  -8.748
 66.70  -8.746
 66.80  -8.743
 66.90  -8.741
 67.01  -8.738
 67.11  -8.736
 67.21  -8.733
 67.32  -8.731
 67.42  -8.728
 67.53  -8.725
 67.63  -8.723
 67.73  -8.720
 67.84  -8.718
 67.94  -8.715
 68.05  -8.712
 68.15  -8.710
 68.26  -8.707
 68.36  -8.705
 68.46  -8.702
 68.57  -8.700
 68.67  -8.697
 68.78  -8.695
 68.88  -8.692
 68.98  -8.690
 69.09  -8.688
 69.19  -8.685
 69.29  -8.683
 69.40  -8.681
 69.50  -8.678
 69.61  -8.676
 69.71  -8.673
 69.82  -8.671
 69.92  -8.668
 70.02  -8.666
 70.13  -8.664
 70.23  -8.661
 70.33  -8.659
 70.44  -8.656
 70.54  -8.654
 70.65  -8.652
 70.75  -8.649
 70.86  -8.647
 70.96  -8.644
 71.06  -8.642
 71.16  -8.639
 71.27  -8.637
 71.38  -8.634
 71.48  -8.632
 71.58  -8.629
 71.69  -8.627
 71.79  -8.624
 71.90  -8.622
 72.00  -8.619
 72.11  -8.616
 72.21  -8.613
 72.31  -8.611
 72.42  -8.608
 72.52  -8.605
 72.63  -8.602
 72.73  -8.600
 72.83  -8.597
 72.93  -8.594
 73.04  -8.591
 73.14  -8.589
 73.25  -8.586
 73.35  -8.583
 73.46  -8.581
 73.56  -8.578
 73.67  -8.575
 73.77  -8.572
 73.88  -8.570
 73.98  -8.567
 74.08  -8.565
 74.19  -8.562
 74.29  -8.559
 74.40  -8.557
 74.50  -8.554
 74.61  -8.552
 74.71  -8.549
 74.81  -8.547
 74.92  -8.544
 75.02  -8.542
 75.12  -8.539
 75.23  -8.537
 75.33  -8.535
 75.43  -8.533
 75.54  -8.531
 75.64  -8.529
 75.75  -8.526
 75.85  -8.524
 75.95  -8.522
 76.06  -8.520
 76.16  -8.518
 76.27  -8.516
 76.37  -8.514
 76.48  -8.512
 76.58  -8.510
 76.69  -8.508
 76.79  -8.506
 76.89  -8.504
 77.00  -8.501
 77.10  -8.499
 77.21  -8.497
 77.31  -8.495
 77.41  -8.493
 77.51  -8.490
 77.62  -8.488
 77.72  -8.486
 77.83  -8.483
 77.93  -8.481
 78.03  -8.478
 78.13  -8.476
 78.24  -8.474
 78.35  -8.471
 78.45  -8.469
 78.55  -8.466
 78.65  -8.463
 78.75  -8.461
 78.86  -8.458
 78.97  -8.455
 79.07  -8.453
 79.17  -8.450
 79.28  -8.447
 79.38  -8.444
 79.49  -8.441
 79.59  -8.439
 79.70  -8.436
 79.80  -8.433
 79.90  -8.430
 80.00  -8.427
 80.11  -8.424
 80.21  -8.422
 80.32  -8.419
 80.42  -8.416
 80.52  -8.413
 80.63  -8.411
 80.73  -8.408
 80.84  -8.405
 80.94  -8.402
 81.05  -8.400
 81.15  -8.397
 81.25  -8.394
 81.36  -8.391
 81.46  -8.389
 81.57  -8.386
 81.68  -8.383
 81.78  -8.380
 81.88  -8.378
 81.99  -8.375
 82.09  -8.373
 82.20  -8.370
 82.30  -8.367
 82.41  -8.365
 82.51  -8.362
 82.61  -8.360
 82.72  -8.357
 82.83  -8.355
 82.93  -8.352
 83.03  -8.350
 83.14  -8.347
 83.24  -8.344
 83.35  -8.342
 83.45  -8.339
 83.56  -8.337
 83.66  -8.334
 83.77  -8.331
 83.87  -8.329
 83.98  -8.326
 84.08  -8.324
 84.18  -8.321
 84.29  -8.318
 84.40  -8.316
 84.50  -8.313
 84.60  -8.310
 84.71  -8.307
 84.81  -8.305
 84.92  -8.302
 85.03  -8.299
 85.13  -8.297
 85.23  -8.294
 85.34  -8.291
 85.45  -8.288
 85.55  -8.285
 85.65  -8.282
 85.75  -8.280
 85.86  -8.277
 85.96  -8.274
 86.07  -8.271
 86.17  -8.268
 86.28  -8.265
 86.38  -8.262
 86.48  -8.259
 86.59  -8.257
 86.69  -8.254
 86.80  -8.251
 86.90  -8.248
 87.00  -8.245
 87.11  -8.242
 87.21  -8.239
 87.32  -8.236
 87.43  -8.233
 87.53  -8.230
 87.63  -8.227
 87.74  -8.224
 87.84  -8.221
 87.95  -8.218
 88.06  -8.215
 88.16  -8.212
 88.27  -8.209
 88.37  -8.206
 88.47  -8.203
 88.58  -8.200
 88.69  -8.197
 88.79  -8.194
 88.90  -8.191
 89.00  -8.188
 89.10  -8.185
 89.21  -8.182
 89.31  -8.179
 89.42  -8.176
 89.53  -8.173
 89.63  -8.170
 89.73  -8.167
 89.84  -8.164
 89.94  -8.161
 90.05  -8.158
 90.15  -8.155
 90.26  -8.152
 90.36  -8.149
 90.47  -8.146
 90.57  -8.143
 90.68  -8.140
 90.78  -8.137
 90.88  -8.134
 90.99  -8.131
 91.09  -8.128
 91.20  -8.125
 91.30  -8.121
 91.41  -8.118
 91.51  -8.115
 91.62  -8.112
 91.72  -8.109
 91.83  -8.106
 91.93  -8.102
 92.03  -8.099
 92.13  -8.096
 92.24  -8.093
 92.34  -8.089
 92.45  -8.086
 92.55  -8.083
 92.66  -8.079
 92.76  -8.076
 92.86  -8.073
 92.97  -8.069
 93.07  -8.066
 93.18  -8.063
 93.28  -8.060
 93.38  -8.056
 93.49  -8.053
 93.59  -8.050
 93.70  -8.046
 93.80  -8.043
 93.90  -8.040
 94.01  -8.036
 94.11  -8.033
 94.22  -8.030
 94.32  -8.027
 94.43  -8.023
 94.53  -8.020
 94.64  -8.017
 94.74  -8.014
 94.84  -8.010
 94.95  -8.007
 95.05  -8.004
 95.15  -8.001
 95.26  -7.997
 95.36  -7.994
 95.46  -7.991
 95.57  -7.988
 95.68  -7.985
 95.78  -7.982
 95.88  -7.979
 95.99  -7.976
 96.09  -7.972
 96.19  -7.969
 96.30  -7.966
 96.40  -7.963
 96.51  -7.960
 96.61  -7.957
 96.71  -7.954
 96.82  -7.951
 96.92  -7.948
 97.02  -7.944
 97.12  -7.941
 97.23  -7.938
 97.33  -7.935
 97.43  -7.932
 97.54  -7.929
 97.64  -7.925
 97.75  -7.922
 97.85  -7.919
 97.95  -7.916
 98.06  -7.913
 98.16  -7.910
 98.27  -7.906
 98.37  -7.903
 98.47  -7.900
 98.58  -7.897
 98.68  -7.894
 98.79  -7.890
 98.89  -7.887
 99.00  -7.884
 99.10  -7.881
 99.20  -7.877
 99.31  -7.874
 99.41  -7.871
 99.51  -7.868
 99.61  -7.865
 99.71  -7.861
 99.81  -7.858
 99.91  -7.855
100.01  -7.852
100.12  -7.849
100.22  -7.845
100.32  -7.842
100.42  -7.839
100.52  -7.836
100.62  -7.833
100.73  -7.830
100.83  -7.827
100.93  -7.824
101.03  -7.821
101.13  -7.818
101.23  -7.815
101.33  -7.812
101.43  -7.809
101.53  -7.806
101.64  -7.803
101.74  -7.800
101.84  -7.797
101.94  -7.793
102.04  -7.790
102.15  -7.787
102.25  -7.783
102.35  -7.780
102.45  -7.777
102.55  -7.773
102.65  -7.770
102.75  -7.767
102.85  -7.764
102.96  -7.760
103.06  -7.757
103.16  -7.754
103.27  -7.751
103.37  -7.748
103.46  -7.745
103.57  -7.742
103.67  -7.739
103.77  -7.736
103.87  -7.733
103.97  -7.730
104.07  -7.728
104.17  -7.725
104.28  -7.722
104.38  -7.719
104.48  -7.716
104.58  -7.714
104.68  -7.711
104.78  -7.708
104.88  -7.705
104.99  -7.702
105.09  -7.700
105.19  -7.697
105.29  -7.694
105.39  -7.691
105.50  -7.689
105.59  -7.686
105.70  -7.683
105.80  -7.680
105.90  -7.677
106.00  -7.675
106.10  -7.672
106.20  -7.669
106.31  -7.666
106.41  -7.663
106.51  -7.660
106.61  -7.657
106.71  -7.653
106.81  -7.650
106.91  -7.646
107.02  -7.643
107.12  -7.639
107.22  -7.636
107.32  -7.632
107.42  -7.628
107.53  -7.625
107.63  -7.621
107.73  -7.617
107.83  -7.613
107.93  -7.610
108.03  -7.606
108.14  -7.603
108.24  -7.599
108.34  -7.596
108.44  -7.592
108.54  -7.589
108.64  -7.586
108.74  -7.582
108.85  -7.579
108.95  -7.576
109.05  -7.573
109.15  -7.570
109.25  -7.567
109.35  -7.563
109.46  -7.560
109.56  -7.557
109.66  -7.554
109.77  -7.551
109.87  -7.548
109.97  -7.545
110.07  -7.542
110.17  -7.539
110.28  -7.536
110.38  -7.533
110.48  -7.530
110.58  -7.527
110.68  -7.524
110.78  -7.521
110.89  -7.518
110.99  -7.515
111.09  -7.512
111.19  -7.509
111.30  -7.506
111.40  -7.503
111.50  -7.500
111.61  -7.497
111.71  -7.494
111.81  -7.491
111.91  -7.488
112.02  -7.485
112.12  -7.481
112.22  -7.478
112.32  -7.475
112.42  -7.472
112.53  -7.468
112.63  -7.465
112.73  -7.462
112.83  -7.459
112.94  -7.456
113.04  -7.452
113.14  -7.449
113.25  -7.446
113.35  -7.443
113.45  -7.440
113.55  -7.437
113.65  -7.434
113.75  -7.431
113.86  -7.428
113.96  -7.424
114.06  -7.421
114.16  -7.418
114.26  -7.415
114.36  -7.412
114.47  -7.409
114.57  -7.406
114.67  -7.403
114.77  -7.400
114.87  -7.397
114.98  -7.394
115.08  -7.391
115.18  -7.389
115.28  -7.386
115.38  -7.383
115.48  -7.380
115.58  -7.377
115.69  -7.374
115.79  -7.371
115.89  -7.368
116.00  -7.365
116.10  -7.362
116.20  -7.359
116.30  -7.356
116.40  -7.353
116.51  -7.350
116.61  -7.347
116.71  -7.344
116.81  -7.341
116.91  -7.338
117.02  -7.335
117.12  -7.332
117.22  -7.329
117.32  -7.326
117.42  -7.323
117.52  -7.319
117.63  -7.316
117.73  -7.313
117.83  -7.309
117.93  -7.306
118.03  -7.302
118.14  -7.298
118.24  -7.294
118.34  -7.290
118.44  -7.286
118.54  -7.282
118.64  -7.278
118.74  -7.273
118.85  -7.269
118.95  -7.265
119.05  -7.261
119.15  -7.256
119.25  -7.252
119.36  -7.248
119.46  -7.244
119.56  -7.240
119.66  -7.236
119.76  -7.233
119.86  -7.230
119.96  -7.226
120.06  -7.223
120.17  -7.221
120.27  -7.218
120.37  -7.215
120.47  -7.212
120.57  -7.210
120.67  -7.207
120.77  -7.204
120.87  -7.202
120.97  -7.199
121.07  -7.196
121.17  -7.194
121.27  -7.191
121.37  -7.188
121.47  -7.185
121.57  -7.182
121.67  -7.179
121.76  -7.176
121.86  -7.173
121.97  -7.170
122.07  -7.167
122.17  -7.164
122.27  -7.161
122.36  -7.158
122.47  -7.155
122.57  -7.152
122.67  -7.149
122.77  -7.146
122.86  -7.144
122.96  -7.141
123.07  -7.139
123.17  -7.136
123.27  -7.134
123.37  -7.132
123.46  -7.129
123.57  -7.127
123.67  -7.125
123.77  -7.122
123.87  -7.120
123.97  -7.118
124.08  -7.115
124.18  -7.112
124.28  -7.110
124.38  -7.107
124.48  -7.103
124.58  -7.099
124.68  -7.095
124.78  -7.091
124.88  -7.086
124.99  -7.082
125.09  -7.077
125.19  -7.073
125.29  -7.068
125.39  -7.063
125.49  -7.058
125.59  -7.053
125.70  -7.049
125.90  -7.039
126.00  -7.035
126.09  -7.031
126.19  -7.027
126.30  -7.024
126.40  -7.021
126.50  -7.018
126.60  -7.015
126.70  -7.012
126.80  -7.010
126.90  -7.007
127.01  -7.004
127.11  -7.002
127.21  -6.999
127.31  -6.996
127.41  -6.994
127.51  -6.991
127.61  -6.988
127.72  -6.985
127.82  -6.982
127.92  -6.979
128.02  -6.975
128.12  -6.972
128.23  -6.968
128.33  -6.965
128.43  -6.961
128.54  -6.957
128.64  -6.954
128.74  -6.950
128.85  -6.946
128.95  -6.943
129.05  -6.939
129.15  -6.935
129.26  -6.932
129.36  -6.928
129.46  -6.925
129.57  -6.922
129.67  -6.919
129.77  -6.916
129.87  -6.912
129.97  -6.909
130.07  -6.906
130.18  -6.903
130.28  -6.900
130.38  -6.897
130.49  -6.893
130.59  -6.890
130.69  -6.887
130.80  -6.884
130.90  -6.880
131.00  -6.877
131.10  -6.873
131.20  -6.870
131.31  -6.866
131.41  -6.862
131.51  -6.859
131.61  -6.855
131.72  -6.851
131.82  -6.848
131.92  -6.844
132.03  -6.840
132.13  -6.836
132.23  -6.833
132.33  -6.829
132.44  -6.825
132.54  -6.821
132.64  -6.817
132.74  -6.814
132.85  -6.810
132.95  -6.806
133.05  -6.802
133.15  -6.798
133.25  -6.794
133.36  -6.791
133.45  -6.787
133.55  -6.783
133.66  -6.779
133.76  -6.776
133.86  -6.772
133.96  -6.768
134.06  -6.765
134.16  -6.761
134.26  -6.758
134.36  -6.754
134.46  -6.751
134.56  -6.748
134.66  -6.745
134.75  -6.742
134.85  -6.739
134.95  -6.736
135.05  -6.734
135.15  -6.731
135.25  -6.728
135.35  -6.725
135.44  -6.722
135.54  -6.720
135.64  -6.717
135.74  -6.714
135.84  -6.711
135.94  -6.708
136.03  -6.705
136.13  -6.702
136.23  -6.699
136.33  -6.696
136.42  -6.693
136.52  -6.690
136.62  -6.687
136.72  -6.684
136.82  -6.681
136.92  -6.678
137.02  -6.675
137.12  -6.672
137.22  -6.669
137.32  -6.665
137.42  -6.662
137.51  -6.659
137.61  -6.656
137.71  -6.653
137.81  -6.649
137.91  -6.646
138.01  -6.643
138.10  -6.640
138.20  -6.636
138.30  -6.633
138.40  -6.630
138.50  -6.626
138.60  -6.623
138.70  -6.620
138.79  -6.616
138.89  -6.613
138.99  -6.610
139.09  -6.606
139.19  -6.603
139.28  -6.600
139.39  -6.597
139.48  -6.594
139.58  -6.591
139.68  -6.588
139.78  -6.584
139.88  -6.581
139.98  -6.578
140.08  -6.575
140.18  -6.572
140.28  -6.569
140.39  -6.566
140.49  -6.562
140.58  -6.559
140.68  -6.555
140.78  -6.552
140.88  -6.548
140.98  -6.544
141.08  -6.540
141.18  -6.537
141.27  -6.533
141.37  -6.529
141.47  -6.525
141.57  -6.521
141.67  -6.518
141.77  -6.514
141.87  -6.510
141.97  -6.507
142.07  -6.503
142.17  -6.500
142.27  -6.497
142.37  -6.494
142.46  -6.491
142.56  -6.489
142.66  -6.486
142.76  -6.483
142.86  -6.481
142.96  -6.478
143.06  -6.476
143.16  -6.473
143.26  -6.471
143.36  -6.468
143.46  -6.466
143.56  -6.463
143.66  -6.460
143.76  -6.457
143.85  -6.454
143.95  -6.451
144.05  -6.448
144.15  -6.444
144.25  -6.441
144.35  -6.438
144.45  -6.434
144.55  -6.431
144.65  -6.427
144.75  -6.424
144.85  -6.420
144.95  -6.417
145.05  -6.413
145.15  -6.410
145.25  -6.406
145.35  -6.403
145.45  -6.400
145.55  -6.397
145.65  -6.393
145.75  -6.390
145.85  -6.387
145.95  -6.384
146.05  -6.381
146.15  -6.378
146.25  -6.375
146.35  -6.372
146.46  -6.369
146.55  -6.366
146.66  -6.363
146.76  -6.360
146.85  -6.357
146.96  -6.354
147.06  -6.351
147.16  -6.348
147.26  -6.344
147.35  -6.341
147.45  -6.338
147.56  -6.335
147.66  -6.332
147.76  -6.329
147.86  -6.326
147.96  -6.323
148.06  -6.320
148.16  -6.317
148.26  -6.314
148.36  -6.311
148.46  -6.308
148.56  -6.305
148.66  -6.302
148.77  -6.299
148.87  -6.296
148.97  -6.293
149.07  -6.290
149.17  -6.287
149.27  -6.284
149.37  -6.281
149.47  -6.278
149.57  -6.275
149.67  -6.272
149.78  -6.269
149.87  -6.265
149.98  -6.262
150.08  -6.259
150.18  -6.256
150.28  -6.253
150.38  -6.250
150.48  -6.246
150.58  -6.243
150.68  -6.240
150.78  -6.237
150.88  -6.233
150.99  -6.230
151.09  -6.227
151.19  -6.223
151.29  -6.220
151.39  -6.217
151.49  -6.213
151.59  -6.210
151.69  -6.207
151.80  -6.203
151.90  -6.200
152.00  -6.197
152.10  -6.194
152.20  -6.190
152.30  -6.187
152.40  -6.184
152.51  -6.181
152.61  -6.178
152.71  -6.174
152.81  -6.171
152.91  -6.168
153.01  -6.165
153.12  -6.162
153.22  -6.159
153.32  -6.155
153.42  -6.152
153.52  -6.149
153.62  -6.145
153.73  -6.142
153.83  -6.138
153.93  -6.135
154.03  -6.131
154.13  -6.128
154.23  -6.124
154.34  -6.121
154.44  -6.117
154.54  -6.114
154.64  -6.110
154.74  -6.107
154.84  -6.104
154.94  -6.100
155.04  -6.097
155.15  -6.094
155.25  -6.091
155.35  -6.088
155.45  -6.086
155.55  -6.083
155.66  -6.080
155.76  -6.077
155.86  -6.075
155.96  -6.072
156.06  -6.069
156.16  -6.066
156.26  -6.064
156.37  -6.061
156.47  -6.058
156.57  -6.055
156.67  -6.052
156.78  -6.048
156.88  -6.045
156.98  -6.041
157.08  -6.038
157.18  -6.034
157.28  -6.030
157.39  -6.027
157.49  -6.023
157.59  -6.019
157.69  -6.015
157.79  -6.011
157.90  -6.008
158.00  -6.004
158.11  -6.000
158.21  -5.996
158.31  -5.993
158.41  -5.989
158.51  -5.986
158.62  -5.982
158.72  -5.979
158.82  -5.975
158.92  -5.972
159.03  -5.969
159.13  -5.965
159.23  -5.962
159.33  -5.958
159.43  -5.955
159.53  -5.952
159.64  -5.948
159.74  -5.945
159.84  -5.942
159.95  -5.939
160.05  -5.935
160.15  -5.932
160.25  -5.929
160.35  -5.926
160.46  -5.923
160.56  -5.919
160.66  -5.916
160.76  -5.913
160.86  -5.910
160.97  -5.907
161.07  -5.904
161.17  -5.901
161.27  -5.897
161.37  -5.894
161.48  -5.891
161.58  -5.888
161.68  -5.885
161.78  -5.882
161.88  -5.879
161.98  -5.876
162.08  -5.873
162.19  -5.869
162.29  -5.866
162.39  -5.863
162.49  -5.860
162.59  -5.857
162.70  -5.854
162.80  -5.851
162.90  -5.848
163.01  -5.845
163.11  -5.842
163.21  -5.839
163.31  -5.835
163.42  -5.832
163.52  -5.829
163.62  -5.826
163.72  -5.823
163.82  -5.820
163.93  -5.817
164.03  -5.814
164.14  -5.811
164.24  -5.808
164.34  -5.805
164.44  -5.802
164.54  -5.799
164.65  -5.796
164.75  -5.793
164.85  -5.790
164.95  -5.787
165.06  -5.784
165.16  -5.781
165.26  -5.778
165.37  -5.775
165.47  -5.772
165.57  -5.769
165.68  -5.766
165.78  -5.763
165.88  -5.759
165.98  -5.756
166.09  -5.753
166.19  -5.750
166.29  -5.747
166.40  -5.744
166.50  -5.741
166.60  -5.738
166.70  -5.735
166.80  -5.732
166.91  -5.728
167.01  -5.725
167.11  -5.722
167.21  -5.719
167.31  -5.716
167.41  -5.713
167.51  -5.709
167.62  -5.706
167.72  -5.703
167.82  -5.700
167.92  -5.697
168.02  -5.693
168.12  -5.690
168.22  -5.687
168.31  -5.684
168.41  -5.681
168.51  -5.678
168.61  -5.675
168.71  -5.671
168.81  -5.668
168.91  -5.665
169.00  -5.662
169.10  -5.659
169.20  -5.656
169.30  -5.652
169.40  -5.649
169.50  -5.646
169.59  -5.643
169.69  -5.640
169.79  -5.637
169.89  -5.633
169.99  -5.630
170.09  -5.627
170.19  -5.624
170.29  -5.620
170.38  -5.617
170.49  -5.614
170.59  -5.611
170.68  -5.607
170.78  -5.604
170.88  -5.601
170.97  -5.598
171.07  -5.594
171.17  -5.591
171.27  -5.588
171.37  -5.584
171.47  -5.581
171.57  -5.577
171.66  -5.574
171.76  -5.570
171.86  -5.567
171.96  -5.563
172.06  -5.560
172.16  -5.557
172.26  -5.553
172.36  -5.550
172.45  -5.546
172.55  -5.543
172.65  -5.540
172.75  -5.537
172.85  -5.534
172.94  -5.531
173.04  -5.528
173.14  -5.525
173.24  -5.523
173.34  -5.520
173.44  -5.518
173.54  -5.516
173.64  -5.513
173.74  -5.511
173.84  -5.508
173.94  -5.506
174.04  -5.504
174.14  -5.501
174.24  -5.499
174.33  -5.496
174.43  -5.493
174.53  -5.490
174.63  -5.487
174.73  -5.484
174.83  -5.481
174.93  -5.477
175.03  -5.474
175.13  -5.471
175.23  -5.467
175.33  -5.464
175.43  -5.460
175.53  -5.457
175.63  -5.453
175.73  -5.450
175.83  -5.447
175.93  -5.443
176.03  -5.440
176.13  -5.437
176.23  -5.434
176.33  -5.431
176.43  -5.428
176.53  -5.425
176.63  -5.422
176.72  -5.419
176.82  -5.416
176.92  -5.413
177.02  -5.410
177.12  -5.407
177.23  -5.404
177.32  -5.401
177.42  -5.398
177.53  -5.395
177.63  -5.392
177.73  -5.389
177.83  -5.386
177.93  -5.383
178.03  -5.379
178.13  -5.376
178.23  -5.373
178.33  -5.370
178.43  -5.367
178.53  -5.363
178.63  -5.360
178.73  -5.357
178.83  -5.354
178.93  -5.351
179.03  -5.348
179.13  -5.344
179.23  -5.341
179.33  -5.338
179.43  -5.336
179.53  -5.333
179.63  -5.330
179.73  -5.327
179.83  -5.324
179.93  -5.321
180.03  -5.318
180.13  -5.316
180.23  -5.313
180.33  -5.310
180.43  -5.307
180.53  -5.304
180.63  -5.302
180.73  -5.299
180.83  -5.296
180.93  -5.293
181.02  -5.290
181.12  -5.287
181.23  -5.284
181.32  -5.282
181.42  -5.279
181.52  -5.276
181.61  -5.273
181.71  -5.270
181.81  -5.267
181.91  -5.264
182.01  -5.261
182.10  -5.258
182.20  -5.255
182.30  -5.252
182.41  -5.249
182.50  -5.245
182.61  -5.242
182.71  -5.239
182.81  -5.236
182.91  -5.232
183.01  -5.229
183.11  -5.226
183.21  -5.222
183.31  -5.219
183.41  -5.216
183.51  -5.212
183.61  -5.209
183.71  -5.206
183.81  -5.202
183.91  -5.199
184.01  -5.195
184.11  -5.192
184.21  -5.188
184.31  -5.185
184.40  -5.182
184.51  -5.178
184.61  -5.175
184.71  -5.171
184.81  -5.168
184.91  -5.164
185.00  -5.161
185.11  -5.158
185.20  -5.154
185.30  -5.151
185.40  -5.148
185.50  -5.144
185.60  -5.141
185.70  -5.138
185.80  -5.134
185.91  -5.131
186.01  -5.128
186.11  -5.125
186.21  -5.122
186.31  -5.119
186.41  -5.116
186.51  -5.113
186.61  -5.110
186.71  -5.107
186.81  -5.103
186.91  -5.100
187.01  -5.097
187.11  -5.094
187.22  -5.091
187.31  -5.088
187.41  -5.085
187.52  -5.082
187.61  -5.079
187.72  -5.076
187.82  -5.073
187.92  -5.070
188.02  -5.066
188.12  -5.063
188.22  -5.060
188.32  -5.057
188.42  -5.054
188.52  -5.051
188.62  -5.048
188.73  -5.045
188.82  -5.042
188.93  -5.039
189.03  -5.036
189.12  -5.033
189.23  -5.030
189.33  -5.027
189.43  -5.024
189.53  -5.021
189.63  -5.019
189.73  -5.016
189.83  -5.013
189.93  -5.010
190.03  -5.007
190.13  -5.004
190.23  -5.001
190.33  -4.998
190.43  -4.995
190.53  -4.992
190.64  -4.989
190.74  -4.986
190.84  -4.983
190.93  -4.981
191.04  -4.978
191.14  -4.975
191.24  -4.972
191.34  -4.969
191.44  -4.966
191.54  -4.963
191.64  -4.960
191.74  -4.957
191.84  -4.954
191.94  -4.951
192.04  -4.947
192.14  -4.944
192.24  -4.941
192.34  -4.938
192.44  -4.935
192.54  -4.932
192.65  -4.929
192.75  -4.925
192.85  -4.922
192.95  -4.919
193.05  -4.916
193.15  -4.912
193.25  -4.909
193.35  -4.906
193.45  -4.903
193.55  -4.899
193.65  -4.896
193.75  -4.892
193.85  -4.889
193.96  -4.886
194.06  -4.882
194.16  -4.879
194.26  -4.875
194.36  -4.872
194.46  -4.868
194.56  -4.865
194.66  -4.861
194.76  -4.858
194.86  -4.854
194.96  -4.851
195.06  -4.847
195.16  -4.844
195.26  -4.840
195.36  -4.837
195.46  -4.834
195.56  -4.831
195.66  -4.827
195.76  -4.824
195.86  -4.821
195.96  -4.818
196.06  -4.815
196.16  -4.812
196.26  -4.808
196.36  -4.805
196.46  -4.802
196.56  -4.799
196.66  -4.796
196.76  -4.792
196.86  -4.789
196.96  -4.785
197.06  -4.782
197.16  -4.778
197.26  -4.774
197.36  -4.771
197.46  -4.767
197.56  -4.763
197.66  -4.760
197.76  -4.756
197.86  -4.752
197.95  -4.748
198.05  -4.745
198.16  -4.741
198.26  -4.737
198.36  -4.734
198.46  -4.730
198.56  -4.727
198.66  -4.724
198.76  -4.721
198.86  -4.718
198.96  -4.714
199.06  -4.711
199.16  -4.708
199.26  -4.705
199.36  -4.702
199.46  -4.699
199.56  -4.696
199.66  -4.694
199.77  -4.691
199.87  -4.688
199.97  -4.685
200.07  -4.682
200.17  -4.679
200.27  -4.676
200.37  -4.673
200.47  -4.670
200.57  -4.667
200.67  -4.663
200.77  -4.660
200.88  -4.657
200.97  -4.654
201.07  -4.651
201.17  -4.648
201.26  -4.645
201.36  -4.642
201.45  -4.639
201.55  -4.636
201.65  -4.633
201.75  -4.630
201.84  -4.627
201.94  -4.624
202.03  -4.621
202.13  -4.618
202.23  -4.615
202.32  -4.612
202.42  -4.609
202.52  -4.607
202.61  -4.604
202.71  -4.601
202.81  -4.598
202.90  -4.595
203.00  -4.591
203.10  -4.588
203.20  -4.585
203.30  -4.582
203.40  -4.578
203.49  -4.575
203.59  -4.571
203.69  -4.568
203.78  -4.564
203.88  -4.560
203.98  -4.557
204.08  -4.553
204.17  -4.550
204.27  -4.546
204.36  -4.542
204.46  -4.539
204.56  -4.535
204.65  -4.532
204.75  -4.528
204.84  -4.525
204.94  -4.521
205.04  -4.518
205.14  -4.515
205.24  -4.512
205.33  -4.508
205.43  -4.505
205.52  -4.502
205.62  -4.499
205.71  -4.496
205.81  -4.493
205.91  -4.489
206.01  -4.486
206.10  -4.483
206.20  -4.480
206.30  -4.477
206.39  -4.474
206.49  -4.471
206.58  -4.468
206.69  -4.465
206.78  -4.462
206.88  -4.459
206.98  -4.456
207.07  -4.453
207.17  -4.450
207.27  -4.447
207.37  -4.444
207.47  -4.442
207.56  -4.439
207.66  -4.436
207.75  -4.433
207.85  -4.430
207.95  -4.427
208.04  -4.425
208.14  -4.422
208.24  -4.419
208.33  -4.416
208.43  -4.413
208.53  -4.410
208.63  -4.408
208.72  -4.405
208.82  -4.402
208.92  -4.399
209.01  -4.397
209.11  -4.394
209.21  -4.391
209.31  -4.388
209.40  -4.386
209.50  -4.383
209.60  -4.381
209.70  -4.378
209.79  -4.376
209.89  -4.373
209.99  -4.371
210.08  -4.368
210.18  -4.366
210.28  -4.363
210.38  -4.361
210.47  -4.358
210.57  -4.355
210.67  -4.353
210.77  -4.350
210.87  -4.348
210.97  -4.345
211.07  -4.342
211.16  -4.339
211.26  -4.337
211.36  -4.334
211.46  -4.331
211.56  -4.328
211.65  -4.325
211.75  -4.322
211.84  -4.319
211.94  -4.316
212.03  -4.313
212.13  -4.310
212.23  -4.307
212.33  -4.304
212.43  -4.300
212.52  -4.297
212.62  -4.294
212.71  -4.290
212.81  -4.287
212.91  -4.283
213.01  -4.280
213.11  -4.276
213.20  -4.273
213.30  -4.269
213.40  -4.266
213.50  -4.262
213.59  -4.259
213.70  -4.255
213.79  -4.252
213.89  -4.248
213.99  -4.245
214.08  -4.242
214.18  -4.238
214.28  -4.235
214.38  -4.232
214.47  -4.229
214.57  -4.226
214.67  -4.223
214.77  -4.221
214.87  -4.218
214.96  -4.215
215.06  -4.212
215.16  -4.209
215.25  -4.206
215.36  -4.204
215.45  -4.201
215.55  -4.198
215.64  -4.196
215.75  -4.193
215.85  -4.190
215.94  -4.188
216.04  -4.185
216.14  -4.183
216.23  -4.180
216.33  -4.178
216.44  -4.175
216.53  -4.172
216.63  -4.170
216.72  -4.167
216.82  -4.165
216.92  -4.162
217.03  -4.160
217.12  -4.157
217.22  -4.154
217.31  -4.151
217.41  -4.148
217.51  -4.145
217.61  -4.142
217.71  -4.139
217.80  -4.136
217.90  -4.133
218.00  -4.130
218.10  -4.127
218.20  -4.124
218.29  -4.121
218.40  -4.118
218.49  -4.114
218.59  -4.111
218.69  -4.108
218.79  -4.105
218.89  -4.102
218.99  -4.099
219.08  -4.096
219.18  -4.093
219.29  -4.090
219.38  -4.087
219.48  -4.084
219.58  -4.081
219.68  -4.078
219.78  -4.075
219.88  -4.072
219.98  -4.070
220.08  -4.067
220.17  -4.064
220.27  -4.061
220.38  -4.058
220.47  -4.055
220.57  -4.052
220.67  -4.049
220.77  -4.047
220.87  -4.044
220.97  -4.041
221.07  -4.038
221.17  -4.035
221.26  -4.032
221.36  -4.030
221.46  -4.027
221.56  -4.024
221.66  -4.021
221.76  -4.018
221.86  -4.016
221.95  -4.013
222.05  -4.010
222.15  -4.007
222.25  -4.004
222.35  -4.001
222.45  -3.998
222.55  -3.995
222.65  -3.992
222.74  -3.989
222.84  -3.986
222.94  -3.983
223.04  -3.981
223.14  -3.978
223.24  -3.975
223.33  -3.972
223.43  -3.969
223.53  -3.966
223.63  -3.964
223.73  -3.961
223.82  -3.958
223.92  -3.956
224.02  -3.953
224.11  -3.951
224.21  -3.948
224.31  -3.946
224.41  -3.943
224.51  -3.941
224.60  -3.938
224.70  -3.935
224.80  -3.933
224.90  -3.930
225.00  -3.928
225.09  -3.925
225.19  -3.922
225.29  -3.919
225.38  -3.916
225.49  -3.913
225.58  -3.910
225.68  -3.907
225.78  -3.904
225.88  -3.901
225.97  -3.898
226.08  -3.895
226.17  -3.892
226.27  -3.889
226.37  -3.885
226.46  -3.882
226.56  -3.879
226.66  -3.876
226.76  -3.873
226.86  -3.870
226.95  -3.867
227.05  -3.864
227.15  -3.861
227.25  -3.857
227.35  -3.854
227.45  -3.851
227.54  -3.848
227.64  -3.845
227.74  -3.842
227.84  -3.839
227.94  -3.836
228.03  -3.832
228.13  -3.829
228.23  -3.826
228.32  -3.823
228.42  -3.820
228.52  -3.817
228.62  -3.813
228.72  -3.810
228.81  -3.807
228.91  -3.804
229.01  -3.801
229.11  -3.797
229.21  -3.794
229.30  -3.791
229.40  -3.788
229.50  -3.785
229.60  -3.782
229.70  -3.779
229.79  -3.776
229.89  -3.773
229.99  -3.770
230.09  -3.767
230.18  -3.764
230.28  -3.761
230.38  -3.758
230.48  -3.755
230.58  -3.752
230.67  -3.749
230.77  -3.746
230.87  -3.743
230.97  -3.740
231.06  -3.737
231.16  -3.734
231.26  -3.732
231.36  -3.729
231.46  -3.726
231.55  -3.724
231.65  -3.721
231.75  -3.718
231.85  -3.716
231.95  -3.713
232.04  -3.711
232.14  -3.708
232.24  -3.706
232.33  -3.703
232.43  -3.701
232.53  -3.698
232.63  -3.695
232.72  -3.693
232.82  -3.690
232.92  -3.688
233.01  -3.685
233.11  -3.682
233.20  -3.679
233.29  -3.676
233.39  -3.674
233.49  -3.671
233.58  -3.668
233.67  -3.665
233.76  -3.662
233.86  -3.659
233.95  -3.656
234.05  -3.653
234.14  -3.650
234.24  -3.647
234.33  -3.644
234.42  -3.642
234.52  -3.639
234.61  -3.636
234.71  -3.633
234.80  -3.630
234.89  -3.627
234.99  -3.624
235.08  -3.621
235.18  -3.618
235.27  -3.615
235.36  -3.612
235.46  -3.609
235.55  -3.606
235.64  -3.603
235.74  -3.600
235.84  -3.597
235.93  -3.594
236.02  -3.591
236.11  -3.588
236.21  -3.586
236.30  -3.583
236.39  -3.580
236.49  -3.577
236.58  -3.574
236.68  -3.571
236.77  -3.568
236.86  -3.566
236.96  -3.563
237.05  -3.560
237.15  -3.557
237.24  -3.554
237.34  -3.551
237.43  -3.548
237.52  -3.545
237.62  -3.541
237.71  -3.538
237.81  -3.535
237.90  -3.531
238.00  -3.528
238.09  -3.524
238.18  -3.521
238.28  -3.518
238.37  -3.514
238.47  -3.511
238.56  -3.507
238.66  -3.504
238.75  -3.501
238.85  -3.497
238.94  -3.494
239.04  -3.491
239.13  -3.488
239.22  -3.485
239.32  -3.482
239.41  -3.479
239.51  -3.476
239.60  -3.473
239.70  -3.470
239.79  -3.467
239.88  -3.464
239.98  -3.461
240.07  -3.458
240.17  -3.455
240.26  -3.452
240.35  -3.449
240.45  -3.446
240.54  -3.443
240.64  -3.440
240.73  -3.437
240.83  -3.434
240.92  -3.431
241.01  -3.428
241.10  -3.425
241.20  -3.422
241.29  -3.419
241.39  -3.416
241.48  -3.412
241.57  -3.409
241.67  -3.406
241.76  -3.403
241.85  -3.400
241.95  -3.397
242.04  -3.394
242.13  -3.391
242.23  -3.387
242.32  -3.384
242.42  -3.381
242.51  -3.378
242.60  -3.375
242.70  -3.371
242.79  -3.368
242.89  -3.365
242.98  -3.362
243.07  -3.358
243.17  -3.355
243.26  -3.352
243.36  -3.349
243.45  -3.345
243.54  -3.342
243.64  -3.339
243.73  -3.335
243.82  -3.332
243.92  -3.329
244.02  -3.325
244.11  -3.322
244.20  -3.318
244.30  -3.315
244.39  -3.311
244.49  -3.308
244.58  -3.304
244.68  -3.301
244.77  -3.297
244.86  -3.294
244.95  -3.290
245.05  -3.287
245.14  -3.283
245.24  -3.280
245.33  -3.276
245.43  -3.273
245.53  -3.269
245.62  -3.265
245.71  -3.262
245.81  -3.258
245.90  -3.255
245.99  -3.251
246.09  -3.247
246.18  -3.244
246.28  -3.240
246.37  -3.236
246.47  -3.232
246.56  -3.228
246.65  -3.224
246.75  -3.220
246.84  -3.216
246.94  -3.212
247.03  -3.208
247.12  -3.203
247.22  -3.199
247.32  -3.195
247.41  -3.191
247.51  -3.187
247.60  -3.183
247.69  -3.179
247.79  -3.175
247.88  -3.171
247.98  -3.167
248.07  -3.164
248.16  -3.160
248.26  -3.157
248.35  -3.154
248.45  -3.151
248.54  -3.148
248.64  -3.145
248.73  -3.142
248.83  -3.139
248.92  -3.136
249.01  -3.134
249.11  -3.131
249.20  -3.128
249.30  -3.124
249.39  -3.121
249.49  -3.118
249.58  -3.114
249.67  -3.110
249.77  -3.106
249.86  -3.102
249.96  -3.098
250.06  -3.094
250.15  -3.090
250.24  -3.085
250.34  -3.081
250.43  -3.077
250.52  -3.073
250.62  -3.068
250.71  -3.064
250.80  -3.060
250.90  -3.056
251.00  -3.052
251.09  -3.048
251.18  -3.045
251.28  -3.042
251.37  -3.038
251.47  -3.035
251.56  -3.032
251.66  -3.029
251.75  -3.026
251.85  -3.023
251.94  -3.020
252.04  -3.016
252.13  -3.013
252.22  -3.010
252.32  -3.007
252.41  -3.003
252.50  -3.000
252.60  -2.996
252.69  -2.993
252.79  -2.989
252.88  -2.985
252.97  -2.981
253.06  -2.977
253.16  -2.973
253.25  -2.969
253.35  -2.965
253.44  -2.961
253.53  -2.957
253.62  -2.953
253.72  -2.949
253.81  -2.945
253.90  -2.941
254.00  -2.938
254.09  -2.934
254.18  -2.930
254.28  -2.926
254.37  -2.922
254.47  -2.918
254.56  -2.915
254.65  -2.911
254.74  -2.907
254.84  -2.903
254.93  -2.900
255.03  -2.896
255.12  -2.892
255.21  -2.889
255.30  -2.885
255.39  -2.881
255.49  -2.878
255.59  -2.874
255.68  -2.871
255.77  -2.867
255.87  -2.864
255.96  -2.860
256.05  -2.857
256.24  -2.850
256.33  -2.846
256.42  -2.843
256.52  -2.840
256.61  -2.836
256.71  -2.833
256.80  -2.829
256.89  -2.826
256.98  -2.822
257.08  -2.818
257.17  -2.815
257.26  -2.811
257.36  -2.807
257.45  -2.803
257.54  -2.799
257.64  -2.795
257.73  -2.792
257.83  -2.788
257.92  -2.784
258.02  -2.780
258.11  -2.776
258.21  -2.772
258.30  -2.768
258.39  -2.764
258.49  -2.760
258.58  -2.757
258.68  -2.753
258.77  -2.749
258.86  -2.745
258.96  -2.741
259.05  -2.737
259.15  -2.733
259.24  -2.729
259.33  -2.726
259.43  -2.722
259.52  -2.718
259.62  -2.714
259.71  -2.710
259.90  -2.703
259.99  -2.699
260.09  -2.695
260.18  -2.692
260.28  -2.688
260.37  -2.685
260.47  -2.681
260.56  -2.677
260.65  -2.674
260.75  -2.670
260.84  -2.667
260.94  -2.664
261.03  -2.660
261.12  -2.657
261.22  -2.653
261.31  -2.650
261.41  -2.646
261.50  -2.642
261.59  -2.639
261.69  -2.635
261.78  -2.631
261.88  -2.628
261.97  -2.624
262.07  -2.620
262.16  -2.616
262.25  -2.612
262.35  -2.609
262.44  -2.605
262.54  -2.601
262.63  -2.597
262.73  -2.593
262.82  -2.590
262.91  -2.586
263.01  -2.583
263.19  -2.576
263.29  -2.573
263.38  -2.570
263.47  -2.567
263.57  -2.564
263.66  -2.561
263.75  -2.558
263.84  -2.555
263.93  -2.552
264.02  -2.549
264.11  -2.545
264.20  -2.542
264.29  -2.539
264.38  -2.535
264.47  -2.531
264.56  -2.527
264.65  -2.522
264.74  -2.518
264.83  -2.513
264.92  -2.508
265.01  -2.503
265.09  -2.498
265.18  -2.493
265.27  -2.487
265.37  -2.482
265.45  -2.477
265.54  -2.472
265.63  -2.467
265.72  -2.463
265.81  -2.458
265.90  -2.454
265.99  -2.449
266.08  -2.446
266.17  -2.442
266.26  -2.438
266.35  -2.435
266.45  -2.432
266.54  -2.429
266.62  -2.425
266.71  -2.422
266.80  -2.419
266.89  -2.416
266.98  -2.413
267.07  -2.410
267.16  -2.407
267.26  -2.404
267.35  -2.401
267.44  -2.398
267.53  -2.395
267.62  -2.392
267.71  -2.389
267.80  -2.386
267.89  -2.383
267.98  -2.380
268.07  -2.377
268.16  -2.374
268.24  -2.371
268.34  -2.367
268.42  -2.364
268.52  -2.361
268.61  -2.358
268.70  -2.354
268.79  -2.351
268.88  -2.347
268.96  -2.343
269.06  -2.339
269.15  -2.335
269.24  -2.331
269.32  -2.326
269.41  -2.322
269.50  -2.317
269.59  -2.313
269.68  -2.308
269.77  -2.304
269.86  -2.300
270.04  -2.291
270.13  -2.286
270.22  -2.282
270.31  -2.278
270.40  -2.274
270.49  -2.271
270.58  -2.267
270.67  -2.263
270.76  -2.260
270.85  -2.256
270.94  -2.253
271.03  -2.249
271.12  -2.245
271.21  -2.242
271.30  -2.238
271.39  -2.235
271.47  -2.231
271.56  -2.228
271.65  -2.224
271.74  -2.221
271.83  -2.217
271.92  -2.213
272.01  -2.210
272.10  -2.206
272.19  -2.202
272.28  -2.199
272.37  -2.195
272.46  -2.191
272.55  -2.188
272.64  -2.184
272.73  -2.181
272.82  -2.177
272.91  -2.173
273.00  -2.170
273.09  -2.166
273.18  -2.163
273.27  -2.159
273.36  -2.156
273.45  -2.152
273.54  -2.149
273.63  -2.145
273.72  -2.142
273.81  -2.138
273.90  -2.135
273.99  -2.131
274.08  -2.128
274.17  -2.124
274.26  -2.121
274.35  -2.117
274.44  -2.113
274.53  -2.110
274.62  -2.106
274.71  -2.103
274.80  -2.099
274.89  -2.095
274.99  -2.091
275.07  -2.088
275.16  -2.084
275.25  -2.080
275.35  -2.076
275.44  -2.072
275.53  -2.069
275.62  -2.065
275.71  -2.061
275.80  -2.057
275.89  -2.053
275.98  -2.049
276.07  -2.045
276.16  -2.042
276.25  -2.038
276.34  -2.034
276.43  -2.030
276.52  -2.026
276.61  -2.022
276.70  -2.018
276.79  -2.014
276.87  -2.010
276.97  -2.006
277.06  -2.002
277.15  -1.998
277.23  -1.994
277.32  -1.990
277.41  -1.986
277.50  -1.982
277.59  -1.979
277.68  -1.975
277.77  -1.971
277.86  -1.967
277.95  -1.963
278.04  -1.959
278.13  -1.956
278.22  -1.952
278.31  -1.948
278.40  -1.944
278.49  -1.940
278.58  -1.936
278.67  -1.933
278.76  -1.929
278.85  -1.925
278.94  -1.921
279.03  -1.917
279.12  -1.913
279.21  -1.909
279.30  -1.905
279.39  -1.901
279.48  -1.898
279.57  -1.894
279.66  -1.890
279.75  -1.886
279.84  -1.882
279.93  -1.878
280.01  -1.874
280.11  -1.870
280.20  -1.866
280.29  -1.862
280.38  -1.858
280.47  -1.855
280.55  -1.851
280.64  -1.847
280.74  -1.843
280.82  -1.839
280.91  -1.835
281.01  -1.831
281.10  -1.827
281.19  -1.823
281.28  -1.819
281.37  -1.816
281.46  -1.812
281.55  -1.808
281.64  -1.804
281.73  -1.800
281.82  -1.796
281.91  -1.792
282.00  -1.788
282.08  -1.784
282.17  -1.781
282.26  -1.777
282.35  -1.773
282.44  -1.769
282.54  -1.765
282.62  -1.761
282.72  -1.757
282.81  -1.753
282.90  -1.749
282.99  -1.745
283.08  -1.742
283.17  -1.738
283.26  -1.734
283.35  -1.730
283.45  -1.726
283.54  -1.722
283.63  -1.718
283.72  -1.714
283.81  -1.709
283.90  -1.705
283.99  -1.701
284.08  -1.697
284.17  -1.693
284.26  -1.689
284.35  -1.685
284.44  -1.681
284.53  -1.677
284.62  -1.673
284.71  -1.669
284.80  -1.665
284.89  -1.661
284.98  -1.657
285.07  -1.653
285.16  -1.649
285.25  -1.645
285.34  -1.641
285.43  -1.637
285.52  -1.633
285.61  -1.629
285.70  -1.625
285.79  -1.621
285.88  -1.617
285.97  -1.613
286.06  -1.609
286.15  -1.605
286.24  -1.601
286.33  -1.597
286.42  -1.593
286.51  -1.589
286.60  -1.585
286.68  -1.581
286.77  -1.578
286.86  -1.574
287.04  -1.566
287.13  -1.562
287.22  -1.558
287.31  -1.554
287.41  -1.550
287.49  -1.547
287.59  -1.543
287.68  -1.539
287.77  -1.536
287.85  -1.532
287.94  -1.528
288.03  -1.525
288.12  -1.521
288.21  -1.517
288.30  -1.514
288.39  -1.510
288.48  -1.507
288.57  -1.503
288.66  -1.499
288.75  -1.496
288.84  -1.492
288.93  -1.488
289.02  -1.485
289.11  -1.481
289.20  -1.477
289.29  -1.473
289.38  -1.469
289.47  -1.465
289.56  -1.461
289.65  -1.458
289.74  -1.454
289.83  -1.450
289.92  -1.446
290.00  -1.442
290.09  -1.438
290.18  -1.434
290.27  -1.430
290.36  -1.426
290.45  -1.422
290.54  -1.418
290.63  -1.414
290.72  -1.411
290.81  -1.407
290.90  -1.403
290.99  -1.399
291.08  -1.395
291.17  -1.391
291.26  -1.387
291.35  -1.383
291.43  -1.379
291.52  -1.375
291.61  -1.371
291.70  -1.367
291.79  -1.363
291.88  -1.359
291.97  -1.355
292.06  -1.351
292.15  -1.347
292.24  -1.343
292.33  -1.339
292.42  -1.335
292.51  -1.331
292.60  -1.327
292.69  -1.323
292.78  -1.319
292.86  -1.315
292.96  -1.311
293.05  -1.307
293.14  -1.303
293.22  -1.299
293.31  -1.295
293.39  -1.291
293.48  -1.287
293.57  -1.283
293.65  -1.279
293.73  -1.275
293.82  -1.271
293.90  -1.267
293.99  -1.263
294.08  -1.259
294.17  -1.255
294.25  -1.251
294.34  -1.247
294.42  -1.243
294.51  -1.239
294.60  -1.235
294.68  -1.231
294.77  -1.228
294.86  -1.224
294.94  -1.220
295.03  -1.216
295.12  -1.212
295.20  -1.209
295.29  -1.205
295.37  -1.201
295.46  -1.197
295.54  -1.194
295.63  -1.190
295.71  -1.186
295.80  -1.183
295.89  -1.179
295.98  -1.176
296.06  -1.173
296.15  -1.170
296.24  -1.167
296.32  -1.165
296.41  -1.162
296.50  -1.159
296.59  -1.156
296.67  -1.154
296.76  -1.151
296.84  -1.148
296.93  -1.146
297.01  -1.143
297.10  -1.140
297.19  -1.137
297.27  -1.134
297.36  -1.130
297.45  -1.126
297.53  -1.122
297.62  -1.118
297.71  -1.113
297.79  -1.108
297.88  -1.104
297.96  -1.099
298.05  -1.094
298.14  -1.089
298.22  -1.084
298.31  -1.080
298.39  -1.075
298.48  -1.070
298.56  -1.065
298.65  -1.061
298.74  -1.057
298.82  -1.053
298.91  -1.050
298.99  -1.046
299.08  -1.043
299.17  -1.040
299.25  -1.037
299.34  -1.034
299.42  -1.031
299.51  -1.028
299.60  -1.025
299.68  -1.022
299.77  -1.019
299.86  -1.016
299.94  -1.013
300.03  -1.010
300.11  -1.007
300.20  -1.004
300.29  -1.000
300.38  -0.997
300.46  -0.994
300.55  -0.990
300.64  -0.987
300.72  -0.983
300.81  -0.979
300.90  -0.976
300.99  -0.972
301.08  -0.969
301.16  -0.965
301.25  -0.961
301.34  -0.957
301.43  -0.953
301.51  -0.949
301.60  -0.944
301.69  -0.939
301.78  -0.934
301.86  -0.929
301.95  -0.924
302.04  -0.919
302.13  -0.914
302.21  -0.908
302.30  -0.903
302.39  -0.898
302.47  -0.892
302.56  -0.887
302.65  -0.882
302.74  -0.876
302.82  -0.871
302.91  -0.867
303.00  -0.862
303.08  -0.858
303.17  -0.854
303.26  -0.850
303.35  -0.846
303.44  -0.842
303.53  -0.838
303.61  -0.834
303.70  -0.831
303.79  -0.827
303.88  -0.823
303.96  -0.819
304.05  -0.816
304.14  -0.812
304.22  -0.808
304.31  -0.805
304.40  -0.801
304.49  -0.797
304.57  -0.793
304.66  -0.789
304.75  -0.785
304.84  -0.781
304.92  -0.777
305.01  -0.773
305.10  -0.769
305.19  -0.765
305.28  -0.761
305.37  -0.757
305.45  -0.753
305.54  -0.749
305.63  -0.745
305.71  -0.741
305.80  -0.736
305.89  -0.732
305.98  -0.728
306.06  -0.724
306.15  -0.720
306.24  -0.716
306.32  -0.712
306.41  -0.707
306.50  -0.703
306.58  -0.699
306.67  -0.695
306.76  -0.690
306.84  -0.686
306.93  -0.682
307.02  -0.677
307.11  -0.673
307.19  -0.669
307.28  -0.664
307.37  -0.660
307.45  -0.656
307.54  -0.651
307.63  -0.647
307.71  -0.643
307.80  -0.638
307.88  -0.634
307.97  -0.629
308.06  -0.625
308.15  -0.621
308.24  -0.616
308.32  -0.612
308.41  -0.607
308.50  -0.602
308.58  -0.598
308.67  -0.593
308.76  -0.588
308.84  -0.583
308.93  -0.578
309.02  -0.573
309.10  -0.568
309.19  -0.563
309.28  -0.558
309.37  -0.553
309.45  -0.548
309.54  -0.543
309.63  -0.539
309.72  -0.534
309.80  -0.529
309.89  -0.525
309.98  -0.521
310.06  -0.517
310.15  -0.513
310.24  -0.509
310.32  -0.505
310.41  -0.501
310.50  -0.497
310.59  -0.494
310.67  -0.490
310.76  -0.486
310.85  -0.483
310.93  -0.479
311.02  -0.475
311.11  -0.472
311.20  -0.468
311.28  -0.464
311.37  -0.460
311.46  -0.456
311.55  -0.452
311.63  -0.448
311.72  -0.444
311.80  -0.440
311.89  -0.436
311.98  -0.432
312.06  -0.427
312.15  -0.423
312.24  -0.419
312.32  -0.415
312.41  -0.411
312.49  -0.406
312.58  -0.402
312.67  -0.398
312.75  -0.393
312.84  -0.389
312.92  -0.385
313.01  -0.380
313.10  -0.376
313.19  -0.371
313.27  -0.367
313.35  -0.362
313.44  -0.358
313.53  -0.353
313.62  -0.349
313.70  -0.344
313.79  -0.340
313.96  -0.331
314.05  -0.327
314.14  -0.323
314.22  -0.319
314.30  -0.315
314.39  -0.311
314.47  -0.307
314.56  -0.303
314.65  -0.299
314.74  -0.295
314.82  -0.291
314.90  -0.287
314.99  -0.283
315.07  -0.280
315.16  -0.276
315.25  -0.272
315.33  -0.268
315.42  -0.264
315.50  -0.260
315.59  -0.257
315.68  -0.253
315.76  -0.249
315.85  -0.245
315.93  -0.241
316.02  -0.237
316.11  -0.234
316.19  -0.230
316.28  -0.226
316.37  -0.222
316.45  -0.218
316.54  -0.214
316.63  -0.211
316.71  -0.207
316.80  -0.203
316.89  -0.199
316.97  -0.195
317.06  -0.191
317.15  -0.187
317.23  -0.183
317.32  -0.179
317.41  -0.175
317.49  -0.171
317.58  -0.167
317.66  -0.163
317.75  -0.159
317.84  -0.155
317.93  -0.151
318.01  -0.147
318.10  -0.142
318.19  -0.138
318.28  -0.134
318.36  -0.130
318.45  -0.126
318.53  -0.122
318.62  -0.118
318.70  -0.114
318.79  -0.110
318.88  -0.106
318.97  -0.102
319.05  -0.098
319.14  -0.094
319.23  -0.090
319.31  -0.086
319.40  -0.082
319.49  -0.077
319.57  -0.073
319.66  -0.069
319.74  -0.065
319.83  -0.061
319.92  -0.057
320.00  -0.053
320.09  -0.049
320.17  -0.044
320.26  -0.040
320.35  -0.036
320.43  -0.032
320.52  -0.028
320.61  -0.024
320.70  -0.020
320.78  -0.016
320.87  -0.012
320.96  -0.007
321.04  -0.003
321.13   0.001
321.21   0.005
321.30   0.009
321.39   0.013
321.48   0.017
321.56   0.021
321.65   0.025
321.73   0.029
321.82   0.033
321.91   0.037
321.99   0.041
322.08   0.045
322.16   0.048
322.25   0.052
322.33   0.056
322.41   0.060
322.50   0.064
322.58   0.068
322.67   0.072
322.75   0.075
322.84   0.079
322.92   0.083
323.00   0.087
323.08   0.091
323.17   0.094
323.25   0.098
323.33   0.102
323.41   0.106
323.50   0.109
323.58   0.113
323.66   0.117
323.75   0.121
323.83   0.124
323.91   0.128
324.00   0.132
324.08   0.136
324.17   0.139
324.25   0.143
324.33   0.147
324.41   0.151
324.50   0.155
324.58   0.159
324.66   0.162
324.74   0.166
324.83   0.170
324.91   0.174
324.99   0.178
325.07   0.182
325.15   0.185
325.24   0.189
325.32   0.193
325.40   0.197
325.48   0.201
325.57   0.205
325.65   0.209
325.73   0.213
325.82   0.217
325.90   0.221
325.99   0.224
326.07   0.228
326.15   0.232
326.24   0.237
326.32   0.241
326.40   0.245
326.48   0.249
326.56   0.253
326.65   0.258
326.73   0.262
326.82   0.266
326.90   0.271
326.98   0.275
327.06   0.280
327.15   0.284
327.23   0.288
327.32   0.293
327.40   0.297
327.48   0.302
327.56   0.306
327.64   0.310
327.73   0.314
327.81   0.318
327.89   0.322
327.98   0.326
328.06   0.330
328.14   0.334
328.23   0.338
328.31   0.342
328.39   0.345
328.47   0.349
328.55   0.353
328.63   0.357
328.72   0.361
328.81   0.366
328.89   0.370
328.97   0.374
329.05   0.379
329.14   0.384
329.22   0.390
329.31   0.395
329.38   0.401
329.47   0.406
329.55   0.412
329.63   0.417
329.71   0.423
329.80   0.428
329.88   0.434
329.96   0.439
330.04   0.445
330.13   0.450
330.21   0.455
330.30   0.460
330.38   0.465
330.46   0.469
330.54   0.474
330.62   0.478
330.71   0.482
330.79   0.486
330.87   0.490
330.95   0.494
331.03   0.499
331.12   0.503
331.21   0.507
331.29   0.511
331.37   0.514
331.45   0.518
331.54   0.522
331.62   0.526
331.71   0.530
331.79   0.534
331.87   0.537
331.95   0.541
332.03   0.545
332.12   0.549
332.20   0.553
332.28   0.556
332.37   0.560
332.45   0.564
332.53   0.568
332.62   0.572
332.70   0.576
332.78   0.579
332.87   0.583
332.95   0.588
333.03   0.592
333.12   0.596
333.20   0.600
333.28   0.605
333.37   0.609
333.45   0.614
333.53   0.619
333.62   0.623
333.70   0.628
333.79   0.632
333.87   0.637
333.95   0.642
334.03   0.646
334.12   0.651
334.20   0.656
334.29   0.660
334.37   0.665
334.45   0.670
334.54   0.674
334.62   0.679
334.70   0.684
334.79   0.688
334.87   0.693
334.95   0.697
335.04   0.702
335.12   0.707
335.20   0.711
335.29   0.716
335.37   0.720
335.45   0.725
335.54   0.729
335.63   0.733
335.71   0.738
335.79   0.742
335.87   0.746
335.96   0.750
336.04   0.754
336.12   0.758
336.20   0.762
336.29   0.766
336.37   0.770
336.46   0.774
336.53   0.778
336.70   0.786
336.79   0.790
336.87   0.794
336.95   0.798
337.04   0.802
337.12   0.807
337.21   0.811
337.29   0.815
337.37   0.820
337.46   0.824
337.54   0.829
337.62   0.833
337.71   0.837
337.79   0.842
337.87   0.846
337.96   0.851
338.04   0.855
338.12   0.859
338.21   0.864
338.29   0.868
338.38   0.873
338.46   0.877
338.54   0.881
338.62   0.886
338.71   0.890
338.79   0.894
338.87   0.899
338.96   0.903
339.04   0.907
339.12   0.911
339.20   0.916
339.29   0.920
339.37   0.924
339.45   0.928
339.54   0.933
339.62   0.937
339.71   0.941
339.79   0.945
339.87   0.949
339.95   0.953
340.03   0.957
340.12   0.961
340.20   0.965
340.29   0.969
340.37   0.973
340.45   0.977
340.53   0.981
340.62   0.985
340.70   0.988
340.78   0.992
340.86   0.996
340.94   1.000
341.03   1.004
341.11   1.008
341.20   1.012
341.28   1.016
341.37   1.020
341.45   1.024
341.54   1.028
341.62   1.032
341.71   1.036
341.79   1.040
341.87   1.044
341.95   1.048
342.04   1.052
342.13   1.056
342.21   1.060
342.30   1.064
342.38   1.068
342.46   1.072
342.54   1.076
342.63   1.080
342.71   1.084
342.79   1.087
342.88   1.091
342.96   1.095
343.05   1.099
343.13   1.103
343.22   1.107
343.30   1.111
343.38   1.115
343.46   1.119
343.55   1.123
343.63   1.128
343.72   1.132
343.80   1.137
343.88   1.141
343.97   1.146
344.05   1.151
344.22   1.160
344.30   1.165
344.39   1.170
344.47   1.175
344.56   1.180
344.64   1.185
344.73   1.189
344.81   1.194
344.89   1.199
344.97   1.204
345.06   1.209
345.15   1.213
345.23   1.218
345.32   1.223
345.40   1.227
345.48   1.232
345.56   1.236
345.65   1.241
345.73   1.245
345.81   1.250
345.90   1.254
345.98   1.259
346.07   1.263
346.15   1.268
346.23   1.273
346.31   1.277
346.40   1.282
346.48   1.286
346.56   1.291
346.65   1.295
346.73   1.300
346.82   1.304
346.90   1.309
346.98   1.313
347.07   1.318
347.15   1.322
347.24   1.327
347.32   1.331
347.41   1.336
347.49   1.340
347.58   1.344
347.66   1.349
347.74   1.353
347.83   1.357
347.91   1.361
347.99   1.365
348.08   1.369
348.16   1.373
348.25   1.377
348.33   1.381
348.41   1.385
348.50   1.389
348.58   1.393
348.67   1.397
348.75   1.401
348.83   1.405
348.92   1.409
349.00   1.413
349.09   1.418
349.17   1.422
349.26   1.427
349.34   1.431
349.42   1.436
349.51   1.441
349.60   1.446
349.68   1.450
349.76   1.455
349.85   1.460
349.93   1.465
350.02   1.470
350.10   1.475
350.18   1.479
350.26   1.484
350.34   1.489
350.42   1.493
350.50   1.498
350.59   1.502
350.66   1.507
350.75   1.511
350.83   1.516
350.91   1.520
350.99   1.524
351.07   1.529
351.15   1.533
351.23   1.537
351.31   1.542
351.39   1.546
351.48   1.550
351.64   1.559
351.72   1.563
351.80   1.567
351.88   1.571
351.96   1.575
352.05   1.579
352.12   1.583
352.21   1.587
352.29   1.591
352.37   1.595
352.45   1.599
352.53   1.603
352.61   1.607
352.69   1.611
352.77   1.614
352.86   1.618
352.94   1.622
353.02   1.625
353.10   1.629
353.18   1.633
353.26   1.636
353.35   1.640
353.43   1.643
353.51   1.647
353.59   1.650
353.68   1.654
353.76   1.657
353.84   1.661
353.92   1.664
354.00   1.668
354.09   1.671
354.17   1.675
354.25   1.678
354.33   1.681
354.41   1.684
354.50   1.687
354.58   1.690
354.66   1.694
354.74   1.697
354.82   1.700
354.90   1.703
354.99   1.707
355.07   1.710
355.15   1.713
355.23   1.717
355.32   1.720
355.40   1.724
355.48   1.728
355.56   1.732
355.65   1.737
355.73   1.742
355.81   1.747
355.90   1.752
355.98   1.757
356.06   1.763
356.14   1.768
356.31   1.780
356.39   1.785
356.47   1.791
356.55   1.796
356.63   1.802
356.72   1.807
356.80   1.812
356.88   1.818
356.97   1.823
357.05   1.827
357.13   1.832
357.21   1.836
357.29   1.841
357.38   1.845
357.46   1.849
357.54   1.853
357.62   1.857
357.71   1.861
357.79   1.865
357.87   1.869
357.95   1.873
358.03   1.877
358.11   1.881
358.19   1.884
358.28   1.888
358.36   1.891
358.44   1.895
358.52   1.898
358.60   1.901
358.69   1.905
358.77   1.908
358.85   1.911
358.94   1.914
359.02   1.918
359.10   1.921
359.18   1.924
359.26   1.927
359.35   1.930
359.42   1.934
359.51   1.937
359.59   1.940
359.67   1.944
359.75   1.947
359.84   1.951
359.92   1.955
360.00   1.958
360.08   1.962
360.16   1.966
360.25   1.970
360.33   1.973
360.41   1.977
360.49   1.981
360.58   1.985
360.66   1.989
360.74   1.993
360.82   1.997
360.90   2.001
360.98   2.006
361.07   2.010
361.15   2.015
361.23   2.020
361.31   2.024
361.39   2.029
361.48   2.034
361.56   2.038
361.64   2.043
361.73   2.048
361.81   2.052
361.89   2.057
361.97   2.061
362.05   2.065
362.14   2.069
362.22   2.072
362.30   2.075
362.38   2.078
362.46   2.081
362.54   2.084
362.62   2.086
362.70   2.089
362.78   2.091
362.86   2.093
362.95   2.096
363.03   2.098
363.11   2.101
363.19   2.103
363.36   2.109
363.44   2.112
363.52   2.115
363.61   2.118
363.69   2.121
363.77   2.125
363.85   2.129
363.93   2.133
364.02   2.136
364.10   2.140
364.18   2.144
364.26   2.148
364.35   2.152
364.43   2.156
364.51   2.160
364.59   2.164
364.67   2.169
364.75   2.173
364.84   2.177
364.92   2.182
365.00   2.186
365.08   2.190
365.16   2.195
365.24   2.199
365.32   2.204
365.41   2.209
365.49   2.213
365.57   2.218
365.65   2.222
365.73   2.227
365.82   2.232
365.90   2.236
365.98   2.241
366.06   2.245
366.14   2.249
366.22   2.253
366.30   2.258
366.39   2.262
366.47   2.265
366.55   2.269
366.63   2.273
366.71   2.277
366.79   2.281
366.88   2.285
366.96   2.288
367.04   2.292
367.12   2.296
367.20   2.300
367.28   2.303
367.36   2.307
367.45   2.311
367.53   2.315
367.61   2.319
367.69   2.323
367.77   2.326
367.86   2.330
367.94   2.334
368.02   2.338
368.10   2.342
368.18   2.346
368.27   2.349
368.35   2.353
368.43   2.357
368.51   2.360
368.59   2.364
368.67   2.367
368.75   2.371
368.83   2.374
368.92   2.377
369.00   2.380
369.07   2.383
369.16   2.386
369.24   2.389
369.32   2.392
369.40   2.395
369.48   2.398
369.56   2.401
369.64   2.404
369.72   2.407
369.80   2.410
369.88   2.413
369.97   2.417
370.05   2.420
370.13   2.423
370.21   2.426
370.29   2.430
370.37   2.433
370.45   2.436
370.53   2.440
370.62   2.443
370.70   2.446
370.78   2.450
370.86   2.453
370.94   2.457
371.02   2.460
371.10   2.463
371.18   2.467
371.26   2.470
371.34   2.474
371.42   2.477
371.50   2.480
371.58   2.484
371.65   2.487
371.74   2.491
371.82   2.494
371.89   2.497
371.97   2.501
372.06   2.504
372.14   2.508
372.22   2.511
372.30   2.514
372.38   2.518
372.46   2.521
372.54   2.524
372.62   2.527
372.71   2.531
372.79   2.534
372.87   2.537
372.95   2.540
373.03   2.543
373.11   2.546
373.19   2.549
373.27   2.552
373.36   2.555
373.44   2.558
373.52   2.561
373.60   2.564
373.68   2.567
373.76   2.570
373.84   2.573
