  
  DOI/GTN-P Deep Borehole Array, Arctic Alaska 
             U.S. Geological Survey 
            Processed Temperature Log 
                    26-Aug-2013 
________________________________________________ 
  
Temperature Log Information: 
  Well name:   Drew Point Test Well #1 
  File name:   DRP_84AUG10a_c_d 
  Log date:    10-AUG-1984 
  
Contact Information: 
  Gary Clow 
  U.S. Geological Survey 
  clow@usgs.gov 
  
Definitions: 
  Depth:        Depth below local ground surface (m) 
  Temperature:  ITS-90 temperature (°C) 
________________________________________________ 
             
 Depth  Temperature 
 40.54  -9.101
 40.84  -9.094
 41.15  -9.087
 41.45  -9.080
 41.76  -9.073
 42.06  -9.068
 42.37  -9.062
 42.67  -9.056
 42.98  -9.050
 43.28  -9.045
 43.59  -9.039
 43.89  -9.034
 44.20  -9.028
 44.50  -9.023
 44.81  -9.017
 45.11  -9.012
 45.42  -9.006
 45.72  -9.001
 46.02  -8.997
 46.33  -8.992
 46.63  -8.988
 46.94  -8.983
 47.24  -8.979
 47.55  -8.975
 47.85  -8.971
 48.16  -8.967
 48.46  -8.963
 48.77  -8.959
 49.07  -8.955
 49.38  -8.950
 49.68  -8.945
 49.99  -8.940
 50.29  -8.935
 50.60  -8.930
 50.90  -8.925
 51.21  -8.919
 51.51  -8.913
 51.82  -8.908
 52.12  -8.902
 52.43  -8.895
 52.73  -8.889
 53.04  -8.883
 53.34  -8.877
 53.64  -8.870
 53.95  -8.864
 54.25  -8.858
 54.56  -8.853
 54.86  -8.847
 55.17  -8.841
 55.47  -8.835
 55.78  -8.829
 56.08  -8.823
 56.39  -8.817
 56.69  -8.811
 57.00  -8.805
 57.30  -8.799
 57.61  -8.794
 57.91  -8.788
 58.22  -8.782
 58.52  -8.776
 58.83  -8.770
 59.13  -8.764
 59.44  -8.758
 59.74  -8.753
 60.05  -8.747
 60.35  -8.741
 60.66  -8.735
 60.96  -8.730
 61.26  -8.724
 61.57  -8.718
 61.87  -8.713
 62.18  -8.708
 62.48  -8.702
 62.79  -8.697
 63.09  -8.691
 63.40  -8.686
 63.70  -8.680
 64.01  -8.675
 64.31  -8.669
 64.62  -8.663
 64.92  -8.657
 65.23  -8.652
 65.53  -8.646
 65.84  -8.640
 66.14  -8.634
 66.45  -8.628
 66.75  -8.621
 67.06  -8.615
 67.36  -8.609
 67.67  -8.603
 67.97  -8.596
 68.28  -8.590
 68.58  -8.584
 68.88  -8.578
 69.19  -8.572
 69.49  -8.565
 69.80  -8.559
 70.10  -8.553
 70.41  -8.547
 70.71  -8.540
 71.02  -8.534
 71.32  -8.528
 71.63  -8.522
 71.93  -8.516
 72.24  -8.509
 72.54  -8.503
 72.85  -8.497
 73.15  -8.490
 73.46  -8.484
 73.76  -8.477
 74.07  -8.471
 74.37  -8.464
 74.68  -8.458
 74.98  -8.451
 75.29  -8.444
 75.59  -8.438
 75.90  -8.431
 76.20  -8.424
 76.50  -8.417
 76.81  -8.411
 77.11  -8.404
 77.42  -8.397
 77.72  -8.390
 78.03  -8.383
 78.33  -8.375
 78.64  -8.368
 78.94  -8.361
 79.25  -8.353
 79.55  -8.346
 79.86  -8.338
 80.16  -8.330
 80.47  -8.323
 80.77  -8.314
 81.08  -8.306
 81.38  -8.298
 81.69  -8.289
 81.99  -8.281
 82.30  -8.272
 82.60  -8.264
 82.91  -8.255
 83.21  -8.247
 83.52  -8.238
 83.82  -8.230
 84.12  -8.221
 84.43  -8.213
 84.73  -8.204
 85.04  -8.196
 85.34  -8.188
 85.65  -8.179
 85.95  -8.171
 86.26  -8.163
 86.56  -8.155
 86.87  -8.147
 87.17  -8.139
 87.48  -8.131
 87.78  -8.123
 88.09  -8.114
 88.39  -8.105
 88.70  -8.097
 89.00  -8.088
 89.31  -8.079
 89.61  -8.070
 89.92  -8.060
 90.22  -8.051
 90.53  -8.041
 90.83  -8.032
 91.14  -8.022
 92.35  -7.982
 92.66  -7.972
 92.96  -7.962
 93.27  -7.952
 93.57  -7.943
 93.88  -7.933
 94.18  -7.924
 94.49  -7.914
 94.79  -7.905
 95.10  -7.896
 95.40  -7.887
 95.71  -7.877
 96.01  -7.868
 96.32  -7.860
 96.62  -7.851
 96.93  -7.842
 97.23  -7.833
 97.54  -7.824
 97.84  -7.815
 98.15  -7.806
 98.45  -7.797
 98.76  -7.788
 99.06  -7.779
 99.36  -7.770
 99.67  -7.761
 99.97  -7.752
100.28  -7.743
100.58  -7.734
100.89  -7.726
101.19  -7.717
101.50  -7.708
101.80  -7.699
102.11  -7.690
102.41  -7.681
102.72  -7.672
103.02  -7.663
103.33  -7.654
103.63  -7.645
103.94  -7.635
104.24  -7.626
104.55  -7.616
104.85  -7.606
105.16  -7.596
105.46  -7.585
105.77  -7.574
106.07  -7.564
106.38  -7.553
106.68  -7.542
106.98  -7.532
107.29  -7.521
107.59  -7.511
107.90  -7.500
108.20  -7.490
108.51  -7.480
108.81  -7.470
109.12  -7.460
109.42  -7.450
109.73  -7.440
110.03  -7.431
110.34  -7.421
110.64  -7.412
110.95  -7.403
111.25  -7.394
111.56  -7.384
111.86  -7.375
112.17  -7.366
112.47  -7.356
112.78  -7.347
113.08  -7.337
113.39  -7.327
113.69  -7.317
114.00  -7.307
114.30  -7.297
114.60  -7.287
114.91  -7.277
115.21  -7.267
115.52  -7.257
115.82  -7.247
116.13  -7.236
116.43  -7.226
116.74  -7.216
117.04  -7.205
117.35  -7.195
117.65  -7.185
117.96  -7.175
118.26  -7.165
118.57  -7.154
118.87  -7.144
119.18  -7.134
119.48  -7.124
119.79  -7.114
120.09  -7.104
120.40  -7.093
120.70  -7.083
121.01  -7.073
121.31  -7.063
121.62  -7.053
121.92  -7.043
122.22  -7.032
122.53  -7.023
122.83  -7.013
123.14  -7.003
123.44  -6.993
123.75  -6.983
124.05  -6.973
124.36  -6.964
124.66  -6.954
124.97  -6.945
125.27  -6.935
125.58  -6.926
125.88  -6.917
126.19  -6.907
126.49  -6.898
126.80  -6.889
127.10  -6.879
127.41  -6.870
127.71  -6.860
128.02  -6.850
128.32  -6.841
128.63  -6.831
128.93  -6.822
129.24  -6.812
129.54  -6.802
129.84  -6.792
130.15  -6.783
130.45  -6.773
130.76  -6.763
131.06  -6.753
131.37  -6.743
131.67  -6.733
131.98  -6.723
132.28  -6.713
132.59  -6.703
132.89  -6.693
133.20  -6.683
133.50  -6.672
133.81  -6.662
134.11  -6.651
134.42  -6.640
134.72  -6.629
135.03  -6.618
135.33  -6.607
135.64  -6.596
135.94  -6.585
136.25  -6.573
136.55  -6.562
136.86  -6.552
137.16  -6.541
137.46  -6.530
137.77  -6.520
138.07  -6.509
138.38  -6.499
138.68  -6.488
138.99  -6.478
139.29  -6.468
139.60  -6.458
139.90  -6.448
140.21  -6.439
140.51  -6.429
140.82  -6.420
141.12  -6.410
141.43  -6.400
141.73  -6.391
142.04  -6.381
142.34  -6.371
142.65  -6.362
142.95  -6.352
143.26  -6.342
143.56  -6.333
143.87  -6.323
144.17  -6.314
144.48  -6.305
144.78  -6.296
145.08  -6.286
145.39  -6.277
145.69  -6.268
146.00  -6.259
146.30  -6.249
146.61  -6.240
146.91  -6.230
147.22  -6.221
147.52  -6.211
147.83  -6.201
148.13  -6.191
148.44  -6.181
148.74  -6.171
149.05  -6.160
149.35  -6.149
149.66  -6.138
149.96  -6.127
150.57  -6.104
150.88  -6.093
151.18  -6.082
151.49  -6.072
151.79  -6.061
153.01  -6.022
153.31  -6.012
153.62  -6.003
153.92  -5.994
154.23  -5.986
154.53  -5.978
154.84  -5.970
155.14  -5.962
155.45  -5.954
155.75  -5.946
156.06  -5.938
156.36  -5.929
156.67  -5.920
156.97  -5.911
157.28  -5.902
157.58  -5.893
157.89  -5.884
158.19  -5.875
158.50  -5.865
158.80  -5.856
159.11  -5.846
159.41  -5.835
159.72  -5.825
160.02  -5.815
160.32  -5.805
160.63  -5.794
160.93  -5.784
161.24  -5.774
161.54  -5.764
161.85  -5.755
162.15  -5.745
162.46  -5.736
162.76  -5.726
163.07  -5.716
163.37  -5.707
163.68  -5.698
163.98  -5.688
164.29  -5.679
164.59  -5.670
164.90  -5.660
165.20  -5.651
165.51  -5.642
165.81  -5.633
166.12  -5.624
166.42  -5.614
166.73  -5.605
167.03  -5.596
167.34  -5.586
167.64  -5.577
167.94  -5.568
168.25  -5.559
168.55  -5.550
168.86  -5.541
169.16  -5.532
169.47  -5.523
169.77  -5.514
170.08  -5.505
170.38  -5.495
170.69  -5.486
170.99  -5.477
171.30  -5.468
171.60  -5.459
171.91  -5.450
172.21  -5.441
172.52  -5.432
172.82  -5.423
173.13  -5.413
173.43  -5.404
173.74  -5.395
174.04  -5.385
174.35  -5.376
174.65  -5.366
174.96  -5.357
175.26  -5.348
175.56  -5.338
175.87  -5.329
176.17  -5.320
176.48  -5.310
176.78  -5.301
177.09  -5.292
177.39  -5.282
177.70  -5.273
178.00  -5.264
178.31  -5.254
178.61  -5.245
178.92  -5.235
179.22  -5.226
179.53  -5.217
179.83  -5.207
180.14  -5.198
180.44  -5.189
180.75  -5.179
181.05  -5.170
181.36  -5.161
181.66  -5.151
181.97  -5.142
182.27  -5.133
182.58  -5.124
182.88  -5.115
183.18  -5.106
183.49  -5.097
183.79  -5.088
184.10  -5.079
184.40  -5.070
184.71  -5.062
185.01  -5.053
185.32  -5.044
185.62  -5.034
185.93  -5.025
186.23  -5.016
186.54  -5.006
186.84  -4.997
187.15  -4.987
187.45  -4.978
187.76  -4.968
188.06  -4.958
188.37  -4.947
188.67  -4.937
188.98  -4.927
189.28  -4.916
189.59  -4.906
189.89  -4.895
190.20  -4.885
190.50  -4.874
190.80  -4.864
191.11  -4.854
191.41  -4.844
191.72  -4.834
192.02  -4.824
192.33  -4.814
192.63  -4.804
192.94  -4.794
193.24  -4.785
193.55  -4.775
193.85  -4.765
194.16  -4.755
194.46  -4.746
194.77  -4.736
195.07  -4.727
195.38  -4.717
195.68  -4.707
195.99  -4.698
196.29  -4.688
196.60  -4.678
196.90  -4.669
197.21  -4.659
197.51  -4.650
197.82  -4.641
198.12  -4.631
198.42  -4.622
198.73  -4.613
199.03  -4.604
199.34  -4.594
199.64  -4.585
199.95  -4.576
200.25  -4.566
200.56  -4.557
200.86  -4.548
201.17  -4.538
201.47  -4.529
201.78  -4.519
202.08  -4.510
202.39  -4.500
202.69  -4.490
203.00  -4.480
203.30  -4.470
203.61  -4.460
203.91  -4.450
204.22  -4.440
204.52  -4.430
204.83  -4.421
205.13  -4.411
205.44  -4.401
205.74  -4.391
206.04  -4.382
206.35  -4.372
206.65  -4.363
206.96  -4.353
207.26  -4.344
207.57  -4.334
207.87  -4.325
208.18  -4.316
208.48  -4.307
208.79  -4.298
209.09  -4.288
209.40  -4.279
209.70  -4.270
210.01  -4.261
210.31  -4.252
210.62  -4.243
210.92  -4.234
211.23  -4.225
211.53  -4.216
211.84  -4.207
212.14  -4.198
212.45  -4.188
212.75  -4.179
213.06  -4.170
213.36  -4.161
213.66  -4.152
213.97  -4.143
214.27  -4.134
214.58  -4.125
214.88  -4.117
215.19  -4.108
215.49  -4.099
215.80  -4.091
216.10  -4.082
216.41  -4.074
216.71  -4.066
217.02  -4.058
217.32  -4.049
217.63  -4.042
217.93  -4.034
218.24  -4.026
218.54  -4.018
218.85  -4.010
219.15  -4.002
219.46  -3.994
219.76  -3.986
220.07  -3.978
220.37  -3.970
220.68  -3.962
220.98  -3.954
221.28  -3.946
221.59  -3.938
221.89  -3.929
222.20  -3.921
222.50  -3.913
222.81  -3.904
223.11  -3.896
223.42  -3.887
223.72  -3.879
224.03  -3.870
224.33  -3.862
224.64  -3.853
224.94  -3.844
225.25  -3.835
225.55  -3.826
225.86  -3.817
226.16  -3.808
226.47  -3.799
226.77  -3.790
227.08  -3.781
227.38  -3.771
227.69  -3.761
227.99  -3.751
228.30  -3.742
228.60  -3.732
228.90  -3.722
229.21  -3.712
229.51  -3.702
229.82  -3.693
230.12  -3.683
230.43  -3.674
230.73  -3.664
231.04  -3.654
231.34  -3.645
231.65  -3.635
231.95  -3.626
232.26  -3.617
232.56  -3.608
232.87  -3.598
233.17  -3.589
233.48  -3.580
233.78  -3.571
234.09  -3.562
234.39  -3.552
234.70  -3.543
235.00  -3.534
235.31  -3.524
235.92  -3.505
236.22  -3.496
236.52  -3.487
236.83  -3.477
237.13  -3.468
237.44  -3.458
237.74  -3.448
238.05  -3.439
238.35  -3.429
238.66  -3.420
238.96  -3.410
239.27  -3.400
239.57  -3.391
239.88  -3.381
240.18  -3.372
240.49  -3.362
240.79  -3.352
241.10  -3.343
241.40  -3.333
241.71  -3.323
242.01  -3.313
242.32  -3.304
242.62  -3.294
242.93  -3.284
243.23  -3.274
243.54  -3.264
243.84  -3.254
244.14  -3.244
244.45  -3.234
244.75  -3.223
245.06  -3.213
245.36  -3.202
245.67  -3.192
245.97  -3.181
246.28  -3.170
246.58  -3.160
246.89  -3.149
247.19  -3.138
247.50  -3.126
247.80  -3.115
248.11  -3.104
248.41  -3.093
248.72  -3.081
249.02  -3.070
249.33  -3.058
249.63  -3.047
249.94  -3.035
250.24  -3.023
250.55  -3.012
250.85  -3.000
251.16  -2.988
251.46  -2.976
251.76  -2.963
252.07  -2.951
252.37  -2.939
252.68  -2.927
252.98  -2.914
253.29  -2.902
253.59  -2.890
253.90  -2.877
254.20  -2.865
254.51  -2.853
254.81  -2.841
255.12  -2.829
255.42  -2.817
255.73  -2.806
256.03  -2.794
256.34  -2.782
256.64  -2.771
256.95  -2.759
257.25  -2.748
257.56  -2.736
257.86  -2.725
258.17  -2.713
258.47  -2.702
258.78  -2.690
259.08  -2.679
259.38  -2.667
259.69  -2.656
259.99  -2.644
260.30  -2.633
260.60  -2.621
260.91  -2.610
261.21  -2.598
261.52  -2.587
261.82  -2.576
262.13  -2.565
262.43  -2.553
262.74  -2.542
263.04  -2.530
263.35  -2.519
263.65  -2.507
263.96  -2.495
264.26  -2.483
264.57  -2.471
264.87  -2.458
265.18  -2.446
265.48  -2.433
265.79  -2.420
266.09  -2.407
266.40  -2.393
266.70  -2.379
267.00  -2.365
267.31  -2.351
267.61  -2.337
267.92  -2.323
268.22  -2.309
268.53  -2.296
268.83  -2.282
269.14  -2.269
269.44  -2.255
269.75  -2.242
270.05  -2.229
270.36  -2.216
270.66  -2.203
270.97  -2.190
271.27  -2.177
271.58  -2.164
271.88  -2.151
272.19  -2.139
272.49  -2.126
272.80  -2.114
273.10  -2.101
273.41  -2.089
273.71  -2.076
274.02  -2.063
274.32  -2.051
275.23  -2.013
275.54  -2.001
275.84  -1.989
276.15  -1.977
276.45  -1.965
276.76  -1.953
277.06  -1.941
277.37  -1.929
277.67  -1.917
277.98  -1.905
278.28  -1.892
278.59  -1.880
278.89  -1.867
279.20  -1.855
279.50  -1.842
279.81  -1.829
280.11  -1.816
280.42  -1.803
280.72  -1.789
281.03  -1.776
281.33  -1.762
281.64  -1.748
281.94  -1.734
282.24  -1.720
282.55  -1.706
282.85  -1.692
283.16  -1.678
283.46  -1.665
283.77  -1.651
284.07  -1.637
284.38  -1.623
284.68  -1.609
284.99  -1.595
285.29  -1.581
285.60  -1.567
285.90  -1.553
286.21  -1.539
286.51  -1.524
286.82  -1.510
287.12  -1.496
287.43  -1.482
287.73  -1.468
288.04  -1.454
288.34  -1.440
288.65  -1.427
288.95  -1.413
289.26  -1.399
289.56  -1.386
289.86  -1.372
290.17  -1.359
290.47  -1.346
290.78  -1.333
291.08  -1.320
291.39  -1.308
291.69  -1.295
292.00  -1.282
292.30  -1.270
292.61  -1.257
292.91  -1.244
293.22  -1.231
293.52  -1.218
293.83  -1.205
294.13  -1.192
294.44  -1.179
294.74  -1.166
295.05  -1.153
295.35  -1.140
295.66  -1.127
295.96  -1.113
296.27  -1.100
296.57  -1.087
296.88  -1.073
297.18  -1.060
297.48  -1.046
297.79  -1.033
298.09  -1.019
298.40  -1.005
298.70  -0.992
299.01  -0.978
299.31  -0.964
299.62  -0.950
299.92  -0.935
300.23  -0.921
300.53  -0.906
300.84  -0.891
301.14  -0.876
301.45  -0.861
301.75  -0.846
302.06  -0.831
302.36  -0.816
302.67  -0.801
302.97  -0.787
303.28  -0.772
303.58  -0.758
303.89  -0.743
304.19  -0.729
304.50  -0.715
304.80  -0.701
305.10  -0.688
305.41  -0.674
305.71  -0.661
306.02  -0.648
306.32  -0.635
306.63  -0.622
306.93  -0.609
307.24  -0.596
307.54  -0.582
307.85  -0.569
308.15  -0.555
308.46  -0.542
308.76  -0.528
309.07  -0.514
309.37  -0.500
309.68  -0.485
309.98  -0.471
310.29  -0.456
310.59  -0.440
310.90  -0.425
311.20  -0.410
311.51  -0.395
312.12  -0.365
312.42  -0.351
312.72  -0.337
313.03  -0.323
313.33  -0.309
313.64  -0.296
313.94  -0.282
314.25  -0.269
314.55  -0.257
314.86  -0.245
315.16  -0.233
315.47  -0.221
315.77  -0.210
316.08  -0.198
316.38  -0.187
316.69  -0.175
316.99  -0.163
317.30  -0.151
317.60  -0.138
317.91  -0.125
318.21  -0.111
318.52  -0.098
318.82  -0.084
319.13  -0.070
319.43  -0.056
319.74  -0.042
320.04  -0.027
320.34  -0.012
320.65   0.003
320.95   0.018
321.26   0.034
321.56   0.050
321.87   0.066
322.17   0.081
322.48   0.097
322.78   0.113
323.09   0.129
323.39   0.146
323.70   0.162
324.00   0.179
324.31   0.196
324.61   0.214
324.92   0.232
325.22   0.250
325.53   0.269
325.83   0.287
326.14   0.305
326.44   0.323
326.75   0.342
327.05   0.359
327.36   0.377
327.66   0.394
327.96   0.412
328.27   0.429
328.57   0.446
328.88   0.462
329.18   0.478
329.49   0.494
329.79   0.509
330.10   0.524
330.40   0.539
330.71   0.554
331.01   0.568
331.32   0.583
331.62   0.597
331.93   0.612
332.23   0.628
332.54   0.643
332.84   0.658
333.15   0.673
333.45   0.689
333.76   0.704
334.06   0.720
334.37   0.735
334.67   0.751
334.98   0.767
335.28   0.783
336.19   0.830
336.50   0.846
336.80   0.862
337.11   0.877
337.41   0.893
337.72   0.908
338.02   0.923
338.33   0.939
338.63   0.954
338.94   0.969
339.24   0.985
339.55   1.000
339.85   1.015
340.16   1.030
340.46   1.046
340.77   1.061
341.07   1.076
341.38   1.092
341.68   1.107
341.99   1.123
342.29   1.139
342.60   1.154
342.90   1.170
343.20   1.186
343.51   1.202
343.81   1.219
344.12   1.235
344.42   1.252
344.73   1.269
345.03   1.286
345.34   1.303
345.64   1.319
345.95   1.336
346.25   1.353
346.56   1.369
346.86   1.385
347.17   1.401
347.47   1.417
347.78   1.433
348.08   1.449
348.39   1.464
348.69   1.480
349.00   1.495
349.30   1.510
349.61   1.524
349.91   1.539
350.22   1.553
350.52   1.568
350.82   1.582
351.13   1.596
351.43   1.611
351.74   1.625
352.04   1.640
352.35   1.655
352.65   1.669
352.96   1.684
353.26   1.698
353.57   1.713
353.87   1.728
354.18   1.742
354.48   1.757
354.79   1.771
355.09   1.786
355.40   1.800
355.70   1.815
356.01   1.829
356.31   1.844
356.62   1.858
356.92   1.873
357.23   1.887
357.53   1.902
357.84   1.916
358.14   1.931
358.44   1.945
358.75   1.960
359.05   1.974
359.36   1.989
359.66   2.003
359.97   2.018
360.27   2.032
360.58   2.047
360.88   2.062
361.19   2.076
361.49   2.091
361.80   2.106
362.10   2.120
362.41   2.135
362.71   2.150
363.02   2.164
363.32   2.179
363.63   2.194
363.93   2.210
364.24   2.225
364.54   2.240
364.85   2.255
365.15   2.270
365.46   2.285
365.76   2.300
366.06   2.315
366.37   2.329
366.67   2.343
366.98   2.358
367.28   2.372
367.59   2.386
367.89   2.400
368.20   2.413
368.50   2.427
368.81   2.440
369.11   2.453
369.42   2.465
369.72   2.478
370.03   2.491
370.33   2.503
370.64   2.516
370.94   2.529
371.25   2.541
371.55   2.554
371.86   2.567
372.16   2.579
372.47   2.592
372.77   2.604
373.08   2.617
373.38   2.629
373.68   2.642
373.99   2.655
374.29   2.667
374.60   2.680
374.90   2.692
375.21   2.704
375.51   2.717
375.82   2.729
376.12   2.741
376.43   2.753
376.73   2.765
377.04   2.777
377.34   2.789
377.65   2.800
377.95   2.812
378.26   2.824
378.56   2.835
378.87   2.847
379.17   2.858
379.48   2.870
379.78   2.881
380.09   2.892
380.39   2.904
380.70   2.915
381.00   2.927
381.30   2.939
381.61   2.951
381.91   2.962
382.22   2.974
382.52   2.986
382.83   2.998
383.13   3.010
383.44   3.022
383.74   3.035
384.05   3.047
384.35   3.059
384.66   3.071
384.96   3.084
385.27   3.096
385.57   3.108
385.88   3.120
386.18   3.132
386.49   3.144
386.79   3.156
387.10   3.168
387.40   3.180
387.71   3.192
388.01   3.204
388.32   3.215
388.62   3.227
388.92   3.239
389.23   3.251
389.53   3.262
389.84   3.274
390.14   3.285
390.45   3.297
390.75   3.308
391.06   3.320
391.36   3.331
391.67   3.343
391.97   3.354
392.28   3.365
392.58   3.376
392.89   3.387
393.19   3.398
393.50   3.409
393.80   3.419
394.11   3.430
394.41   3.441
394.72   3.451
395.02   3.462
395.33   3.473
395.63   3.484
395.94   3.495
396.24   3.506
396.54   3.517
396.85   3.528
397.15   3.539
397.46   3.550
397.76   3.562
398.07   3.573
398.37   3.584
398.68   3.596
398.98   3.607
399.29   3.619
399.59   3.631
399.90   3.642
400.20   3.654
400.51   3.666
400.81   3.677
401.12   3.689
401.42   3.701
401.73   3.712
402.03   3.724
402.34   3.736
402.64   3.748
402.95   3.760
403.25   3.772
403.56   3.784
403.86   3.796
404.16   3.808
404.47   3.820
404.77   3.833
405.08   3.845
405.38   3.857
405.69   3.869
405.99   3.881
406.30   3.893
406.60   3.906
406.91   3.918
407.21   3.930
407.52   3.942
407.82   3.954
408.13   3.966
408.43   3.978
408.74   3.990
409.04   4.002
409.35   4.014
409.65   4.026
409.96   4.038
410.26   4.051
410.57   4.063
410.87   4.075
411.18   4.088
411.48   4.100
411.78   4.113
412.09   4.125
412.39   4.138
412.70   4.151
413.00   4.164
413.31   4.176
413.61   4.189
413.92   4.202
414.22   4.215
414.53   4.228
414.83   4.241
415.14   4.253
415.44   4.266
415.75   4.278
416.05   4.291
416.36   4.303
416.66   4.316
416.97   4.328
417.27   4.340
417.58   4.352
417.88   4.364
418.19   4.376
418.49   4.388
418.80   4.400
419.10   4.412
419.40   4.424
419.71   4.436
420.01   4.448
420.32   4.459
420.62   4.471
420.93   4.483
421.23   4.495
421.54   4.507
421.84   4.519
422.15   4.531
422.45   4.543
422.76   4.554
423.06   4.566
423.37   4.578
423.67   4.590
423.98   4.601
424.28   4.613
424.59   4.625
424.89   4.636
425.20   4.648
425.50   4.660
425.81   4.671
426.11   4.683
426.42   4.694
426.72   4.706
427.02   4.717
427.33   4.729
427.63   4.740
427.94   4.752
428.24   4.763
428.55   4.775
428.85   4.786
429.16   4.797
429.46   4.809
429.77   4.820
430.07   4.831
430.38   4.842
430.68   4.854
430.99   4.865
431.29   4.876
431.60   4.888
431.90   4.899
432.21   4.910
432.51   4.922
432.82   4.933
433.12   4.944
433.43   4.956
433.73   4.967
434.04   4.978
434.34   4.989
434.64   5.000
434.95   5.010
435.25   5.021
435.56   5.031
435.86   5.042
436.17   5.052
436.47   5.062
436.78   5.072
437.08   5.081
437.39   5.091
437.69   5.100
438.00   5.109
438.30   5.119
438.61   5.128
438.91   5.137
439.22   5.147
439.52   5.156
439.83   5.165
440.13   5.175
440.44   5.184
440.74   5.194
441.05   5.203
441.35   5.213
441.66   5.222
441.96   5.232
442.26   5.242
442.57   5.252
442.87   5.261
443.18   5.271
443.48   5.281
443.79   5.291
444.09   5.300
444.40   5.310
444.70   5.319
445.01   5.328
445.31   5.338
445.62   5.347
445.92   5.356
446.23   5.365
446.53   5.374
446.84   5.383
447.14   5.392
447.45   5.401
447.75   5.410
448.06   5.419
448.36   5.428
448.67   5.437
448.97   5.447
449.28   5.456
449.58   5.466
449.88   5.475
450.19   5.485
450.49   5.494
450.80   5.504
451.10   5.514
451.41   5.524
451.71   5.534
452.02   5.544
452.32   5.554
452.63   5.564
452.93   5.575
453.24   5.585
453.54   5.595
453.85   5.606
454.15   5.616
454.46   5.627
454.76   5.637
455.07   5.648
455.37   5.658
455.68   5.669
455.98   5.680
456.29   5.691
456.59   5.702
456.90   5.713
457.20   5.724
457.50   5.735
457.81   5.746
458.11   5.757
458.42   5.768
458.72   5.779
459.03   5.790
459.33   5.801
459.64   5.812
459.94   5.822
460.25   5.833
460.55   5.843
460.86   5.853
461.47   5.872
461.77   5.881
462.08   5.891
462.38   5.900
462.69   5.909
462.99   5.919
463.30   5.928
463.60   5.937
463.91   5.947
464.21   5.957
464.52   5.967
464.82   5.977
465.12   5.987
465.43   5.997
465.73   6.007
466.04   6.017
466.34   6.028
466.65   6.039
466.95   6.049
467.26   6.060
467.56   6.071
467.87   6.081
468.17   6.092
468.48   6.102
468.78   6.112
469.09   6.122
469.39   6.132
469.70   6.142
470.00   6.151
470.31   6.161
470.61   6.170
470.92   6.179
471.22   6.188
471.53   6.197
471.83   6.206
472.14   6.214
472.44   6.223
472.74   6.232
473.05   6.240
473.35   6.249
473.66   6.258
473.96   6.267
474.27   6.276
474.57   6.286
474.88   6.295
475.18   6.304
475.49   6.313
475.79   6.323
476.10   6.333
476.40   6.342
476.71   6.352
477.01   6.362
477.32   6.371
477.62   6.381
477.93   6.391
478.23   6.400
478.54   6.410
478.84   6.419
479.15   6.429
479.45   6.438
479.76   6.448
480.06   6.457
480.36   6.467
480.67   6.476
480.97   6.486
481.28   6.495
481.58   6.504
481.89   6.514
482.19   6.523
482.50   6.533
482.80   6.542
483.11   6.552
483.41   6.561
483.72   6.571
484.02   6.581
484.33   6.591
484.63   6.601
484.94   6.611
485.24   6.621
485.55   6.631
485.85   6.641
486.16   6.651
486.46   6.661
486.77   6.672
487.07   6.682
487.38   6.692
487.68   6.703
487.98   6.713
488.29   6.724
488.59   6.734
488.90   6.744
489.20   6.754
489.51   6.765
489.81   6.775
490.12   6.785
490.42   6.796
490.73   6.806
491.03   6.816
491.34   6.826
491.64   6.836
491.95   6.847
492.25   6.857
492.56   6.867
492.86   6.878
493.17   6.889
493.47   6.899
493.78   6.910
494.08   6.921
494.39   6.932
494.69   6.943
495.00   6.954
495.30   6.965
495.60   6.977
495.91   6.988
496.21   6.999
496.52   7.011
496.82   7.022
497.13   7.033
497.43   7.045
497.74   7.056
498.04   7.068
498.35   7.079
498.65   7.091
498.96   7.102
499.26   7.114
499.57   7.125
499.87   7.137
500.18   7.149
500.48   7.161
500.79   7.174
501.09   7.186
501.40   7.198
501.70   7.210
502.01   7.222
502.31   7.234
502.62   7.246
502.92   7.258
503.22   7.269
503.53   7.280
503.83   7.291
504.14   7.302
504.44   7.313
504.75   7.323
505.05   7.332
505.36   7.342
505.66   7.350
505.97   7.359
506.27   7.368
506.58   7.377
506.88   7.386
507.19   7.395
507.49   7.405
507.80   7.415
508.10   7.425
508.41   7.436
508.71   7.447
509.02   7.458
509.32   7.470
509.63   7.482
509.93   7.495
510.24   7.508
510.54   7.522
510.84   7.536
511.15   7.550
511.45   7.564
511.76   7.578
512.06   7.592
512.37   7.605
512.67   7.618
512.98   7.630
513.28   7.642
513.59   7.655
513.89   7.667
514.20   7.678
514.50   7.690
514.81   7.700
515.11   7.711
515.42   7.721
515.72   7.731
516.03   7.741
516.33   7.751
516.64   7.761
516.94   7.772
517.25   7.782
517.55   7.793
517.86   7.804
518.16   7.815
518.46   7.825
518.77   7.836
519.07   7.848
519.38   7.859
519.68   7.870
519.99   7.881
520.29   7.892
520.60   7.904
520.90   7.915
521.21   7.927
521.51   7.938
521.82   7.949
522.12   7.961
522.43   7.972
522.73   7.983
523.04   7.994
523.34   8.005
523.65   8.017
523.95   8.028
524.26   8.039
524.56   8.051
524.87   8.062
525.17   8.074
525.48   8.086
525.78   8.097
526.08   8.109
526.39   8.120
526.69   8.132
527.00   8.143
527.30   8.154
527.61   8.165
527.91   8.176
528.22   8.187
528.52   8.198
528.83   8.209
529.13   8.220
529.44   8.230
529.74   8.241
530.05   8.251
530.35   8.261
530.66   8.271
530.96   8.281
531.27   8.291
531.57   8.301
531.88   8.311
532.18   8.321
532.49   8.332
532.79   8.342
533.10   8.352
533.40   8.363
533.70   8.373
534.01   8.384
534.31   8.394
534.62   8.405
534.92   8.416
535.23   8.427
535.53   8.438
535.84   8.449
536.14   8.460
536.45   8.471
536.75   8.481
537.06   8.492
537.36   8.502
537.67   8.512
537.97   8.523
538.28   8.533
538.58   8.543
538.89   8.553
539.19   8.562
539.50   8.572
539.80   8.581
540.11   8.591
540.41   8.600
540.72   8.610
541.02   8.619
541.32   8.629
541.63   8.639
541.93   8.649
542.24   8.659
542.54   8.669
542.85   8.680
543.15   8.690
543.46   8.701
543.76   8.712
544.07   8.723
544.37   8.735
544.68   8.746
544.98   8.758
545.29   8.769
545.59   8.781
545.90   8.793
546.20   8.805
546.51   8.817
546.81   8.828
547.12   8.840
547.42   8.852
547.73   8.863
548.03   8.875
548.34   8.887
548.64   8.898
548.94   8.910
549.25   8.921
549.55   8.933
549.86   8.945
550.16   8.956
550.47   8.968
550.77   8.980
551.08   8.991
551.38   9.003
551.69   9.015
551.99   9.026
552.30   9.038
552.60   9.050
552.91   9.062
553.21   9.073
553.52   9.085
553.82   9.097
554.13   9.108
554.43   9.120
554.74   9.132
555.04   9.143
555.35   9.155
555.65   9.166
555.96   9.178
556.26   9.189
556.56   9.201
556.87   9.212
557.17   9.224
557.48   9.235
557.78   9.246
558.09   9.258
558.39   9.269
558.70   9.280
559.00   9.292
559.31   9.303
559.61   9.314
559.92   9.325
560.22   9.336
560.53   9.348
560.83   9.359
561.14   9.370
561.44   9.381
561.75   9.392
562.05   9.404
562.36   9.415
562.66   9.426
562.97   9.437
563.27   9.448
563.58   9.459
563.88   9.471
564.18   9.482
564.49   9.493
564.79   9.504
565.10   9.515
565.40   9.526
565.71   9.538
566.01   9.549
566.32   9.560
566.62   9.572
566.93   9.583
567.23   9.595
567.54   9.606
567.84   9.618
568.15   9.629
568.45   9.641
568.76   9.653
569.06   9.665
569.37   9.676
569.67   9.688
569.98   9.700
570.28   9.712
570.59   9.724
570.89   9.735
571.20   9.747
571.50   9.759
571.80   9.771
572.11   9.782
572.41   9.794
572.72   9.806
573.02   9.817
573.33   9.829
573.63   9.841
573.94   9.852
574.24   9.864
574.55   9.876
574.85   9.887
575.16   9.899
575.46   9.910
575.77   9.922
576.07   9.933
576.38   9.944
576.68   9.955
576.99   9.966
577.29   9.977
577.60   9.988
577.90   9.999
578.21  10.009
578.51  10.020
578.82  10.030
579.12  10.041
579.42  10.051
579.73  10.061
580.03  10.071
580.34  10.082
580.64  10.092
580.95  10.103
581.25  10.113
581.56  10.124
581.86  10.134
582.17  10.145
582.47  10.155
582.78  10.166
583.08  10.176
583.39  10.187
583.69  10.197
584.00  10.208
584.30  10.218
584.61  10.229
584.91  10.240
585.22  10.251
585.52  10.262
585.83  10.273
586.13  10.284
586.44  10.295
586.74  10.307
587.04  10.319
587.35  10.330
587.65  10.342
587.96  10.355
588.26  10.367
588.57  10.380
588.87  10.393
589.18  10.406
589.48  10.419
589.79  10.432
590.09  10.445
590.40  10.458
590.70  10.470
591.01  10.483
591.31  10.495
591.62  10.508
591.92  10.520
592.23  10.532
592.53  10.544
592.84  10.556
593.14  10.568
593.45  10.580
593.75  10.591
594.06  10.603
594.36  10.615
594.66  10.626
594.97  10.638
595.27  10.650
595.58  10.662
595.88  10.674
596.19  10.686
596.49  10.698
596.80  10.710
597.10  10.723
597.41  10.735
597.71  10.747
598.02  10.759
598.32  10.772
598.63  10.784
598.93  10.796
599.24  10.809
599.54  10.821
599.85  10.834
600.15  10.846
600.46  10.859
600.76  10.871
601.07  10.883
601.37  10.896
601.68  10.908
601.98  10.921
602.28  10.933
602.59  10.946
602.89  10.958
603.20  10.971
603.50  10.984
603.81  10.996
604.11  11.009
604.42  11.021
604.72  11.034
605.03  11.046
605.33  11.059
605.64  11.071
605.94  11.084
606.25  11.096
606.55  11.109
606.86  11.121
607.16  11.133
607.47  11.145
607.77  11.157
608.08  11.169
608.38  11.181
608.69  11.193
608.99  11.205
609.30  11.217
609.60  11.229
609.90  11.241
610.21  11.253
610.51  11.265
610.82  11.277
611.12  11.289
611.43  11.301
611.73  11.313
612.04  11.325
612.34  11.337
612.65  11.350
612.95  11.362
613.26  11.375
613.56  11.387
613.87  11.399
614.17  11.411
614.48  11.423
614.78  11.435
615.09  11.447
615.39  11.458
615.70  11.469
616.00  11.481
616.31  11.492
616.61  11.502
616.92  11.513
617.22  11.524
617.52  11.534
617.83  11.544
618.13  11.554
618.44  11.564
618.74  11.574
619.05  11.583
619.35  11.593
619.66  11.603
619.96  11.612
620.27  11.622
620.57  11.632
620.88  11.641
621.18  11.650
621.49  11.660
621.79  11.669
622.10  11.678
622.40  11.687
622.71  11.696
623.01  11.705
623.32  11.714
623.62  11.723
623.93  11.732
624.23  11.740
624.54  11.749
624.84  11.758
625.14  11.766
625.45  11.775
625.75  11.783
626.06  11.792
626.36  11.800
626.67  11.808
626.97  11.817
627.28  11.825
627.58  11.834
627.89  11.842
628.19  11.850
628.50  11.859
628.80  11.867
629.11  11.875
629.41  11.883
629.72  11.891
630.02  11.899
630.33  11.907
630.63  11.915
630.94  11.923
631.24  11.931
631.55  11.938
631.85  11.946
