  
  DOI/GTN-P Deep Borehole Array, Arctic Alaska 
             U.S. Geological Survey 
            Processed Temperature Log 
                    26-Aug-2013 
________________________________________________ 
  
Temperature Log Information: 
  Well name:   Echooka #1 
  File name:   EB1_13JUL28_c_d 
  Log date:    28-JUL-2013 
  
Contact Information: 
  Gary Clow 
  U.S. Geological Survey 
  clow@usgs.gov 
  
Definitions: 
  Depth:        Depth below local ground surface (m) 
  Temperature:  ITS-90 temperature (°C) 
________________________________________________ 
             
 Depth  Temperature 
  8.57  -2.366
  8.70  -2.367
  8.87  -2.367
  9.05  -2.367
  9.24  -2.368
  9.43  -2.368
  9.61  -2.368
  9.80  -2.368
  9.99  -2.369
 10.18  -2.370
 10.37  -2.371
 10.57  -2.372
 10.75  -2.374
 10.94  -2.376
 11.13  -2.378
 11.32  -2.381
 11.51  -2.385
 11.70  -2.388
 11.89  -2.392
 12.08  -2.397
 12.27  -2.402
 12.46  -2.408
 12.65  -2.414
 12.84  -2.421
 13.03  -2.428
 13.22  -2.435
 13.41  -2.442
 13.60  -2.449
 13.79  -2.456
 13.98  -2.463
 14.16  -2.470
 14.36  -2.476
 14.55  -2.483
 14.74  -2.490
 14.93  -2.496
 15.12  -2.503
 15.31  -2.510
 15.50  -2.516
 15.69  -2.522
 15.88  -2.529
 16.08  -2.535
 16.25  -2.541
 16.45  -2.548
 16.64  -2.554
 16.83  -2.561
 17.02  -2.568
 17.21  -2.575
 17.40  -2.582
 17.59  -2.588
 17.78  -2.595
 17.97  -2.602
 18.17  -2.609
 18.36  -2.615
 18.54  -2.622
 18.73  -2.628
 18.92  -2.635
 19.12  -2.641
 19.31  -2.647
 19.50  -2.654
 19.68  -2.660
 19.87  -2.667
 20.07  -2.673
 20.26  -2.679
 20.45  -2.686
 20.64  -2.692
 20.82  -2.699
 21.02  -2.705
 21.21  -2.711
 21.40  -2.718
 21.59  -2.724
 21.78  -2.731
 21.97  -2.737
 22.16  -2.744
 22.35  -2.750
 22.54  -2.757
 22.74  -2.763
 22.92  -2.770
 23.11  -2.776
 23.30  -2.783
 23.49  -2.789
 23.69  -2.795
 23.88  -2.802
 24.06  -2.808
 24.26  -2.815
 24.45  -2.821
 24.64  -2.827
 24.83  -2.833
 25.02  -2.839
 25.21  -2.845
 25.40  -2.851
 25.59  -2.857
 25.79  -2.864
 25.98  -2.870
 26.17  -2.876
 26.36  -2.883
 26.55  -2.889
 26.74  -2.896
 26.93  -2.902
 27.12  -2.909
 27.32  -2.915
 27.50  -2.922
 27.69  -2.929
 27.89  -2.935
 28.08  -2.942
 28.27  -2.949
 28.46  -2.956
 28.65  -2.963
 28.84  -2.970
 29.03  -2.978
 29.22  -2.985
 29.42  -2.992
 29.61  -3.000
 29.80  -3.007
 29.98  -3.015
 30.18  -3.023
 30.37  -3.031
 30.56  -3.040
 30.75  -3.048
 30.94  -3.057
 31.13  -3.066
 31.32  -3.074
 31.52  -3.083
 31.71  -3.091
 31.90  -3.100
 32.09  -3.108
 32.28  -3.115
 32.47  -3.123
 32.66  -3.130
 32.86  -3.137
 33.05  -3.144
 33.23  -3.151
 33.43  -3.157
 33.62  -3.163
 33.81  -3.169
 34.01  -3.175
 34.19  -3.180
 34.38  -3.185
 34.58  -3.190
 34.77  -3.195
 34.96  -3.200
 35.16  -3.205
 35.34  -3.210
 35.53  -3.215
 35.73  -3.220
 35.92  -3.225
 36.11  -3.230
 36.30  -3.235
 36.49  -3.239
 36.68  -3.244
 36.87  -3.248
 37.07  -3.252
 37.26  -3.257
 37.45  -3.261
 37.64  -3.265
 37.83  -3.269
 38.02  -3.273
 38.22  -3.278
 38.41  -3.282
 38.60  -3.286
 38.79  -3.290
 38.98  -3.294
 39.17  -3.298
 39.37  -3.302
 39.56  -3.307
 39.75  -3.311
 39.94  -3.316
 40.13  -3.320
 40.32  -3.325
 40.52  -3.330
 40.71  -3.334
 40.90  -3.339
 41.09  -3.343
 41.28  -3.347
 41.48  -3.351
 41.67  -3.355
 41.86  -3.359
 42.05  -3.363
 42.24  -3.367
 42.43  -3.370
 42.62  -3.374
 42.82  -3.377
 43.01  -3.381
 43.20  -3.384
 43.39  -3.387
 43.58  -3.390
 43.78  -3.393
 43.97  -3.396
 44.16  -3.400
 44.35  -3.403
 44.54  -3.406
 44.74  -3.409
 44.93  -3.412
 45.13  -3.415
 45.31  -3.418
 45.49  -3.420
 45.68  -3.423
 45.87  -3.426
 46.06  -3.429
 46.25  -3.432
 46.44  -3.435
 46.63  -3.438
 46.81  -3.441
 47.00  -3.443
 47.18  -3.446
 47.37  -3.449
 47.57  -3.452
 47.75  -3.455
 47.93  -3.457
 48.12  -3.460
 48.31  -3.463
 48.50  -3.465
 48.69  -3.468
 48.87  -3.471
 49.06  -3.473
 49.24  -3.476
 49.43  -3.479
 49.62  -3.481
 49.81  -3.484
 50.00  -3.486
 50.18  -3.489
 50.36  -3.491
 50.55  -3.494
 50.74  -3.496
 50.93  -3.499
 51.12  -3.502
 51.30  -3.504
 51.49  -3.507
 51.68  -3.509
 51.86  -3.512
 52.05  -3.515
 52.24  -3.517
 52.42  -3.520
 52.61  -3.523
 52.80  -3.525
 52.99  -3.528
 53.18  -3.531
 53.36  -3.533
 53.54  -3.536
 53.73  -3.539
 53.92  -3.541
 54.11  -3.544
 54.30  -3.547
 54.48  -3.550
 54.67  -3.552
 54.86  -3.555
 55.04  -3.558
 55.23  -3.561
 55.42  -3.564
 55.60  -3.566
 55.79  -3.569
 55.97  -3.572
 56.16  -3.574
 56.35  -3.577
 56.54  -3.580
 56.73  -3.582
 56.91  -3.584
 57.09  -3.587
 57.29  -3.589
 57.47  -3.591
 57.66  -3.594
 57.84  -3.596
 58.03  -3.598
 58.22  -3.599
 58.40  -3.601
 58.59  -3.603
 58.78  -3.604
 58.96  -3.606
 59.15  -3.607
 59.34  -3.609
 59.52  -3.610
 59.72  -3.611
 59.90  -3.612
 60.09  -3.614
 60.27  -3.614
 60.46  -3.615
 60.65  -3.616
 60.84  -3.616
 61.02  -3.617
 61.20  -3.617
 61.39  -3.617
 61.58  -3.617
 61.77  -3.617
 61.96  -3.617
 62.15  -3.617
 62.33  -3.617
 62.51  -3.616
 62.70  -3.616
 62.89  -3.616
 63.08  -3.616
 63.27  -3.616
 63.45  -3.616
 63.64  -3.616
 63.82  -3.616
 64.01  -3.616
 64.20  -3.616
 64.38  -3.615
 64.57  -3.615
 64.76  -3.615
 64.95  -3.615
 65.13  -3.615
 65.32  -3.615
 65.51  -3.614
 65.69  -3.614
 65.87  -3.614
 66.06  -3.614
 66.25  -3.614
 66.44  -3.613
 66.62  -3.613
 66.80  -3.613
 66.99  -3.613
 67.18  -3.612
 67.37  -3.612
 67.55  -3.612
 67.74  -3.612
 67.92  -3.611
 68.11  -3.611
 68.30  -3.610
 68.49  -3.610
 68.67  -3.610
 68.86  -3.609
 69.04  -3.609
 69.23  -3.609
 69.42  -3.608
 69.60  -3.608
 69.79  -3.607
 69.98  -3.607
 70.17  -3.606
 70.35  -3.605
 70.53  -3.605
 70.72  -3.604
 70.91  -3.604
 71.10  -3.603
 71.28  -3.602
 71.47  -3.602
 71.65  -3.601
 71.84  -3.600
 72.03  -3.600
 72.22  -3.599
 72.40  -3.598
 72.58  -3.598
 72.77  -3.597
 72.96  -3.596
 73.14  -3.596
 73.33  -3.595
 73.51  -3.594
 73.70  -3.593
 73.88  -3.593
 74.07  -3.592
 74.26  -3.591
 74.45  -3.590
 74.63  -3.589
 74.81  -3.589
 75.00  -3.588
 75.19  -3.587
 75.38  -3.586
 75.56  -3.585
 75.74  -3.584
 75.93  -3.583
 76.11  -3.583
 76.30  -3.582
 76.49  -3.581
 76.68  -3.580
 76.86  -3.579
 77.05  -3.578
 77.23  -3.577
 77.42  -3.576
 77.61  -3.575
 77.79  -3.574
 77.97  -3.573
 78.16  -3.572
 78.34  -3.571
 78.54  -3.570
 78.72  -3.569
 78.91  -3.567
 79.09  -3.566
 79.28  -3.565
 79.47  -3.564
 79.65  -3.563
 79.84  -3.562
 80.03  -3.560
 80.21  -3.559
 80.39  -3.558
 80.58  -3.557
 80.77  -3.556
 80.96  -3.554
 81.14  -3.553
 81.33  -3.552
 81.51  -3.550
 81.70  -3.549
 81.89  -3.547
 82.07  -3.546
 82.26  -3.544
 82.45  -3.543
 82.64  -3.541
 82.82  -3.540
 83.01  -3.538
 83.20  -3.536
 83.38  -3.535
 83.56  -3.533
 83.75  -3.532
 83.94  -3.530
 84.12  -3.528
 84.31  -3.527
 84.50  -3.525
 84.68  -3.524
 84.87  -3.522
 85.05  -3.520
 85.24  -3.519
 85.43  -3.517
 85.61  -3.516
 85.80  -3.514
 86.17  -3.511
 86.36  -3.509
 86.55  -3.508
 86.74  -3.506
 86.92  -3.504
 87.10  -3.503
 87.29  -3.501
 87.47  -3.500
 87.66  -3.499
 87.85  -3.497
 88.03  -3.496
 88.22  -3.495
 88.39  -3.493
 88.58  -3.492
 88.76  -3.491
 88.94  -3.489
 89.13  -3.488
 89.31  -3.487
 89.49  -3.485
 89.67  -3.484
 89.85  -3.482
 90.04  -3.481
 90.22  -3.479
 90.40  -3.477
 90.58  -3.476
 90.76  -3.474
 90.94  -3.472
 91.13  -3.471
 91.31  -3.469
 91.49  -3.467
 91.67  -3.465
 91.85  -3.464
 92.03  -3.462
 92.22  -3.460
 92.40  -3.458
 92.58  -3.456
 92.76  -3.454
 92.95  -3.452
 93.13  -3.450
 93.31  -3.449
 93.49  -3.447
 93.67  -3.445
 93.86  -3.443
 94.04  -3.441
 94.22  -3.440
 94.40  -3.438
 94.58  -3.436
 94.77  -3.434
 94.94  -3.433
 95.13  -3.431
 95.31  -3.429
 95.50  -3.427
 95.68  -3.425
 95.86  -3.424
 96.03  -3.422
 96.22  -3.420
 96.40  -3.418
 96.59  -3.416
 96.77  -3.414
 96.95  -3.413
 97.13  -3.411
 97.31  -3.409
 97.49  -3.407
 97.68  -3.405
 97.86  -3.403
 98.04  -3.402
 98.22  -3.400
 98.40  -3.398
 98.58  -3.396
 98.77  -3.394
 98.95  -3.392
 99.13  -3.391
 99.31  -3.389
 99.49  -3.387
 99.67  -3.385
 99.85  -3.383
100.04  -3.381
100.22  -3.380
100.40  -3.378
100.58  -3.376
100.76  -3.374
100.95  -3.372
101.13  -3.371
101.31  -3.369
101.49  -3.367
101.67  -3.365
101.85  -3.364
102.03  -3.362
102.21  -3.360
102.40  -3.358
102.58  -3.357
102.76  -3.355
102.95  -3.353
103.13  -3.352
103.31  -3.350
103.49  -3.348
103.67  -3.347
103.85  -3.345
104.04  -3.343
104.22  -3.341
104.40  -3.340
104.58  -3.338
104.77  -3.336
104.95  -3.335
105.13  -3.333
105.31  -3.332
105.50  -3.330
105.68  -3.328
105.86  -3.327
106.04  -3.325
106.22  -3.323
106.41  -3.322
106.59  -3.320
106.77  -3.319
106.95  -3.317
107.13  -3.315
107.32  -3.314
107.50  -3.312
107.68  -3.310
107.86  -3.308
108.05  -3.306
108.23  -3.304
108.41  -3.302
108.59  -3.300
108.77  -3.298
108.95  -3.296
109.14  -3.294
109.32  -3.292
109.50  -3.290
109.68  -3.288
109.87  -3.286
110.05  -3.284
110.23  -3.282
110.42  -3.280
110.60  -3.277
110.78  -3.275
110.96  -3.273
111.14  -3.271
111.33  -3.269
111.51  -3.267
111.69  -3.265
111.88  -3.262
112.06  -3.260
112.24  -3.258
112.42  -3.255
112.60  -3.252
112.79  -3.250
112.98  -3.247
113.16  -3.244
113.34  -3.241
113.52  -3.237
113.70  -3.234
113.89  -3.231
114.07  -3.227
114.26  -3.223
114.44  -3.220
114.62  -3.216
114.80  -3.212
114.98  -3.207
115.17  -3.203
115.35  -3.199
115.53  -3.194
115.90  -3.184
116.08  -3.180
116.26  -3.174
116.63  -3.163
116.82  -3.157
117.00  -3.150
117.18  -3.143
117.55  -3.128
117.73  -3.121
117.91  -3.114
118.28  -3.102
118.46  -3.096
118.65  -3.091
118.83  -3.086
119.01  -3.081
119.19  -3.076
119.38  -3.072
119.56  -3.067
119.74  -3.063
119.93  -3.058
120.11  -3.054
120.29  -3.049
120.48  -3.045
120.66  -3.041
120.84  -3.037
121.03  -3.033
121.21  -3.029
121.39  -3.024
121.58  -3.020
121.76  -3.016
121.94  -3.012
122.12  -3.008
122.31  -3.003
122.49  -2.999
122.67  -2.995
122.86  -2.990
123.04  -2.986
123.22  -2.981
123.41  -2.977
123.59  -2.972
123.77  -2.968
123.96  -2.964
124.14  -2.960
124.32  -2.956
124.51  -2.952
124.69  -2.948
124.87  -2.944
125.06  -2.941
125.24  -2.937
125.42  -2.933
125.61  -2.930
125.79  -2.926
125.97  -2.923
126.16  -2.919
126.34  -2.916
126.53  -2.913
126.71  -2.910
126.90  -2.906
127.08  -2.903
127.26  -2.900
127.44  -2.897
127.63  -2.894
127.81  -2.891
127.99  -2.888
128.18  -2.885
128.36  -2.881
128.55  -2.878
128.73  -2.875
128.91  -2.872
129.10  -2.870
129.28  -2.867
129.46  -2.864
129.65  -2.861
129.83  -2.858
130.01  -2.855
130.20  -2.852
130.38  -2.849
130.56  -2.846
130.73  -2.843
130.91  -2.840
131.09  -2.836
131.27  -2.833
131.45  -2.830
131.63  -2.827
131.81  -2.824
131.99  -2.820
132.17  -2.817
132.35  -2.814
132.53  -2.811
132.71  -2.808
132.89  -2.805
133.07  -2.802
133.25  -2.799
133.43  -2.796
133.60  -2.793
133.78  -2.791
133.96  -2.788
134.14  -2.786
134.32  -2.783
134.50  -2.781
134.68  -2.779
134.85  -2.777
135.03  -2.775
135.22  -2.772
135.40  -2.770
135.58  -2.768
135.76  -2.766
135.93  -2.764
136.11  -2.761
136.29  -2.759
136.47  -2.757
136.65  -2.754
136.83  -2.752
137.01  -2.749
137.18  -2.747
137.36  -2.744
137.54  -2.742
137.72  -2.739
137.90  -2.737
138.08  -2.734
138.26  -2.731
138.44  -2.728
138.62  -2.726
138.80  -2.723
138.97  -2.720
139.15  -2.717
139.34  -2.714
139.51  -2.711
139.69  -2.708
139.87  -2.705
140.05  -2.702
140.23  -2.699
140.41  -2.696
140.58  -2.693
140.76  -2.689
140.94  -2.686
141.12  -2.683
141.30  -2.679
141.48  -2.676
141.66  -2.673
141.84  -2.670
142.02  -2.667
142.20  -2.664
142.37  -2.661
142.55  -2.658
142.73  -2.655
142.91  -2.652
143.09  -2.649
143.27  -2.646
143.45  -2.643
143.62  -2.640
143.80  -2.637
143.98  -2.634
144.16  -2.631
144.34  -2.628
144.52  -2.625
144.69  -2.622
144.87  -2.619
145.05  -2.616
145.23  -2.612
145.41  -2.609
145.59  -2.606
145.77  -2.603
145.94  -2.599
146.13  -2.596
146.31  -2.592
146.49  -2.589
146.67  -2.585
146.85  -2.582
147.02  -2.578
147.20  -2.575
147.38  -2.571
147.56  -2.568
147.74  -2.564
147.92  -2.560
148.09  -2.557
148.27  -2.553
148.45  -2.549
148.63  -2.545
148.81  -2.541
148.99  -2.537
149.17  -2.533
149.34  -2.529
149.52  -2.525
149.70  -2.521
149.88  -2.517
150.06  -2.513
150.23  -2.509
150.42  -2.504
150.59  -2.500
150.77  -2.496
150.95  -2.492
151.12  -2.487
151.30  -2.483
151.48  -2.480
151.66  -2.476
151.84  -2.473
152.02  -2.469
152.19  -2.466
152.37  -2.462
152.55  -2.459
152.73  -2.455
152.91  -2.451
153.09  -2.447
153.27  -2.442
153.44  -2.438
153.62  -2.433
153.80  -2.428
153.98  -2.423
154.16  -2.418
154.34  -2.412
154.51  -2.406
154.69  -2.400
154.87  -2.394
155.05  -2.387
155.23  -2.381
155.41  -2.375
155.58  -2.369
155.76  -2.363
155.94  -2.357
156.12  -2.352
156.30  -2.347
156.48  -2.342
156.66  -2.337
156.83  -2.332
157.01  -2.328
157.18  -2.324
157.37  -2.320
157.54  -2.317
157.72  -2.314
157.90  -2.310
158.07  -2.307
158.25  -2.304
158.43  -2.301
158.61  -2.298
158.79  -2.294
158.97  -2.290
159.14  -2.286
159.32  -2.282
159.50  -2.278
159.68  -2.274
159.86  -2.270
160.03  -2.266
160.21  -2.262
160.39  -2.258
160.57  -2.254
160.74  -2.250
160.92  -2.246
161.10  -2.242
161.27  -2.238
161.45  -2.235
161.63  -2.231
161.81  -2.228
161.99  -2.224
162.17  -2.221
162.34  -2.218
162.52  -2.214
162.69  -2.211
162.88  -2.208
163.06  -2.205
163.23  -2.202
163.41  -2.199
163.59  -2.196
163.76  -2.193
163.94  -2.190
164.12  -2.187
164.30  -2.184
164.48  -2.182
164.66  -2.179
164.84  -2.176
165.02  -2.173
165.20  -2.170
165.37  -2.168
165.55  -2.165
165.73  -2.162
165.91  -2.159
166.09  -2.157
166.26  -2.154
166.44  -2.151
166.62  -2.148
166.79  -2.145
166.97  -2.143
167.15  -2.140
167.33  -2.137
167.51  -2.134
167.69  -2.131
167.87  -2.128
168.05  -2.126
168.22  -2.123
168.40  -2.120
168.58  -2.117
168.76  -2.113
168.94  -2.110
169.12  -2.107
169.29  -2.104
169.47  -2.101
169.64  -2.097
169.83  -2.094
170.01  -2.091
170.18  -2.088
170.36  -2.084
170.54  -2.081
170.72  -2.078
170.90  -2.074
171.07  -2.071
171.25  -2.068
171.42  -2.064
171.60  -2.061
171.77  -2.058
171.95  -2.055
172.12  -2.051
172.29  -2.048
172.47  -2.045
172.64  -2.041
172.81  -2.038
172.99  -2.035
173.16  -2.031
173.34  -2.028
173.51  -2.024
173.69  -2.021
173.86  -2.018
174.03  -2.014
174.20  -2.011
174.37  -2.007
174.55  -2.004
174.72  -2.001
174.90  -1.997
175.07  -1.994
175.25  -1.990
175.42  -1.987
175.59  -1.983
175.77  -1.979
175.94  -1.976
176.11  -1.972
176.28  -1.968
176.46  -1.964
176.64  -1.961
176.81  -1.957
176.98  -1.953
177.16  -1.949
177.33  -1.945
177.50  -1.940
177.68  -1.936
177.85  -1.932
178.02  -1.928
178.19  -1.923
178.37  -1.919
178.54  -1.915
178.72  -1.910
178.89  -1.906
179.07  -1.901
179.24  -1.897
179.41  -1.892
179.58  -1.887
179.75  -1.882
179.93  -1.876
180.11  -1.871
180.28  -1.865
180.45  -1.860
180.63  -1.854
180.80  -1.849
180.98  -1.843
181.14  -1.838
181.32  -1.833
181.49  -1.828
181.66  -1.823
181.84  -1.818
182.01  -1.813
182.19  -1.808
182.36  -1.803
182.53  -1.798
182.71  -1.793
182.88  -1.789
183.06  -1.784
183.23  -1.780
183.40  -1.775
183.57  -1.771
183.75  -1.767
183.92  -1.763
184.10  -1.758
184.27  -1.754
184.44  -1.750
184.62  -1.746
184.80  -1.743
184.97  -1.739
185.14  -1.735
185.32  -1.732
185.49  -1.729
185.66  -1.726
185.83  -1.723
186.01  -1.720
186.18  -1.717
186.36  -1.714
186.53  -1.711
186.71  -1.708
186.88  -1.705
187.05  -1.702
187.23  -1.699
187.40  -1.696
187.57  -1.693
187.75  -1.690
187.92  -1.687
188.10  -1.684
188.27  -1.680
188.45  -1.677
188.62  -1.674
188.79  -1.671
188.97  -1.667
189.14  -1.664
189.31  -1.661
189.49  -1.657
189.66  -1.654
189.83  -1.651
190.01  -1.648
190.18  -1.645
190.36  -1.642
190.53  -1.639
190.71  -1.636
190.88  -1.633
191.06  -1.630
191.23  -1.627
191.41  -1.625
191.58  -1.622
191.75  -1.619
191.93  -1.616
192.10  -1.613
192.27  -1.611
192.45  -1.608
192.62  -1.605
192.80  -1.602
192.97  -1.600
193.15  -1.597
193.32  -1.594
193.50  -1.591
193.67  -1.589
193.85  -1.586
194.02  -1.583
194.19  -1.580
194.37  -1.577
194.55  -1.574
194.72  -1.572
194.90  -1.569
195.07  -1.566
195.24  -1.563
195.41  -1.560
195.59  -1.557
195.77  -1.554
195.94  -1.551
196.11  -1.549
196.29  -1.546
196.46  -1.543
196.64  -1.540
196.81  -1.537
196.99  -1.534
197.16  -1.531
197.33  -1.528
197.51  -1.525
197.69  -1.522
197.86  -1.519
198.03  -1.516
198.21  -1.513
198.38  -1.509
198.56  -1.506
198.73  -1.503
198.91  -1.500
199.08  -1.497
199.26  -1.494
199.43  -1.491
199.61  -1.488
199.78  -1.484
199.95  -1.481
200.13  -1.478
200.30  -1.475
200.48  -1.471
200.65  -1.468
200.83  -1.465
201.00  -1.462
201.18  -1.458
201.35  -1.455
201.52  -1.452
201.70  -1.449
201.87  -1.445
202.05  -1.442
202.22  -1.439
202.40  -1.435
202.58  -1.432
202.75  -1.428
202.93  -1.425
203.10  -1.421
203.27  -1.418
203.44  -1.414
203.62  -1.411
203.80  -1.407
203.97  -1.404
204.15  -1.400
204.33  -1.396
204.50  -1.392
204.67  -1.389
204.85  -1.385
205.03  -1.380
205.20  -1.376
205.37  -1.372
205.55  -1.368
205.73  -1.364
205.90  -1.359
206.08  -1.355
206.25  -1.351
206.42  -1.347
206.60  -1.342
206.77  -1.338
206.95  -1.334
207.12  -1.330
207.30  -1.326
207.48  -1.322
207.65  -1.318
207.83  -1.314
208.00  -1.310
208.17  -1.306
208.35  -1.302
208.52  -1.299
208.70  -1.295
208.88  -1.291
209.05  -1.287
209.23  -1.284
209.41  -1.280
209.58  -1.277
209.76  -1.273
209.93  -1.270
210.11  -1.266
210.28  -1.263
210.45  -1.259
210.63  -1.256
210.81  -1.252
210.98  -1.249
211.16  -1.246
211.33  -1.243
211.50  -1.239
211.67  -1.236
211.84  -1.233
212.01  -1.230
212.18  -1.227
212.35  -1.224
212.52  -1.221
212.70  -1.218
212.87  -1.215
213.04  -1.212
213.21  -1.209
213.37  -1.206
213.54  -1.203
213.71  -1.200
213.89  -1.197
214.06  -1.194
214.23  -1.191
214.40  -1.188
214.58  -1.185
214.74  -1.182
214.92  -1.180
215.08  -1.177
215.25  -1.174
215.42  -1.171
215.59  -1.168
215.76  -1.166
215.93  -1.163
216.10  -1.160
216.27  -1.157
216.45  -1.155
216.62  -1.152
216.78  -1.149
216.95  -1.146
217.12  -1.144
217.30  -1.141
217.47  -1.138
217.64  -1.135
217.81  -1.133
217.98  -1.130
218.15  -1.127
218.32  -1.125
218.49  -1.122
218.66  -1.119
218.83  -1.117
219.00  -1.114
219.17  -1.111
219.34  -1.109
219.51  -1.106
219.69  -1.104
219.86  -1.101
220.03  -1.098
220.19  -1.096
220.36  -1.093
220.53  -1.091
220.70  -1.088
220.87  -1.086
221.05  -1.083
221.22  -1.081
221.39  -1.078
221.56  -1.076
221.73  -1.073
221.90  -1.071
222.06  -1.068
222.23  -1.066
222.41  -1.064
222.57  -1.061
222.75  -1.059
222.92  -1.056
223.09  -1.054
223.26  -1.052
223.43  -1.049
223.60  -1.047
223.77  -1.045
223.94  -1.042
224.11  -1.040
224.28  -1.037
224.45  -1.035
224.62  -1.032
224.79  -1.029
224.96  -1.027
225.14  -1.024
225.30  -1.022
225.47  -1.019
225.64  -1.017
225.81  -1.014
225.98  -1.012
226.15  -1.009
226.33  -1.007
226.50  -1.005
226.67  -1.002
226.83  -1.000
227.00  -0.998
227.17  -0.996
227.35  -0.994
227.51  -0.991
227.69  -0.989
227.86  -0.987
228.03  -0.985
228.20  -0.983
228.37  -0.980
228.53  -0.978
228.70  -0.976
228.87  -0.974
229.05  -0.971
229.22  -0.969
229.39  -0.966
229.56  -0.964
229.74  -0.961
229.89  -0.958
230.07  -0.956
230.23  -0.953
230.41  -0.950
230.57  -0.947
230.75  -0.944
230.92  -0.942
231.09  -0.939
231.26  -0.936
231.43  -0.933
231.60  -0.931
231.77  -0.928
231.94  -0.925
232.11  -0.922
232.28  -0.920
232.45  -0.917
232.61  -0.914
232.79  -0.912
232.96  -0.909
233.13  -0.906
233.30  -0.904
233.47  -0.901
233.63  -0.899
233.80  -0.896
233.97  -0.893
234.14  -0.891
234.32  -0.888
234.49  -0.885
234.66  -0.883
234.83  -0.880
235.00  -0.878
235.16  -0.875
235.33  -0.872
235.50  -0.870
235.67  -0.867
235.84  -0.865
236.01  -0.862
236.18  -0.859
236.35  -0.856
236.52  -0.854
236.68  -0.851
236.85  -0.848
237.03  -0.845
237.20  -0.843
237.37  -0.840
237.54  -0.837
237.71  -0.834
237.88  -0.832
238.04  -0.829
238.21  -0.826
238.38  -0.824
238.55  -0.821
238.72  -0.818
238.90  -0.816
239.07  -0.813
239.23  -0.810
239.41  -0.808
239.57  -0.805
239.74  -0.802
239.91  -0.799
240.08  -0.797
240.25  -0.794
240.42  -0.791
240.59  -0.788
240.76  -0.786
240.92  -0.783
241.09  -0.780
241.27  -0.777
241.44  -0.774
241.61  -0.772
241.78  -0.769
241.95  -0.766
242.12  -0.763
242.28  -0.760
242.45  -0.758
242.62  -0.755
242.79  -0.752
242.96  -0.749
243.13  -0.746
243.31  -0.743
243.48  -0.740
243.64  -0.737
243.81  -0.734
243.98  -0.731
244.15  -0.728
244.32  -0.725
244.49  -0.722
244.66  -0.720
244.84  -0.717
245.00  -0.714
245.17  -0.711
245.34  -0.708
245.51  -0.705
245.68  -0.702
245.85  -0.700
246.02  -0.697
246.19  -0.695
246.35  -0.692
246.53  -0.690
246.69  -0.687
246.87  -0.685
247.04  -0.682
247.20  -0.679
247.38  -0.677
247.55  -0.674
247.72  -0.671
247.89  -0.668
248.05  -0.665
248.22  -0.662
248.39  -0.659
248.56  -0.655
248.73  -0.652
248.91  -0.648
249.07  -0.645
249.25  -0.641
249.41  -0.637
249.58  -0.634
249.75  -0.630
249.92  -0.626
250.09  -0.623
250.25  -0.619
250.42  -0.615
250.59  -0.612
250.75  -0.608
250.91  -0.605
251.08  -0.601
251.25  -0.598
251.41  -0.594
251.58  -0.591
251.74  -0.588
251.90  -0.584
252.07  -0.581
252.24  -0.578
252.40  -0.574
252.57  -0.571
252.74  -0.567
252.90  -0.564
253.07  -0.560
253.23  -0.557
253.39  -0.553
253.56  -0.550
253.72  -0.546
253.89  -0.542
254.06  -0.538
254.23  -0.534
254.38  -0.530
254.55  -0.526
254.72  -0.522
254.88  -0.518
255.05  -0.515
255.22  -0.511
255.38  -0.507
255.55  -0.504
255.71  -0.500
255.87  -0.496
256.04  -0.493
256.21  -0.489
256.37  -0.485
256.54  -0.481
256.70  -0.477
256.86  -0.472
257.03  -0.468
257.20  -0.463
257.36  -0.459
257.52  -0.455
257.69  -0.450
257.86  -0.446
258.03  -0.442
258.19  -0.437
258.35  -0.433
258.52  -0.429
258.68  -0.425
258.85  -0.421
259.02  -0.416
259.18  -0.412
259.35  -0.408
259.52  -0.404
259.67  -0.400
259.84  -0.395
260.00  -0.391
260.17  -0.387
260.34  -0.383
260.50  -0.379
260.67  -0.375
260.83  -0.371
261.00  -0.367
261.16  -0.363
261.33  -0.359
261.50  -0.355
261.66  -0.351
261.83  -0.347
261.98  -0.343
262.15  -0.339
262.32  -0.335
262.49  -0.332
262.65  -0.328
262.82  -0.324
262.99  -0.320
263.15  -0.317
263.31  -0.313
263.48  -0.309
263.64  -0.305
263.81  -0.301
263.98  -0.298
264.14  -0.294
264.30  -0.290
264.47  -0.286
264.64  -0.283
264.80  -0.279
264.97  -0.275
265.13  -0.272
265.30  -0.268
265.46  -0.264
265.62  -0.260
265.79  -0.257
265.96  -0.253
266.13  -0.249
266.29  -0.245
266.46  -0.241
266.62  -0.237
266.79  -0.233
266.96  -0.229
267.12  -0.225
267.28  -0.220
267.45  -0.216
267.62  -0.212
267.78  -0.207
267.95  -0.203
268.12  -0.198
268.28  -0.194
268.44  -0.190
268.61  -0.185
268.78  -0.181
268.95  -0.177
269.11  -0.173
269.28  -0.169
269.44  -0.165
269.60  -0.161
269.77  -0.157
269.94  -0.153
270.11  -0.149
270.27  -0.145
270.44  -0.142
270.60  -0.138
270.77  -0.134
270.93  -0.131
271.10  -0.127
271.27  -0.123
271.44  -0.119
271.61  -0.116
271.76  -0.112
271.93  -0.108
272.10  -0.104
272.26  -0.101
272.43  -0.097
272.60  -0.093
272.76  -0.090
272.92  -0.086
273.09  -0.082
273.25  -0.078
273.42  -0.075
273.59  -0.071
273.76  -0.067
273.92  -0.063
274.08  -0.060
274.25  -0.056
274.42  -0.052
274.59  -0.048
274.75  -0.045
274.92  -0.041
275.09  -0.037
275.25  -0.033
275.41  -0.029
275.58  -0.025
275.74  -0.021
275.91  -0.017
276.08  -0.013
276.24  -0.009
276.41  -0.005
276.58  -0.001
276.75   0.003
276.90   0.007
277.07   0.011
277.24   0.015
277.41   0.018
277.57   0.022
277.74   0.026
277.90   0.030
278.07   0.033
278.24   0.037
278.40   0.041
278.57   0.044
278.74   0.048
278.91   0.052
279.07   0.055
279.23   0.059
279.40   0.063
279.57   0.066
279.73   0.070
279.90   0.073
280.07   0.077
280.24   0.081
280.40   0.084
280.56   0.088
280.73   0.092
280.90   0.095
281.07   0.099
281.23   0.103
281.39   0.106
281.56   0.110
281.73   0.114
281.90   0.118
282.06   0.121
282.23   0.125
282.40   0.129
282.56   0.132
282.73   0.136
282.89   0.140
283.06   0.143
283.22   0.147
283.40   0.151
283.56   0.154
283.73   0.158
283.89   0.161
284.06   0.165
284.22   0.169
284.39   0.172
284.56   0.176
284.73   0.179
284.89   0.183
285.06   0.187
285.23   0.190
285.39   0.194
285.56   0.198
285.72   0.201
285.89   0.205
286.06   0.208
286.23   0.212
286.40   0.215
286.56   0.219
286.72   0.223
286.89   0.226
287.06   0.230
287.23   0.233
287.40   0.237
287.57   0.241
287.73   0.244
287.89   0.248
288.06   0.251
288.22   0.255
288.38   0.259
288.55   0.262
288.71   0.266
288.87   0.270
289.03   0.273
289.19   0.277
289.36   0.281
289.52   0.285
289.68   0.288
289.85   0.292
290.01   0.296
290.16   0.300
290.33   0.304
290.49   0.307
290.66   0.311
290.82   0.315
290.98   0.319
291.14   0.323
291.30   0.326
291.46   0.330
291.63   0.334
291.79   0.338
291.95   0.342
292.11   0.346
292.28   0.349
292.44   0.353
292.60   0.357
292.76   0.361
292.93   0.365
293.09   0.369
293.25   0.373
293.41   0.377
293.58   0.381
293.73   0.385
293.89   0.389
294.06   0.393
294.22   0.397
294.39   0.401
294.55   0.405
294.71   0.409
294.87   0.413
295.03   0.417
295.19   0.421
295.35   0.425
295.52   0.429
295.68   0.433
295.85   0.437
296.01   0.441
296.16   0.444
296.32   0.448
296.49   0.452
296.65   0.455
296.82   0.459
296.98   0.462
297.14   0.466
297.29   0.469
297.46   0.473
297.62   0.476
297.78   0.480
297.95   0.484
298.11   0.487
298.27   0.491
298.43   0.494
298.59   0.498
298.76   0.502
298.92   0.505
299.08   0.509
299.25   0.512
299.41   0.516
299.57   0.520
299.72   0.523
299.89   0.527
300.05   0.531
300.21   0.535
300.38   0.538
300.54   0.542
300.70   0.546
300.85   0.550
301.02   0.554
301.18   0.557
301.34   0.561
301.51   0.565
301.67   0.569
301.83   0.573
301.99   0.577
302.17   0.581
302.34   0.585
302.51   0.590
302.68   0.594
302.85   0.598
303.02   0.602
303.20   0.606
303.36   0.610
303.54   0.614
303.71   0.618
303.88   0.622
304.05   0.626
304.22   0.630
304.39   0.634
304.56   0.638
304.73   0.642
304.90   0.646
305.07   0.650
305.25   0.654
305.42   0.658
305.59   0.662
305.76   0.666
305.93   0.670
306.10   0.674
306.28   0.678
306.45   0.682
306.62   0.686
306.79   0.690
306.95   0.694
307.13   0.697
307.30   0.701
307.47   0.705
307.64   0.708
307.82   0.712
308.00   0.716
308.17   0.720
308.35   0.724
308.53   0.728
308.70   0.733
308.88   0.737
309.05   0.741
309.23   0.745
309.41   0.749
309.59   0.753
309.77   0.757
309.94   0.761
310.11   0.765
310.29   0.768
310.47   0.772
310.65   0.775
310.82   0.779
311.00   0.783
311.18   0.786
311.35   0.790
311.53   0.794
311.71   0.797
311.88   0.801
312.06   0.805
312.24   0.809
312.41   0.813
312.59   0.817
312.77   0.821
312.94   0.825
313.12   0.828
313.29   0.832
313.48   0.836
313.65   0.840
313.83   0.844
314.00   0.848
314.18   0.852
314.35   0.856
314.53   0.860
314.71   0.864
314.89   0.868
315.07   0.871
315.24   0.874
315.41   0.876
315.59   0.879
315.77   0.881
315.95   0.884
316.12   0.886
316.29   0.888
316.47   0.891
316.65   0.894
316.83   0.897
317.00   0.900
317.18   0.903
317.36   0.907
317.53   0.910
317.71   0.914
317.89   0.917
318.06   0.921
318.24   0.926
318.42   0.930
318.59   0.934
318.77   0.939
318.94   0.943
319.12   0.948
319.30   0.952
319.48   0.956
319.66   0.961
319.83   0.965
320.01   0.969
320.18   0.973
320.36   0.978
320.54   0.982
320.72   0.986
320.89   0.990
321.06   0.994
321.25   0.998
321.42   1.003
321.59   1.007
321.77   1.011
321.95   1.015
322.12   1.019
322.30   1.022
322.48   1.026
322.65   1.030
322.83   1.034
323.01   1.038
323.19   1.042
323.36   1.045
323.54   1.049
323.71   1.053
323.89   1.057
324.07   1.061
324.25   1.064
324.42   1.068
324.60   1.072
324.78   1.075
324.95   1.079
325.13   1.083
325.30   1.086
325.47   1.090
325.64   1.094
325.81   1.097
325.98   1.101
326.16   1.104
326.33   1.108
326.50   1.111
326.67   1.115
326.84   1.118
327.01   1.122
327.19   1.125
327.36   1.128
327.53   1.132
327.70   1.135
327.87   1.138
328.05   1.142
328.22   1.145
328.39   1.149
328.56   1.152
328.73   1.155
328.90   1.159
329.07   1.162
329.25   1.166
329.42   1.169
329.59   1.173
329.76   1.176
329.93   1.180
330.10   1.184
330.28   1.187
330.45   1.191
330.62   1.194
330.79   1.198
330.96   1.202
331.14   1.205
331.31   1.209
331.48   1.213
331.65   1.216
331.82   1.220
332.00   1.224
332.17   1.228
332.34   1.231
332.51   1.235
332.68   1.239
332.85   1.243
333.02   1.246
333.20   1.250
333.37   1.254
333.54   1.258
333.71   1.262
333.88   1.265
334.05   1.269
334.22   1.273
334.40   1.277
334.57   1.280
334.74   1.284
334.91   1.288
335.08   1.292
335.25   1.296
335.42   1.299
335.60   1.303
335.77   1.307
335.94   1.311
336.12   1.314
336.28   1.318
336.45   1.322
336.63   1.325
336.80   1.329
336.97   1.333
337.14   1.336
337.31   1.340
337.48   1.344
337.66   1.347
337.83   1.351
338.00   1.354
338.18   1.358
338.35   1.361
338.51   1.364
338.69   1.368
338.86   1.371
339.03   1.375
339.20   1.378
339.38   1.382
339.55   1.385
339.72   1.389
339.89   1.392
340.07   1.396
340.23   1.399
340.41   1.403
340.58   1.406
340.75   1.410
340.92   1.413
341.10   1.416
341.27   1.420
341.44   1.423
341.61   1.427
341.78   1.430
341.96   1.434
342.13   1.437
342.30   1.441
342.47   1.444
342.64   1.448
342.82   1.451
342.99   1.455
343.16   1.458
343.34   1.462
343.51   1.465
343.67   1.469
343.85   1.472
344.02   1.476
344.19   1.479
344.36   1.483
344.54   1.486
344.71   1.490
344.88   1.493
345.05   1.497
345.23   1.501
345.40   1.504
345.57   1.508
345.75   1.511
345.91   1.515
346.08   1.519
346.26   1.523
346.43   1.526
346.60   1.530
346.77   1.534
346.95   1.538
347.12   1.541
347.29   1.545
347.47   1.549
347.64   1.552
347.81   1.556
347.98   1.559
348.16   1.563
348.32   1.566
348.50   1.570
348.67   1.573
348.84   1.577
349.02   1.580
349.19   1.584
349.36   1.587
349.53   1.591
349.71   1.594
349.87   1.597
350.04   1.601
350.22   1.604
350.39   1.608
350.57   1.611
350.74   1.615
350.91   1.618
351.08   1.622
351.25   1.626
351.43   1.630
351.60   1.635
351.77   1.639
351.94   1.644
352.12   1.648
352.29   1.652
352.46   1.657
352.64   1.661
352.81   1.665
352.98   1.669
353.15   1.673
353.33   1.677
353.50   1.681
353.67   1.684
353.85   1.688
354.02   1.691
354.19   1.695
354.36   1.698
354.53   1.701
354.71   1.704
354.88   1.707
355.06   1.710
355.23   1.713
355.40   1.716
355.57   1.720
355.74   1.723
355.92   1.726
356.09   1.729
356.26   1.732
356.44   1.736
356.61   1.739
356.79   1.743
356.96   1.746
357.13   1.750
357.30   1.753
357.47   1.757
357.65   1.761
357.82   1.764
358.00   1.768
358.17   1.772
358.34   1.775
358.52   1.779
358.69   1.782
358.86   1.786
359.04   1.789
359.21   1.793
359.38   1.796
359.56   1.800
359.72   1.803
359.90   1.807
360.08   1.810
360.25   1.814
360.42   1.818
360.60   1.821
360.76   1.825
360.93   1.828
361.10   1.832
361.27   1.836
361.43   1.839
361.60   1.843
361.77   1.846
361.94   1.850
362.10   1.854
362.28   1.857
362.44   1.861
362.61   1.865
362.78   1.869
362.95   1.872
363.11   1.876
363.28   1.880
363.45   1.884
363.62   1.888
363.79   1.892
363.96   1.895
364.13   1.899
364.29   1.903
364.46   1.907
364.63   1.910
364.80   1.914
364.97   1.918
365.13   1.921
365.30   1.925
365.47   1.928
365.63   1.932
365.80   1.935
365.97   1.939
366.14   1.942
366.31   1.946
366.48   1.949
366.64   1.953
366.81   1.956
366.97   1.960
367.14   1.964
367.31   1.967
367.48   1.971
367.65   1.975
367.82   1.978
367.99   1.982
368.15   1.986
368.32   1.990
368.49   1.994
368.66   1.997
368.82   2.001
368.99   2.005
369.16   2.009
369.32   2.013
369.49   2.017
369.66   2.021
369.83   2.024
370.00   2.028
370.17   2.032
370.34   2.036
370.50   2.040
370.67   2.044
370.83   2.048
371.00   2.052
371.17   2.056
371.34   2.060
371.51   2.064
371.67   2.068
371.84   2.072
372.01   2.076
372.17   2.080
372.34   2.084
372.51   2.088
372.67   2.092
372.84   2.096
373.01   2.099
373.18   2.103
373.35   2.106
373.52   2.110
373.69   2.113
373.85   2.117
374.01   2.120
374.18   2.124
374.35   2.127
374.52   2.131
374.69   2.135
374.86   2.139
375.02   2.143
375.18   2.147
375.35   2.151
375.52   2.155
375.69   2.159
375.86   2.163
376.03   2.167
376.19   2.171
376.36   2.175
376.53   2.179
376.69   2.183
376.86   2.187
377.03   2.191
377.20   2.195
377.36   2.199
377.53   2.203
377.69   2.208
377.86   2.212
378.03   2.216
378.20   2.220
378.37   2.224
378.53   2.228
378.70   2.232
378.87   2.236
379.03   2.239
379.20   2.243
379.37   2.247
379.54   2.251
379.71   2.255
379.88   2.259
380.04   2.263
380.21   2.267
380.38   2.270
380.54   2.274
380.71   2.278
380.88   2.282
381.05   2.286
381.21   2.289
381.38   2.293
381.55   2.297
381.71   2.301
381.88   2.304
382.05   2.308
382.21   2.312
382.38   2.315
382.55   2.319
382.71   2.323
382.88   2.327
383.05   2.330
383.22   2.334
383.38   2.338
383.54   2.342
383.71   2.346
383.88   2.349
384.05   2.353
384.22   2.357
384.38   2.361
384.55   2.365
384.72   2.369
384.89   2.373
385.05   2.377
385.22   2.381
385.39   2.385
385.55   2.389
385.72   2.393
385.89   2.397
386.06   2.401
386.22   2.405
386.39   2.409
386.55   2.414
386.72   2.418
386.89   2.422
387.06   2.426
387.23   2.430
387.39   2.435
387.55   2.439
387.72   2.443
387.89   2.447
388.06   2.452
388.23   2.456
388.39   2.460
388.56   2.465
388.72   2.469
388.89   2.473
389.06   2.478
389.23   2.482
389.39   2.487
389.55   2.491
389.72   2.496
389.89   2.500
390.06   2.505
390.23   2.509
390.40   2.514
390.57   2.518
390.73   2.523
390.89   2.527
391.06   2.531
391.23   2.536
391.40   2.540
391.57   2.544
391.74   2.548
391.90   2.552
392.06   2.556
392.23   2.560
392.40   2.564
392.57   2.568
392.73   2.572
392.90   2.575
393.07   2.579
393.24   2.583
393.40   2.587
393.57   2.591
393.74   2.595
393.91   2.599
394.07   2.603
394.24   2.607
394.41   2.611
394.57   2.615
394.74   2.620
394.91   2.625
395.08   2.629
395.24   2.634
395.41   2.638
395.57   2.643
395.73   2.647
395.89   2.652
396.06   2.656
396.22   2.660
396.38   2.664
396.54   2.668
396.70   2.672
396.87   2.676
397.03   2.679
397.20   2.683
397.36   2.687
397.52   2.690
397.68   2.694
397.84   2.698
398.00   2.701
398.17   2.705
398.33   2.708
398.49   2.712
398.65   2.715
398.81   2.719
398.97   2.723
399.14   2.726
399.30   2.730
399.46   2.734
399.62   2.738
399.78   2.741
399.95   2.745
400.11   2.749
400.27   2.753
400.43   2.757
400.60   2.761
400.76   2.765
400.92   2.769
401.08   2.773
401.24   2.777
401.40   2.781
401.56   2.785
401.73   2.790
401.89   2.794
402.05   2.798
402.21   2.802
402.38   2.806
402.54   2.810
402.70   2.814
402.86   2.818
403.02   2.822
403.19   2.826
403.35   2.830
403.51   2.834
403.67   2.838
403.83   2.842
404.00   2.846
404.16   2.850
404.33   2.854
404.48   2.858
404.64   2.862
404.80   2.867
404.97   2.871
405.13   2.875
405.30   2.879
405.46   2.883
405.62   2.887
405.78   2.892
405.94   2.896
406.10   2.900
406.26   2.904
406.43   2.908
406.59   2.912
406.75   2.917
406.91   2.921
407.07   2.925
407.23   2.929
407.40   2.933
407.56   2.937
407.73   2.941
407.88   2.945
408.04   2.949
408.21   2.953
408.37   2.957
408.54   2.961
408.70   2.966
408.86   2.970
409.02   2.974
409.18   2.978
409.35   2.983
409.51   2.987
409.67   2.991
409.84   2.995
410.00   2.999
410.16   3.002
410.32   3.006
410.48   3.010
410.64   3.013
410.80   3.017
410.97   3.020
411.13   3.024
411.30   3.028
411.46   3.033
411.62   3.037
411.78   3.042
411.94   3.046
412.11   3.051
412.27   3.055
412.43   3.060
412.59   3.065
412.76   3.069
412.92   3.074
413.08   3.079
413.24   3.083
413.41   3.088
413.57   3.092
413.73   3.097
413.89   3.101
414.05   3.105
414.22   3.109
414.38   3.113
414.55   3.117
414.71   3.120
414.87   3.124
415.03   3.128
415.20   3.131
415.36   3.135
415.52   3.138
415.69   3.141
415.84   3.145
416.00   3.148
416.17   3.151
416.33   3.154
416.50   3.158
416.66   3.161
416.82   3.164
416.98   3.167
417.14   3.171
417.31   3.174
417.47   3.177
417.63   3.181
417.79   3.185
417.96   3.188
418.12   3.192
418.28   3.196
418.45   3.201
418.61   3.205
418.77   3.209
418.93   3.213
419.10   3.217
419.26   3.222
419.42   3.226
419.58   3.230
419.74   3.235
419.91   3.239
420.07   3.244
420.24   3.249
420.39   3.254
420.56   3.259
420.72   3.265
420.88   3.271
421.05   3.277
421.21   3.282
421.38   3.288
421.53   3.294
421.69   3.299
421.86   3.305
422.02   3.310
422.19   3.315
422.35   3.320
422.51   3.325
422.68   3.330
422.84   3.334
423.00   3.338
423.16   3.342
423.33   3.345
423.49   3.348
423.65   3.351
423.81   3.354
423.98   3.357
424.14   3.360
424.31   3.364
424.47   3.367
424.63   3.371
424.80   3.375
424.96   3.379
425.12   3.383
425.29   3.387
425.45   3.391
425.61   3.395
425.77   3.399
425.94   3.404
426.10   3.408
426.27   3.413
426.43   3.418
426.59   3.422
426.76   3.427
426.92   3.431
427.09   3.436
427.25   3.440
427.41   3.445
427.57   3.449
427.74   3.453
427.90   3.458
428.06   3.462
428.22   3.467
428.39   3.471
428.55   3.476
428.71   3.480
428.88   3.484
429.04   3.489
429.19   3.493
429.35   3.498
429.51   3.502
429.67   3.507
429.83   3.511
429.99   3.515
430.15   3.519
430.30   3.524
430.46   3.528
430.62   3.532
430.78   3.536
430.94   3.539
431.10   3.543
431.26   3.546
431.41   3.550
431.57   3.553
431.73   3.557
431.89   3.560
432.05   3.563
432.21   3.567
432.36   3.571
432.52   3.574
432.67   3.578
432.83   3.582
432.99   3.586
433.15   3.590
433.31   3.594
433.47   3.598
433.62   3.603
433.78   3.608
433.94   3.612
434.10   3.617
434.26   3.622
434.42   3.626
434.57   3.630
434.73   3.635
434.89   3.639
435.05   3.643
435.21   3.647
435.37   3.651
435.52   3.655
435.68   3.659
435.84   3.663
435.99   3.667
436.15   3.671
436.31   3.675
436.47   3.679
436.63   3.682
436.78   3.686
436.94   3.690
437.10   3.694
437.26   3.698
437.42   3.701
437.58   3.705
437.73   3.709
437.88   3.713
438.04   3.717
438.20   3.720
438.36   3.724
438.52   3.728
438.68   3.732
438.84   3.736
439.00   3.740
439.15   3.744
439.31   3.748
439.47   3.753
439.62   3.757
439.79   3.761
439.94   3.764
440.09   3.768
440.25   3.772
440.41   3.776
440.57   3.780
440.73   3.784
440.89   3.788
441.05   3.792
441.20   3.796
441.36   3.800
441.52   3.804
441.67   3.808
441.83   3.812
441.99   3.816
442.15   3.820
442.30   3.824
442.46   3.828
442.62   3.832
442.78   3.835
442.94   3.839
443.09   3.843
443.25   3.847
443.41   3.851
443.56   3.854
443.72   3.858
443.88   3.861
444.04   3.865
444.19   3.868
444.35   3.872
444.51   3.875
444.67   3.879
444.83   3.883
444.99   3.886
445.14   3.890
445.30   3.893
445.45   3.897
445.61   3.900
445.77   3.904
445.93   3.907
446.09   3.911
446.25   3.914
446.40   3.918
446.56   3.921
446.71   3.925
446.87   3.928
447.03   3.932
447.19   3.935
447.35   3.939
447.50   3.942
447.66   3.946
447.82   3.949
447.98   3.953
448.13   3.956
448.29   3.960
448.44   3.963
448.60   3.967
448.76   3.970
448.92   3.974
449.08   3.977
449.24   3.981
449.40   3.985
449.55   3.988
449.71   3.992
449.87   3.995
450.02   3.999
450.18   4.002
450.34   4.006
450.49   4.009
450.65   4.013
450.81   4.016
450.97   4.020
451.12   4.023
451.29   4.026
451.44   4.030
451.60   4.033
451.75   4.036
451.91   4.039
452.07   4.043
452.23   4.046
452.38   4.049
452.54   4.053
452.69   4.056
452.85   4.060
453.01   4.063
453.17   4.066
453.33   4.070
453.49   4.073
453.64   4.076
453.79   4.080
453.95   4.083
454.11   4.087
454.27   4.090
454.43   4.093
454.58   4.097
454.74   4.100
454.90   4.104
455.06   4.107
455.22   4.110
455.37   4.114
455.52   4.117
455.68   4.121
455.84   4.124
456.00   4.127
456.16   4.131
456.32   4.134
456.47   4.137
456.63   4.141
456.79   4.144
456.95   4.147
457.11   4.150
457.26   4.154
457.42   4.157
457.57   4.160
457.73   4.163
457.89   4.167
458.05   4.170
458.21   4.173
458.36   4.176
458.51   4.179
458.67   4.182
458.83   4.185
458.99   4.188
459.15   4.191
459.31   4.195
459.47   4.198
459.62   4.201
459.78   4.204
459.94   4.207
460.10   4.210
460.25   4.213
460.41   4.216
460.56   4.219
460.73   4.222
460.88   4.225
461.04   4.228
461.20   4.231
461.36   4.234
461.51   4.238
461.67   4.241
461.83   4.244
461.98   4.247
462.14   4.251
462.28   4.254
462.44   4.257
462.59   4.260
462.74   4.263
462.90   4.267
463.05   4.270
463.20   4.273
463.35   4.276
463.50   4.279
463.66   4.282
463.81   4.285
463.96   4.288
464.12   4.291
464.27   4.293
464.42   4.296
464.57   4.299
464.73   4.302
464.88   4.305
465.03   4.307
465.18   4.310
465.33   4.313
465.49   4.316
465.64   4.319
465.80   4.321
465.95   4.324
466.10   4.327
466.25   4.330
466.40   4.333
466.56   4.336
466.71   4.338
466.87   4.341
467.02   4.344
467.16   4.347
467.32   4.350
467.47   4.353
467.62   4.356
467.78   4.359
467.93   4.362
468.07   4.365
468.23   4.368
468.39   4.371
468.54   4.374
468.69   4.377
468.84   4.380
468.99   4.384
469.14   4.387
469.30   4.390
469.45   4.393
469.61   4.397
469.76   4.400
469.91   4.403
470.06   4.407
470.21   4.410
470.37   4.413
470.52   4.417
470.67   4.420
470.82   4.423
470.97   4.426
471.13   4.430
471.28   4.433
471.44   4.436
471.58   4.439
471.73   4.442
471.89   4.446
472.04   4.449
472.20   4.452
472.35   4.455
472.49   4.459
472.65   4.462
472.80   4.465
472.96   4.469
473.11   4.472
473.27   4.475
473.41   4.479
473.56   4.482
473.72   4.485
473.87   4.489
474.03   4.492
474.17   4.495
474.33   4.499
474.48   4.502
474.64   4.505
474.79   4.509
474.94   4.512
475.09   4.515
475.24   4.519
475.40   4.522
475.55   4.525
475.70   4.529
475.86   4.532
476.00   4.535
476.16   4.539
476.31   4.542
476.47   4.545
476.62   4.548
476.77   4.552
476.92   4.555
477.08   4.558
477.23   4.561
477.39   4.564
477.54   4.567
477.69   4.570
477.84   4.573
477.99   4.576
478.15   4.579
478.30   4.582
478.45   4.585
478.60   4.587
478.75   4.590
478.91   4.593
479.06   4.595
479.22   4.598
479.36   4.601
479.52   4.603
479.67   4.606
479.83   4.608
479.98   4.611
480.14   4.614
480.28   4.616
480.44   4.619
480.59   4.622
480.75   4.624
480.90   4.627
481.05   4.630
481.20   4.633
481.36   4.636
481.51   4.639
481.66   4.642
481.82   4.645
481.96   4.648
482.12   4.651
482.27   4.654
482.43   4.657
482.58   4.660
482.72   4.663
482.88   4.666
483.04   4.669
483.19   4.672
483.35   4.674
483.50   4.677
483.64   4.680
483.80   4.683
483.96   4.686
484.11   4.689
484.27   4.692
484.42   4.695
484.57   4.698
484.72   4.701
484.88   4.704
485.03   4.707
485.18   4.710
485.33   4.713
485.48   4.716
485.64   4.719
485.79   4.723
485.95   4.726
486.09   4.729
486.25   4.733
486.40   4.736
486.56   4.740
486.72   4.743
486.90   4.747
487.06   4.750
487.24   4.754
487.41   4.757
487.59   4.761
487.76   4.764
487.92   4.768
488.10   4.771
488.27   4.775
488.45   4.778
488.62   4.782
488.79   4.785
488.96   4.789
489.14   4.792
489.31   4.796
489.48   4.799
489.65   4.803
489.83   4.806
490.00   4.810
490.17   4.813
490.34   4.817
490.51   4.820
490.69   4.824
490.86   4.827
491.03   4.830
491.21   4.834
491.38   4.837
491.55   4.840
491.72   4.843
491.89   4.847
492.07   4.850
492.24   4.853
492.41   4.856
492.58   4.860
492.76   4.863
492.94   4.866
493.11   4.869
493.27   4.873
493.45   4.876
493.62   4.879
493.79   4.883
493.95   4.886
494.12   4.889
494.28   4.893
494.45   4.896
494.62   4.899
494.78   4.903
494.95   4.906
495.12   4.910
495.29   4.913
495.46   4.916
495.62   4.920
495.79   4.923
495.95   4.926
496.12   4.930
496.30   4.933
496.47   4.937
496.64   4.940
496.80   4.943
496.97   4.947
497.14   4.950
497.31   4.953
497.48   4.957
497.65   4.960
497.82   4.963
497.99   4.967
498.16   4.970
498.33   4.974
498.50   4.977
498.67   4.981
498.84   4.984
499.01   4.987
499.17   4.991
499.34   4.994
499.52   4.998
499.69   5.001
499.86   5.005
500.02   5.008
500.20   5.012
500.36   5.016
500.53   5.019
500.70   5.023
500.87   5.026
501.04   5.030
501.20   5.033
501.38   5.037
501.54   5.041
501.72   5.044
501.88   5.048
502.05   5.052
502.22   5.056
502.39   5.060
502.56   5.063
502.73   5.067
502.90   5.071
503.07   5.075
503.24   5.078
503.41   5.082
503.57   5.086
503.74   5.090
503.91   5.093
504.09   5.097
504.25   5.100
504.42   5.104
504.58   5.107
504.76   5.111
504.93   5.114
505.10   5.117
505.27   5.121
505.44   5.124
505.60   5.127
505.77   5.130
505.95   5.134
506.12   5.137
506.28   5.140
506.45   5.143
506.62   5.146
506.79   5.149
506.96   5.153
507.13   5.156
507.30   5.159
507.47   5.162
507.64   5.165
507.81   5.168
507.97   5.171
508.14   5.174
508.31   5.177
508.48   5.180
508.65   5.184
508.82   5.187
508.99   5.190
509.15   5.193
509.33   5.196
509.49   5.199
509.67   5.202
509.83   5.206
510.00   5.209
510.17   5.212
510.34   5.216
510.51   5.219
510.68   5.223
510.85   5.226
511.02   5.230
511.19   5.233
511.36   5.236
511.52   5.240
511.69   5.243
511.86   5.247
512.03   5.250
512.20   5.254
512.37   5.257
512.54   5.260
512.71   5.264
512.88   5.267
513.04   5.270
513.21   5.274
513.38   5.277
513.55   5.280
513.72   5.283
513.89   5.287
514.06   5.290
514.22   5.293
514.39   5.296
514.56   5.300
514.74   5.303
514.90   5.306
515.07   5.309
515.24   5.312
515.41   5.316
515.58   5.319
515.75   5.322
515.91   5.325
516.08   5.328
516.25   5.332
516.42   5.335
516.58   5.338
516.75   5.341
516.93   5.344
517.10   5.348
517.27   5.351
517.43   5.354
517.60   5.357
517.77   5.360
517.94   5.363
518.11   5.367
518.28   5.370
518.45   5.373
518.61   5.376
518.78   5.379
518.96   5.383
519.13   5.386
519.29   5.389
519.46   5.392
519.63   5.395
519.80   5.399
519.97   5.402
520.14   5.405
520.31   5.409
520.48   5.412
520.65   5.416
520.82   5.419
520.98   5.423
521.15   5.427
521.32   5.431
521.49   5.434
521.66   5.438
521.83   5.442
522.00   5.446
522.17   5.450
522.34   5.453
522.50   5.457
522.68   5.461
522.84   5.465
523.01   5.469
523.19   5.473
523.35   5.476
523.52   5.480
523.69   5.484
523.86   5.488
524.03   5.491
524.20   5.495
524.37   5.499
524.53   5.503
524.69   5.506
524.86   5.510
525.02   5.514
525.18   5.517
525.35   5.521
525.51   5.525
525.67   5.528
525.84   5.532
526.00   5.536
526.16   5.540
526.32   5.543
526.49   5.547
526.65   5.551
526.81   5.554
526.98   5.558
527.14   5.562
527.30   5.565
527.47   5.569
527.63   5.572
527.80   5.576
527.95   5.580
528.12   5.583
528.28   5.587
528.45   5.591
528.61   5.594
528.77   5.598
528.94   5.601
529.10   5.605
529.27   5.609
529.43   5.612
529.59   5.616
529.75   5.619
529.92   5.623
530.08   5.626
530.24   5.630
530.40   5.634
530.57   5.637
530.73   5.641
530.90   5.645
531.06   5.648
531.22   5.652
531.38   5.656
531.55   5.660
531.72   5.664
531.88   5.667
532.05   5.671
532.20   5.675
532.37   5.679
532.53   5.683
532.70   5.687
532.86   5.691
533.01   5.695
533.18   5.699
533.35   5.703
533.51   5.707
533.67   5.710
533.84   5.714
534.00   5.718
534.17   5.722
534.33   5.726
534.49   5.730
534.65   5.734
534.82   5.738
534.98   5.742
535.15   5.746
535.31   5.750
535.47   5.754
535.64   5.758
535.80   5.762
535.96   5.766
536.13   5.770
536.29   5.774
536.45   5.778
536.61   5.783
536.78   5.787
536.94   5.791
537.10   5.796
537.27   5.800
537.43   5.804
537.60   5.808
537.76   5.813
537.92   5.817
538.09   5.821
538.25   5.825
538.42   5.829
538.58   5.833
538.74   5.837
538.90   5.841
539.07   5.844
539.24   5.848
539.40   5.851
539.56   5.854
539.72   5.857
539.89   5.860
540.05   5.863
540.22   5.866
540.38   5.869
540.55   5.872
540.70   5.875
540.87   5.878
541.03   5.881
541.20   5.884
541.36   5.887
541.52   5.890
541.69   5.894
541.85   5.898
542.02   5.902
542.18   5.906
542.34   5.910
542.50   5.914
542.67   5.918
542.84   5.922
543.00   5.925
543.16   5.929
543.32   5.932
543.49   5.936
543.65   5.939
543.81   5.942
543.98   5.946
544.15   5.949
544.31   5.953
544.47   5.956
544.64   5.960
544.80   5.963
544.96   5.967
545.13   5.970
545.29   5.974
545.46   5.977
545.62   5.980
545.78   5.984
545.94   5.987
546.11   5.990
546.28   5.994
546.44   5.997
546.60   6.000
546.76   6.004
546.93   6.007
547.09   6.011
547.25   6.014
547.42   6.018
547.58   6.022
547.75   6.025
547.91   6.029
548.07   6.032
548.23   6.036
548.40   6.040
548.57   6.043
548.73   6.047
548.89   6.050
549.05   6.054
549.22   6.057
549.38   6.061
549.55   6.064
549.71   6.067
549.87   6.070
550.03   6.072
550.20   6.075
550.37   6.078
550.53   6.081
550.69   6.083
550.86   6.086
551.02   6.089
551.19   6.092
551.35   6.095
551.51   6.098
551.68   6.100
551.84   6.103
552.01   6.107
552.17   6.110
552.33   6.113
552.50   6.116
552.66   6.120
552.83   6.123
552.99   6.127
553.16   6.130
553.32   6.134
553.48   6.137
553.65   6.141
553.81   6.144
553.97   6.147
554.13   6.150
554.29   6.154
554.45   6.157
554.60   6.160
554.76   6.163
554.93   6.166
555.08   6.169
555.24   6.172
555.40   6.175
555.56   6.178
555.72   6.181
555.87   6.184
556.03   6.187
556.19   6.190
556.35   6.193
556.51   6.196
556.66   6.199
556.82   6.202
556.98   6.205
557.14   6.208
557.30   6.211
557.46   6.214
557.61   6.217
557.77   6.220
557.92   6.222
558.09   6.225
558.24   6.228
558.40   6.231
558.56   6.234
558.72   6.237
558.88   6.240
559.04   6.243
559.19   6.245
559.35   6.248
559.50   6.251
559.66   6.254
559.82   6.257
