  
  DOI/GTN-P Deep Borehole Array, Arctic Alaska 
             U.S. Geological Survey 
            Processed Temperature Log 
                    26-Aug-2013 
________________________________________________ 
  
Temperature Log Information: 
  Well name:   East Simpson 
  File name:   ESN_12AUG09_c_d 
  Log date:    09-AUG-2012 
  
Contact Information: 
  Gary Clow 
  U.S. Geological Survey 
  clow@usgs.gov 
  
Definitions: 
  Depth:        Depth below local ground surface (m) 
  Temperature:  ITS-90 temperature (°C) 
________________________________________________ 
             
 Depth  Temperature 
 10.65  -7.865
 10.88  -7.871
 11.01  -7.877
 11.10  -7.883
 11.19  -7.888
 11.29  -7.894
 11.38  -7.899
 11.47  -7.905
 11.56  -7.911
 11.68  -7.917
 11.76  -7.923
 11.86  -7.929
 11.99  -7.936
 12.08  -7.943
 12.17  -7.950
 12.26  -7.957
 12.35  -7.964
 12.44  -7.972
 12.55  -7.979
 12.65  -7.986
 12.75  -7.993
 12.85  -8.000
 12.96  -8.007
 13.05  -8.014
 13.15  -8.021
 13.26  -8.028
 13.35  -8.034
 13.45  -8.041
 13.57  -8.048
 13.67  -8.055
 13.78  -8.062
 13.89  -8.069
 13.99  -8.076
 14.09  -8.083
 14.19  -8.090
 14.31  -8.097
 14.40  -8.104
 14.51  -8.111
 14.62  -8.118
 14.73  -8.125
 14.82  -8.133
 14.93  -8.140
 15.03  -8.147
 15.12  -8.154
 15.22  -8.160
 15.33  -8.167
 15.43  -8.174
 15.53  -8.181
 15.64  -8.187
 15.74  -8.193
 15.84  -8.200
 15.95  -8.205
 16.05  -8.211
 16.17  -8.216
 16.26  -8.222
 16.38  -8.227
 16.48  -8.232
 16.58  -8.236
 16.67  -8.241
 16.77  -8.245
 16.87  -8.250
 16.97  -8.254
 17.08  -8.258
 17.18  -8.262
 17.28  -8.267
 17.38  -8.271
 17.48  -8.274
 17.58  -8.278
 17.69  -8.282
 17.79  -8.286
 17.89  -8.290
 17.99  -8.294
 18.09  -8.298
 18.20  -8.302
 18.29  -8.306
 18.39  -8.310
 18.50  -8.313
 18.60  -8.317
 18.70  -8.320
 18.80  -8.324
 18.90  -8.327
 19.01  -8.331
 19.11  -8.334
 19.21  -8.337
 19.32  -8.340
 19.41  -8.343
 19.51  -8.346
 19.61  -8.349
 19.71  -8.352
 19.81  -8.355
 19.92  -8.358
 20.02  -8.361
 20.12  -8.364
 20.22  -8.366
 20.32  -8.369
 20.43  -8.372
 20.53  -8.375
 20.63  -8.378
 20.74  -8.381
 20.84  -8.383
 20.94  -8.386
 21.04  -8.389
 21.14  -8.392
 21.24  -8.395
 21.34  -8.398
 21.44  -8.401
 21.55  -8.404
 21.65  -8.407
 21.75  -8.410
 21.85  -8.413
 21.95  -8.416
 22.06  -8.419
 22.16  -8.423
 22.26  -8.426
 22.36  -8.430
 22.47  -8.434
 22.57  -8.438
 22.67  -8.442
 22.77  -8.446
 22.87  -8.451
 22.98  -8.455
 23.09  -8.460
 23.19  -8.464
 23.29  -8.469
 23.40  -8.474
 23.50  -8.479
 23.60  -8.483
 23.70  -8.488
 23.81  -8.493
 23.91  -8.499
 24.01  -8.504
 24.10  -8.509
 24.20  -8.514
 24.30  -8.519
 24.40  -8.524
 24.51  -8.529
 24.61  -8.535
 24.71  -8.540
 24.81  -8.545
 24.92  -8.550
 25.03  -8.556
 25.13  -8.561
 25.23  -8.566
 25.33  -8.572
 25.44  -8.577
 25.54  -8.582
 25.64  -8.587
 25.75  -8.593
 25.85  -8.598
 25.95  -8.603
 26.05  -8.608
 26.16  -8.613
 26.26  -8.618
 26.36  -8.623
 26.46  -8.628
 26.56  -8.633
 26.66  -8.638
 26.76  -8.642
 26.86  -8.647
 26.96  -8.652
 27.16  -8.661
 27.26  -8.666
 27.36  -8.670
 27.45  -8.675
 27.55  -8.679
 27.64  -8.683
 27.74  -8.688
 27.85  -8.692
 27.94  -8.696
 28.04  -8.700
 28.14  -8.704
 28.24  -8.708
 28.34  -8.713
 28.44  -8.716
 28.54  -8.720
 28.64  -8.724
 28.74  -8.728
 28.84  -8.732
 28.94  -8.736
 29.04  -8.740
 29.13  -8.743
 29.23  -8.747
 29.33  -8.751
 29.42  -8.755
 29.52  -8.758
 29.62  -8.762
 29.72  -8.766
 29.82  -8.769
 29.92  -8.773
 30.02  -8.776
 30.12  -8.780
 30.22  -8.783
 30.32  -8.787
 30.42  -8.790
 30.52  -8.794
 30.62  -8.797
 30.71  -8.800
 30.81  -8.804
 30.90  -8.807
 31.00  -8.810
 31.10  -8.813
 31.20  -8.817
 31.30  -8.820
 31.40  -8.823
 31.50  -8.826
 31.60  -8.829
 31.69  -8.832
 31.80  -8.835
 31.89  -8.838
 31.99  -8.841
 32.09  -8.844
 32.19  -8.847
 32.29  -8.850
 32.39  -8.853
 32.49  -8.855
 32.59  -8.858
 32.68  -8.861
 32.78  -8.864
 32.88  -8.866
 32.98  -8.869
 33.07  -8.872
 33.17  -8.874
 33.27  -8.877
 33.37  -8.880
 33.47  -8.882
 33.57  -8.885
 33.67  -8.887
 33.77  -8.890
 33.87  -8.892
 33.97  -8.895
 34.08  -8.897
 34.18  -8.900
 34.28  -8.902
 34.38  -8.904
 34.48  -8.907
 34.58  -8.909
 34.68  -8.911
 34.79  -8.914
 34.89  -8.916
 34.99  -8.918
 35.10  -8.920
 35.20  -8.922
 35.30  -8.925
 35.40  -8.927
 35.51  -8.929
 35.61  -8.931
 35.71  -8.933
 35.81  -8.935
 35.91  -8.936
 36.02  -8.938
 36.12  -8.940
 36.22  -8.942
 36.32  -8.944
 36.42  -8.946
 36.52  -8.947
 36.62  -8.949
 36.72  -8.951
 36.83  -8.953
 36.93  -8.954
 37.03  -8.956
 37.14  -8.958
 37.24  -8.959
 37.34  -8.961
 37.44  -8.962
 37.54  -8.964
 37.65  -8.965
 37.75  -8.967
 37.85  -8.968
 37.95  -8.970
 38.05  -8.971
 38.15  -8.972
 38.25  -8.974
 38.35  -8.975
 38.46  -8.976
 38.56  -8.977
 38.66  -8.979
 38.76  -8.980
 38.86  -8.981
 38.96  -8.982
 39.07  -8.983
 39.17  -8.984
 39.27  -8.985
 39.38  -8.986
 39.48  -8.987
 39.58  -8.988
 39.68  -8.989
 39.78  -8.990
 39.88  -8.991
 39.98  -8.991
 40.08  -8.992
 40.18  -8.993
 40.29  -8.993
 40.39  -8.994
 40.49  -8.994
 40.59  -8.994
 40.69  -8.995
 40.79  -8.995
 40.90  -8.995
 41.00  -8.995
 41.10  -8.996
 41.20  -8.996
 41.30  -8.996
 41.41  -8.996
 41.51  -8.996
 41.61  -8.996
 41.71  -8.996
 41.81  -8.996
 41.91  -8.997
 42.01  -8.997
 42.11  -8.997
 42.21  -8.997
 42.31  -8.997
 42.42  -8.997
 42.52  -8.997
 42.62  -8.997
 42.73  -8.997
 42.83  -8.997
 42.93  -8.997
 43.03  -8.997
 43.13  -8.997
 43.23  -8.996
 43.33  -8.996
 43.44  -8.996
 43.54  -8.996
 43.64  -8.996
 43.74  -8.996
 43.84  -8.996
 43.94  -8.996
 44.04  -8.996
 44.14  -8.996
 44.25  -8.996
 44.35  -8.996
 44.45  -8.996
 44.55  -8.996
 44.65  -8.996
 44.76  -8.996
 44.86  -8.996
 44.96  -8.996
 45.06  -8.996
 45.16  -8.995
 45.26  -8.995
 45.37  -8.995
 45.47  -8.995
 45.57  -8.995
 45.67  -8.995
 45.78  -8.995
 45.87  -8.995
 45.97  -8.994
 46.07  -8.994
 46.18  -8.994
 46.28  -8.994
 46.38  -8.994
 46.49  -8.994
 46.59  -8.993
 46.69  -8.993
 46.79  -8.993
 46.89  -8.993
 46.99  -8.993
 47.10  -8.992
 47.20  -8.992
 47.30  -8.992
 47.40  -8.992
 47.51  -8.992
 47.60  -8.991
 47.71  -8.991
 47.81  -8.991
 47.91  -8.991
 48.01  -8.990
 48.11  -8.990
 48.22  -8.990
 48.32  -8.989
 48.42  -8.989
 48.52  -8.989
 48.62  -8.988
 48.73  -8.988
 48.83  -8.987
 48.93  -8.987
 49.03  -8.986
 49.14  -8.986
 49.24  -8.985
 49.34  -8.985
 49.44  -8.984
 49.54  -8.984
 49.64  -8.983
 49.74  -8.983
 49.84  -8.982
 49.95  -8.982
 50.05  -8.981
 50.15  -8.980
 50.25  -8.980
 50.35  -8.979
 50.46  -8.979
 50.56  -8.978
 50.66  -8.978
 50.76  -8.977
 50.87  -8.976
 50.97  -8.976
 51.07  -8.975
 51.17  -8.974
 51.27  -8.974
 51.37  -8.973
 51.47  -8.972
 51.57  -8.971
 51.67  -8.970
 51.78  -8.970
 51.88  -8.969
 51.98  -8.968
 52.09  -8.967
 52.19  -8.966
 52.29  -8.965
 52.39  -8.964
 52.49  -8.963
 52.59  -8.962
 52.69  -8.961
 52.80  -8.960
 52.90  -8.959
 53.00  -8.958
 53.11  -8.957
 53.21  -8.956
 53.31  -8.955
 53.41  -8.954
 53.51  -8.953
 53.61  -8.952
 53.71  -8.951
 53.81  -8.950
 53.92  -8.949
 54.02  -8.948
 54.12  -8.948
 54.23  -8.947
 54.33  -8.946
 54.43  -8.945
 54.53  -8.944
 54.63  -8.943
 54.73  -8.942
 54.84  -8.941
 54.94  -8.940
 55.04  -8.939
 55.15  -8.938
 55.25  -8.937
 55.34  -8.936
 55.45  -8.935
 55.55  -8.934
 55.65  -8.933
 55.75  -8.932
 55.85  -8.930
 55.96  -8.929
 56.06  -8.928
 56.16  -8.927
 56.26  -8.926
 56.36  -8.925
 56.46  -8.923
 56.57  -8.922
 56.67  -8.921
 56.77  -8.919
 56.87  -8.918
 56.98  -8.916
 57.08  -8.915
 57.18  -8.913
 57.28  -8.911
 57.38  -8.910
 57.48  -8.908
 57.58  -8.907
 57.68  -8.905
 57.78  -8.903
 57.89  -8.902
 57.99  -8.900
 58.09  -8.899
 58.19  -8.897
 58.30  -8.896
 58.40  -8.894
 58.50  -8.893
 58.60  -8.892
 58.71  -8.890
 58.81  -8.889
 58.91  -8.888
 59.00  -8.886
 59.11  -8.885
 59.21  -8.883
 59.31  -8.882
 59.42  -8.880
 59.52  -8.879
 59.62  -8.877
 59.72  -8.876
 59.82  -8.874
 59.93  -8.872
 60.03  -8.870
 60.13  -8.869
 60.23  -8.867
 60.33  -8.865
 60.43  -8.863
 60.54  -8.861
 60.64  -8.859
 60.74  -8.857
 60.84  -8.855
 60.94  -8.853
 61.04  -8.851
 61.14  -8.849
 61.24  -8.847
 61.35  -8.845
 61.45  -8.843
 61.55  -8.841
 61.66  -8.839
 61.76  -8.837
 61.86  -8.835
 61.96  -8.833
 62.06  -8.831
 62.16  -8.829
 62.27  -8.827
 62.37  -8.825
 62.47  -8.823
 62.57  -8.821
 62.68  -8.819
 62.78  -8.817
 62.87  -8.815
 62.97  -8.813
 63.08  -8.811
 63.18  -8.810
 63.28  -8.808
 63.38  -8.806
 63.48  -8.804
 63.59  -8.802
 63.69  -8.800
 63.79  -8.799
 63.89  -8.797
 63.99  -8.795
 64.10  -8.793
 64.20  -8.791
 64.30  -8.790
 64.40  -8.788
 64.50  -8.786
 64.59  -8.784
 64.70  -8.782
 64.80  -8.780
 64.90  -8.778
 65.00  -8.776
 65.10  -8.774
 65.20  -8.772
 65.31  -8.770
 65.41  -8.768
 65.51  -8.766
 65.61  -8.764
 65.71  -8.762
 65.81  -8.760
 65.91  -8.758
 66.01  -8.756
 66.11  -8.754
 66.21  -8.753
 66.31  -8.751
 66.40  -8.749
 66.50  -8.748
 66.60  -8.746
 66.70  -8.744
 66.80  -8.743
 66.90  -8.741
 67.00  -8.740
 67.09  -8.738
 67.19  -8.736
 67.29  -8.734
 67.39  -8.733
 67.49  -8.731
 67.59  -8.729
 67.69  -8.727
 67.79  -8.725
 67.89  -8.722
 67.99  -8.720
 68.08  -8.717
 68.18  -8.715
 68.28  -8.712
 68.38  -8.709
 68.48  -8.706
 68.58  -8.703
 68.68  -8.700
 68.78  -8.697
 68.88  -8.694
 68.98  -8.692
 69.08  -8.689
 69.18  -8.686
 69.28  -8.683
 69.38  -8.680
 69.48  -8.677
 69.58  -8.674
 69.68  -8.671
 69.78  -8.668
 69.87  -8.665
 69.97  -8.662
 70.07  -8.659
 70.17  -8.656
 70.27  -8.654
 70.37  -8.651
 70.47  -8.648
 70.57  -8.645
 70.68  -8.642
 70.78  -8.640
 70.88  -8.637
 70.98  -8.634
 71.07  -8.632
 71.17  -8.630
 71.28  -8.627
 71.38  -8.625
 71.48  -8.623
 71.57  -8.621
 71.67  -8.619
 71.77  -8.617
 71.87  -8.615
 71.97  -8.613
 72.07  -8.611
 72.17  -8.608
 72.27  -8.606
 72.37  -8.604
 72.47  -8.602
 72.57  -8.600
 72.67  -8.598
 72.77  -8.595
 72.87  -8.593
 72.97  -8.590
 73.07  -8.587
 73.17  -8.585
 73.26  -8.582
 73.36  -8.579
 73.46  -8.577
 73.56  -8.574
 73.66  -8.571
 73.76  -8.569
 73.86  -8.566
 73.96  -8.564
 74.06  -8.561
 74.16  -8.558
 74.26  -8.556
 74.36  -8.553
 74.46  -8.551
 74.56  -8.549
 74.66  -8.546
 74.75  -8.544
 74.85  -8.541
 74.95  -8.539
 75.05  -8.537
 75.15  -8.534
 75.25  -8.532
 75.35  -8.529
 75.45  -8.527
 75.55  -8.525
 75.65  -8.522
 75.75  -8.520
 75.85  -8.517
 75.95  -8.515
 76.05  -8.513
 76.15  -8.510
 76.25  -8.508
 76.35  -8.505
 76.44  -8.503
 76.54  -8.501
 76.64  -8.498
 76.74  -8.496
 76.84  -8.493
 76.94  -8.491
 77.04  -8.489
 77.14  -8.486
 77.24  -8.484
 77.34  -8.481
 77.44  -8.479
 77.54  -8.476
 77.64  -8.473
 77.74  -8.471
 77.84  -8.468
 77.93  -8.465
 78.03  -8.463
 78.13  -8.460
 78.23  -8.458
 78.33  -8.455
 78.43  -8.453
 78.53  -8.450
 78.64  -8.447
 78.73  -8.445
 78.84  -8.442
 78.93  -8.440
 79.03  -8.437
 79.13  -8.435
 79.23  -8.432
 79.34  -8.429
 79.44  -8.427
 79.53  -8.424
 79.63  -8.422
 79.73  -8.420
 79.83  -8.417
 79.93  -8.415
 80.03  -8.413
 80.13  -8.411
 80.23  -8.409
 80.33  -8.407
 80.43  -8.405
 80.53  -8.403
 80.63  -8.400
 80.73  -8.398
 80.83  -8.396
 80.92  -8.394
 81.02  -8.392
 81.12  -8.390
 81.22  -8.387
 81.32  -8.385
 81.42  -8.383
 81.52  -8.381
 81.62  -8.379
 81.72  -8.377
 81.82  -8.375
 81.92  -8.373
 82.02  -8.370
 82.12  -8.368
 82.22  -8.366
 82.32  -8.363
 82.41  -8.360
 82.51  -8.358
 82.61  -8.355
 82.71  -8.352
 82.81  -8.349
 82.91  -8.346
 83.01  -8.344
 83.11  -8.341
 83.21  -8.338
 83.31  -8.335
 83.41  -8.333
 83.51  -8.330
 83.61  -8.327
 83.71  -8.325
 83.80  -8.322
 83.90  -8.320
 84.00  -8.318
 84.10  -8.315
 84.21  -8.313
 84.31  -8.311
 84.41  -8.309
 84.50  -8.307
 84.60  -8.305
 84.71  -8.302
 84.80  -8.300
 84.90  -8.298
 85.01  -8.296
 85.11  -8.294
 85.20  -8.292
 85.30  -8.290
 85.40  -8.287
 85.50  -8.285
 85.60  -8.283
 85.70  -8.281
 85.79  -8.278
 85.90  -8.276
 85.99  -8.274
 86.10  -8.272
 86.20  -8.269
 86.30  -8.267
 86.40  -8.265
 86.50  -8.262
 86.59  -8.260
 86.69  -8.258
 86.79  -8.255
 86.89  -8.253
 86.99  -8.250
 87.09  -8.248
 87.19  -8.245
 87.29  -8.242
 87.39  -8.240
 87.49  -8.237
 87.59  -8.234
 87.69  -8.231
 87.79  -8.229
 87.89  -8.226
 87.99  -8.223
 88.08  -8.220
 88.18  -8.217
 88.28  -8.215
 88.38  -8.212
 88.48  -8.209
 88.58  -8.207
 88.68  -8.204
 88.78  -8.201
 88.88  -8.199
 88.98  -8.196
 89.08  -8.194
 89.18  -8.191
 89.28  -8.189
 89.38  -8.186
 89.48  -8.184
 89.57  -8.181
 89.67  -8.179
 89.77  -8.176
 89.87  -8.173
 89.97  -8.171
 90.07  -8.168
 90.17  -8.165
 90.27  -8.163
 90.37  -8.160
 90.47  -8.157
 90.57  -8.154
 90.67  -8.152
 90.77  -8.149
 90.87  -8.146
 90.97  -8.143
 91.07  -8.140
 91.16  -8.137
 91.26  -8.135
 91.36  -8.132
 91.46  -8.129
 91.56  -8.126
 91.66  -8.124
 91.76  -8.121
 91.86  -8.119
 91.96  -8.116
 92.06  -8.114
 92.16  -8.111
 92.26  -8.109
 92.36  -8.106
 92.46  -8.104
 92.56  -8.101
 92.66  -8.099
 92.76  -8.096
 92.85  -8.094
 92.95  -8.091
 93.05  -8.089
 93.15  -8.086
 93.25  -8.084
 93.35  -8.081
 93.45  -8.079
 93.55  -8.076
 93.65  -8.073
 93.75  -8.070
 93.85  -8.068
 93.95  -8.065
 94.05  -8.062
 94.15  -8.059
 94.25  -8.056
 94.35  -8.054
 94.45  -8.051
 94.55  -8.048
 94.65  -8.045
 94.75  -8.043
 94.85  -8.040
 94.95  -8.037
 95.05  -8.035
 95.15  -8.032
 95.25  -8.029
 95.34  -8.027
 95.44  -8.024
 95.55  -8.022
 95.65  -8.019
 95.75  -8.017
 95.85  -8.014
 95.95  -8.011
 96.05  -8.009
 96.15  -8.006
 96.25  -8.004
 96.35  -8.001
 96.45  -7.998
 96.55  -7.996
 96.65  -7.993
 96.75  -7.990
 96.85  -7.987
 96.95  -7.984
 97.04  -7.982
 97.14  -7.979
 97.24  -7.976
 97.34  -7.973
 97.44  -7.970
 97.54  -7.967
 97.64  -7.964
 97.74  -7.962
 97.84  -7.959
 97.94  -7.956
 98.04  -7.953
 98.14  -7.950
 98.24  -7.948
 98.34  -7.945
 98.44  -7.943
 98.54  -7.940
 98.64  -7.937
 98.74  -7.935
 98.84  -7.932
 98.94  -7.930
 99.04  -7.927
 99.14  -7.925
 99.24  -7.922
 99.34  -7.919
 99.44  -7.916
 99.54  -7.914
 99.64  -7.911
 99.74  -7.908
 99.84  -7.905
 99.94  -7.902
100.04  -7.899
100.14  -7.895
100.24  -7.892
100.34  -7.889
100.44  -7.886
100.54  -7.883
100.64  -7.879
100.74  -7.876
100.84  -7.873
100.94  -7.870
101.04  -7.867
101.14  -7.863
101.25  -7.860
101.35  -7.857
101.46  -7.854
101.56  -7.851
101.66  -7.848
101.77  -7.845
101.87  -7.842
101.98  -7.839
102.08  -7.836
102.19  -7.833
102.29  -7.830
102.40  -7.828
102.50  -7.825
102.61  -7.822
102.71  -7.819
102.82  -7.816
102.92  -7.813
103.03  -7.811
103.13  -7.808
103.24  -7.805
103.34  -7.802
103.44  -7.799
103.55  -7.797
103.65  -7.794
103.76  -7.791
103.86  -7.789
103.96  -7.786
104.07  -7.783
104.17  -7.780
104.28  -7.778
104.38  -7.775
104.48  -7.773
104.58  -7.770
104.69  -7.768
104.79  -7.765
104.89  -7.763
105.00  -7.760
105.10  -7.758
105.20  -7.755
105.30  -7.753
105.41  -7.750
105.51  -7.748
105.60  -7.746
105.71  -7.743
105.81  -7.741
105.91  -7.738
106.01  -7.736
106.12  -7.733
106.22  -7.731
106.32  -7.728
106.42  -7.725
106.52  -7.722
106.63  -7.720
106.73  -7.717
106.83  -7.714
106.94  -7.711
107.04  -7.708
107.14  -7.705
107.25  -7.702
107.35  -7.699
107.45  -7.696
107.56  -7.693
107.65  -7.690
107.75  -7.687
107.85  -7.684
107.95  -7.682
108.06  -7.679
108.16  -7.677
108.26  -7.674
108.37  -7.672
108.47  -7.669
108.57  -7.667
108.68  -7.664
108.78  -7.662
108.88  -7.659
108.98  -7.656
109.09  -7.654
109.19  -7.651
109.29  -7.648
109.39  -7.645
109.50  -7.643
109.60  -7.639
109.70  -7.636
109.80  -7.633
109.90  -7.630
110.00  -7.626
110.10  -7.623
110.20  -7.619
110.31  -7.616
110.41  -7.612
110.51  -7.609
110.61  -7.605
110.72  -7.601
110.81  -7.598
110.92  -7.594
111.02  -7.591
111.12  -7.587
111.23  -7.584
111.33  -7.580
111.43  -7.577
111.53  -7.573
111.64  -7.570
111.74  -7.566
111.83  -7.563
111.93  -7.560
112.04  -7.556
112.14  -7.553
112.24  -7.550
112.34  -7.546
112.44  -7.543
112.55  -7.540
112.65  -7.536
112.75  -7.533
112.85  -7.530
112.96  -7.527
113.06  -7.523
113.16  -7.520
113.26  -7.517
113.37  -7.513
113.47  -7.510
113.57  -7.507
113.67  -7.504
113.78  -7.501
113.88  -7.498
113.98  -7.495
114.08  -7.492
114.18  -7.489
114.28  -7.486
114.38  -7.483
114.48  -7.481
114.58  -7.479
114.69  -7.477
114.79  -7.475
114.89  -7.473
115.00  -7.472
115.10  -7.470
115.20  -7.468
115.30  -7.466
115.40  -7.464
115.50  -7.463
115.61  -7.461
115.71  -7.459
115.81  -7.456
115.92  -7.454
116.02  -7.452
116.12  -7.449
116.21  -7.445
116.31  -7.442
116.42  -7.438
116.52  -7.435
116.62  -7.431
116.72  -7.427
116.82  -7.423
116.93  -7.419
117.03  -7.415
117.13  -7.411
117.24  -7.407
117.34  -7.404
117.44  -7.400
117.54  -7.396
117.64  -7.392
117.75  -7.389
117.85  -7.385
117.95  -7.382
118.05  -7.379
118.16  -7.376
118.25  -7.373
118.35  -7.370
118.45  -7.367
118.55  -7.364
118.66  -7.361
118.76  -7.359
118.86  -7.356
118.96  -7.353
119.07  -7.350
119.17  -7.348
119.27  -7.345
119.37  -7.343
119.47  -7.340
119.58  -7.338
119.68  -7.336
119.78  -7.333
119.88  -7.331
119.98  -7.329
120.09  -7.327
120.18  -7.325
120.28  -7.323
120.38  -7.320
120.49  -7.318
120.59  -7.316
120.69  -7.314
120.79  -7.312
120.89  -7.310
121.00  -7.307
121.10  -7.305
121.20  -7.302
121.30  -7.300
121.40  -7.297
121.51  -7.295
121.61  -7.292
121.71  -7.290
121.81  -7.287
121.92  -7.284
122.02  -7.282
122.12  -7.279
122.22  -7.277
122.32  -7.274
122.42  -7.271
122.52  -7.269
122.62  -7.266
122.72  -7.263
122.82  -7.260
122.93  -7.257
123.03  -7.255
123.13  -7.252
123.23  -7.249
123.34  -7.246
123.44  -7.244
123.54  -7.241
123.64  -7.238
123.74  -7.235
123.84  -7.232
123.95  -7.230
124.05  -7.227
124.15  -7.225
124.25  -7.222
124.36  -7.220
124.45  -7.218
124.55  -7.216
124.65  -7.213
124.76  -7.211
124.86  -7.209
124.96  -7.207
125.06  -7.205
125.16  -7.203
125.27  -7.201
125.37  -7.198
125.47  -7.196
125.58  -7.194
125.68  -7.192
125.78  -7.189
125.88  -7.187
125.98  -7.184
126.09  -7.182
126.19  -7.179
126.29  -7.176
126.39  -7.174
126.49  -7.171
126.59  -7.168
126.69  -7.165
126.80  -7.162
126.90  -7.160
127.00  -7.157
127.10  -7.154
127.20  -7.151
127.31  -7.148
127.41  -7.145
127.51  -7.142
127.61  -7.139
127.72  -7.136
127.82  -7.132
127.92  -7.129
128.02  -7.126
128.13  -7.123
128.23  -7.120
128.33  -7.116
128.43  -7.113
128.54  -7.110
128.63  -7.107
128.73  -7.104
128.83  -7.101
128.93  -7.098
129.04  -7.095
129.14  -7.093
129.24  -7.090
129.34  -7.088
129.44  -7.086
129.55  -7.084
129.65  -7.082
129.75  -7.080
129.85  -7.078
129.96  -7.076
130.06  -7.074
130.16  -7.072
130.27  -7.070
130.36  -7.068
130.47  -7.066
130.57  -7.063
130.66  -7.061
130.77  -7.058
130.87  -7.055
130.97  -7.052
131.07  -7.049
131.17  -7.046
131.28  -7.043
131.38  -7.039
131.48  -7.036
131.58  -7.033
131.69  -7.029
131.79  -7.026
131.89  -7.022
131.99  -7.019
132.10  -7.016
132.20  -7.013
132.30  -7.010
132.40  -7.007
132.51  -7.004
132.60  -7.001
132.70  -6.999
132.80  -6.996
132.91  -6.993
133.01  -6.991
133.11  -6.988
133.21  -6.986
133.31  -6.983
133.42  -6.981
133.52  -6.978
133.62  -6.975
133.72  -6.973
133.83  -6.970
133.93  -6.967
134.03  -6.964
134.13  -6.961
134.24  -6.958
134.34  -6.954
134.44  -6.951
134.54  -6.948
134.64  -6.945
134.74  -6.941
134.84  -6.938
134.94  -6.935
135.05  -6.931
135.15  -6.928
135.25  -6.925
135.35  -6.922
135.45  -6.918
135.56  -6.915
135.66  -6.912
135.76  -6.909
135.86  -6.906
135.97  -6.904
136.07  -6.901
136.17  -6.898
136.28  -6.895
136.38  -6.892
136.48  -6.889
136.58  -6.887
136.68  -6.884
136.78  -6.881
136.88  -6.878
136.98  -6.876
137.09  -6.873
137.19  -6.870
137.29  -6.868
137.39  -6.865
137.49  -6.862
137.60  -6.860
137.70  -6.857
137.80  -6.855
137.91  -6.852
138.01  -6.849
138.11  -6.847
138.21  -6.844
138.32  -6.842
138.42  -6.839
138.52  -6.836
138.62  -6.834
138.72  -6.831
138.83  -6.828
138.93  -6.825
139.02  -6.822
139.13  -6.819
139.23  -6.815
139.33  -6.812
139.43  -6.809
139.53  -6.805
139.64  -6.802
139.74  -6.799
139.84  -6.795
139.94  -6.792
140.04  -6.788
140.15  -6.785
140.25  -6.782
140.35  -6.778
140.45  -6.775
140.56  -6.772
140.66  -6.769
140.76  -6.766
140.86  -6.763
140.96  -6.760
141.06  -6.757
141.16  -6.754
141.26  -6.751
141.36  -6.748
141.46  -6.745
141.56  -6.742
141.67  -6.739
141.77  -6.736
141.87  -6.734
141.97  -6.731
142.07  -6.728
142.17  -6.725
142.27  -6.722
142.37  -6.720
142.47  -6.717
142.57  -6.714
142.67  -6.711
142.77  -6.709
142.86  -6.706
142.96  -6.703
143.06  -6.701
143.16  -6.698
143.25  -6.695
143.35  -6.693
143.45  -6.690
143.55  -6.688
143.65  -6.685
143.75  -6.682
143.85  -6.680
143.95  -6.677
144.05  -6.675
144.15  -6.672
144.25  -6.670
144.35  -6.667
144.45  -6.665
144.55  -6.662
144.65  -6.660
144.75  -6.657
144.85  -6.655
144.95  -6.652
145.04  -6.650
145.14  -6.647
145.24  -6.645
145.34  -6.642
145.44  -6.640
145.54  -6.638
145.64  -6.635
145.74  -6.633
145.84  -6.631
145.94  -6.628
146.04  -6.626
146.13  -6.624
146.24  -6.621
146.33  -6.619
146.43  -6.616
146.54  -6.614
146.63  -6.612
146.73  -6.609
146.83  -6.607
146.93  -6.604
147.03  -6.602
147.13  -6.599
147.22  -6.597
147.32  -6.594
147.42  -6.592
147.52  -6.589
147.62  -6.587
147.72  -6.584
147.82  -6.582
147.92  -6.579
148.02  -6.576
148.12  -6.574
148.22  -6.571
148.32  -6.568
148.42  -6.566
148.52  -6.563
148.62  -6.560
148.72  -6.558
148.82  -6.555
148.92  -6.552
149.02  -6.550
149.12  -6.547
149.21  -6.544
149.31  -6.541
149.41  -6.539
149.50  -6.536
149.61  -6.533
149.71  -6.530
149.80  -6.528
149.91  -6.525
150.00  -6.522
150.10  -6.520
150.20  -6.517
150.30  -6.515
150.40  -6.512
150.50  -6.510
150.60  -6.507
150.70  -6.505
150.80  -6.502
150.90  -6.500
151.00  -6.497
151.10  -6.495
151.19  -6.492
151.29  -6.490
151.39  -6.487
151.49  -6.485
151.59  -6.483
151.69  -6.480
151.79  -6.478
151.89  -6.475
151.99  -6.472
152.09  -6.470
152.19  -6.467
152.29  -6.465
152.39  -6.462
152.49  -6.460
152.59  -6.457
152.69  -6.455
152.79  -6.452
152.89  -6.450
152.98  -6.447
153.08  -6.445
153.18  -6.442
153.28  -6.439
153.37  -6.437
153.47  -6.434
153.57  -6.431
153.67  -6.429
153.77  -6.426
153.87  -6.423
153.97  -6.420
154.07  -6.418
154.17  -6.415
154.27  -6.412
154.37  -6.409
154.47  -6.407
154.57  -6.404
154.67  -6.402
154.77  -6.399
154.87  -6.397
154.97  -6.395
155.07  -6.393
155.17  -6.391
155.27  -6.389
155.37  -6.387
155.47  -6.385
155.57  -6.383
155.66  -6.381
155.76  -6.379
155.86  -6.377
155.96  -6.375
156.06  -6.373
156.15  -6.371
156.26  -6.369
156.36  -6.367
156.45  -6.364
156.56  -6.362
156.66  -6.359
156.75  -6.356
156.85  -6.353
156.95  -6.350
157.05  -6.347
157.15  -6.344
157.25  -6.341
157.35  -6.338
157.45  -6.335
157.55  -6.333
157.64  -6.330
157.74  -6.327
157.84  -6.324
157.94  -6.322
158.04  -6.320
158.14  -6.318
158.24  -6.316
158.34  -6.315
158.44  -6.313
158.54  -6.311
158.64  -6.310
158.74  -6.308
158.84  -6.307
158.94  -6.305
159.04  -6.304
159.14  -6.302
159.24  -6.301
159.34  -6.299
159.44  -6.298
159.54  -6.296
159.63  -6.294
159.72  -6.292
159.83  -6.290
159.93  -6.288
160.02  -6.286
160.13  -6.284
160.22  -6.282
160.32  -6.279
160.42  -6.277
160.52  -6.275
160.62  -6.273
160.72  -6.271
160.82  -6.269
160.92  -6.266
161.02  -6.264
161.12  -6.262
161.22  -6.259
161.32  -6.257
161.42  -6.255
161.52  -6.253
161.62  -6.250
161.71  -6.248
161.81  -6.246
161.91  -6.243
162.01  -6.241
162.11  -6.238
162.21  -6.236
162.30  -6.234
162.40  -6.231
162.51  -6.229
162.61  -6.227
162.70  -6.225
162.80  -6.222
162.90  -6.220
163.00  -6.218
163.10  -6.216
163.20  -6.214
163.30  -6.212
163.40  -6.211
163.50  -6.209
163.60  -6.207
163.70  -6.205
163.79  -6.203
163.89  -6.201
163.99  -6.199
164.09  -6.197
164.19  -6.195
164.29  -6.193
164.39  -6.191
164.49  -6.188
164.59  -6.186
164.79  -6.181
164.89  -6.178
164.99  -6.176
165.09  -6.173
165.19  -6.171
165.29  -6.168
165.39  -6.166
165.48  -6.163
165.58  -6.161
165.69  -6.159
165.78  -6.156
165.88  -6.154
165.98  -6.152
166.08  -6.150
166.18  -6.149
166.28  -6.147
166.37  -6.145
166.47  -6.144
166.57  -6.142
166.68  -6.140
166.77  -6.139
166.87  -6.137
166.97  -6.136
167.07  -6.134
167.17  -6.132
167.27  -6.131
167.37  -6.129
167.47  -6.127
167.57  -6.125
167.67  -6.122
167.77  -6.120
167.86  -6.118
167.96  -6.115
168.07  -6.113
168.17  -6.110
168.26  -6.108
168.36  -6.105
168.46  -6.103
168.56  -6.100
168.67  -6.098
168.76  -6.095
168.86  -6.093
168.96  -6.090
169.06  -6.088
169.17  -6.086
169.27  -6.084
169.36  -6.081
169.46  -6.079
169.56  -6.077
169.66  -6.075
169.76  -6.073
169.87  -6.071
169.97  -6.069
170.06  -6.067
170.16  -6.065
170.26  -6.063
170.36  -6.060
170.46  -6.058
170.56  -6.056
170.66  -6.054
170.76  -6.052
170.86  -6.049
170.96  -6.047
171.06  -6.044
171.16  -6.042
171.26  -6.040
171.36  -6.037
171.46  -6.035
171.56  -6.032
171.65  -6.030
171.75  -6.027
171.85  -6.025
171.95  -6.023
172.05  -6.020
172.15  -6.018
172.25  -6.016
172.35  -6.013
172.45  -6.011
172.55  -6.009
172.65  -6.007
172.75  -6.005
172.85  -6.003
172.95  -6.001
173.05  -5.999
173.15  -5.997
173.25  -5.995
173.35  -5.993
173.45  -5.991
173.55  -5.989
173.65  -5.986
173.75  -5.984
173.85  -5.982
173.94  -5.980
174.04  -5.977
174.14  -5.975
174.24  -5.973
174.34  -5.970
174.44  -5.968
174.54  -5.965
174.63  -5.962
174.74  -5.960
174.84  -5.957
174.93  -5.955
175.04  -5.952
175.14  -5.949
175.24  -5.946
175.34  -5.944
175.44  -5.941
175.54  -5.938
175.64  -5.935
175.74  -5.932
175.84  -5.929
175.94  -5.925
176.03  -5.922
176.13  -5.919
176.23  -5.916
176.33  -5.913
176.43  -5.909
176.53  -5.906
176.63  -5.903
176.73  -5.900
176.83  -5.897
176.93  -5.894
177.03  -5.891
177.13  -5.888
177.23  -5.885
177.33  -5.882
177.43  -5.880
177.53  -5.877
177.63  -5.875
177.73  -5.872
177.83  -5.870
177.92  -5.867
178.02  -5.865
178.12  -5.862
178.22  -5.860
178.32  -5.857
178.42  -5.855
178.52  -5.852
178.62  -5.849
178.71  -5.846
178.81  -5.843
178.91  -5.840
179.01  -5.837
179.20  -5.830
179.30  -5.827
179.40  -5.823
179.49  -5.820
179.59  -5.817
179.69  -5.813
179.78  -5.810
179.88  -5.807
179.98  -5.804
180.07  -5.801
180.17  -5.798
180.26  -5.795
180.36  -5.793
180.46  -5.790
180.56  -5.788
180.65  -5.785
180.75  -5.783
180.85  -5.781
180.94  -5.778
181.04  -5.776
181.14  -5.774
181.24  -5.771
181.33  -5.769
181.43  -5.767
181.53  -5.764
181.62  -5.761
181.72  -5.759
181.81  -5.756
181.91  -5.753
182.01  -5.749
182.10  -5.746
182.20  -5.743
182.30  -5.739
182.40  -5.736
182.49  -5.732
182.59  -5.729
182.68  -5.725
182.78  -5.722
182.88  -5.718
182.98  -5.715
183.07  -5.711
183.17  -5.708
183.27  -5.704
183.37  -5.701
183.46  -5.697
183.56  -5.694
183.65  -5.691
183.75  -5.687
183.84  -5.684
183.94  -5.681
184.04  -5.677
184.13  -5.674
184.23  -5.670
184.33  -5.667
184.43  -5.664
184.52  -5.660
184.62  -5.657
184.72  -5.654
184.81  -5.650
184.91  -5.647
185.01  -5.644
185.11  -5.640
185.20  -5.637
185.30  -5.634
185.39  -5.630
185.49  -5.627
185.58  -5.624
185.68  -5.620
185.78  -5.617
185.87  -5.614
185.97  -5.611
186.07  -5.607
186.17  -5.604
186.26  -5.601
186.36  -5.597
186.45  -5.594
186.55  -5.591
186.65  -5.587
186.74  -5.584
186.84  -5.580
186.94  -5.577
187.04  -5.574
187.14  -5.570
187.23  -5.567
187.33  -5.563
187.42  -5.560
187.52  -5.556
187.61  -5.553
187.71  -5.550
187.81  -5.546
187.91  -5.543
188.00  -5.539
188.10  -5.535
188.20  -5.532
188.29  -5.528
188.39  -5.524
188.49  -5.521
188.58  -5.517
188.68  -5.514
188.78  -5.510
188.88  -5.506
188.97  -5.502
189.07  -5.499
189.17  -5.495
189.26  -5.492
189.35  -5.488
189.45  -5.485
189.55  -5.481
189.65  -5.478
189.74  -5.475
189.84  -5.472
189.94  -5.469
190.03  -5.466
190.13  -5.463
190.23  -5.460
190.33  -5.457
190.42  -5.454
190.52  -5.450
190.61  -5.447
190.71  -5.444
190.81  -5.441
190.91  -5.438
191.01  -5.434
191.10  -5.430
191.19  -5.426
191.29  -5.422
191.39  -5.418
191.48  -5.414
191.58  -5.410
191.67  -5.406
191.77  -5.401
191.87  -5.397
191.97  -5.393
192.06  -5.389
192.16  -5.385
192.26  -5.380
192.36  -5.376
192.45  -5.372
192.55  -5.369
192.65  -5.365
192.74  -5.361
192.83  -5.358
192.93  -5.355
193.03  -5.352
193.13  -5.348
193.22  -5.345
193.32  -5.342
193.41  -5.339
193.51  -5.336
193.61  -5.333
193.71  -5.330
193.80  -5.327
193.90  -5.323
194.00  -5.320
194.09  -5.317
194.19  -5.314
194.29  -5.310
194.38  -5.307
194.48  -5.303
194.57  -5.300
194.67  -5.296
194.76  -5.293
194.86  -5.289
194.96  -5.286
195.06  -5.282
195.16  -5.279
195.25  -5.275
195.34  -5.272
195.44  -5.268
195.54  -5.265
195.64  -5.261
195.73  -5.258
195.83  -5.254
195.93  -5.251
196.02  -5.247
196.12  -5.244
196.22  -5.241
196.32  -5.237
196.41  -5.234
196.50  -5.230
196.60  -5.227
196.70  -5.224
196.79  -5.220
196.89  -5.217
196.98  -5.213
197.08  -5.210
197.18  -5.207
197.27  -5.203
197.37  -5.200
197.47  -5.196
197.56  -5.193
197.66  -5.189
197.76  -5.186
197.86  -5.182
197.95  -5.179
198.05  -5.175
198.14  -5.172
198.24  -5.168
198.34  -5.165
198.43  -5.162
198.53  -5.158
198.63  -5.155
198.72  -5.151
198.82  -5.148
198.91  -5.145
199.01  -5.142
199.11  -5.138
199.21  -5.135
199.30  -5.132
199.40  -5.129
