  
  DOI/GTN-P Deep Borehole Array, Arctic Alaska 
             U.S. Geological Survey 
            Processed Temperature Log 
                    26-Aug-2013 
________________________________________________ 
  
Temperature Log Information: 
  Well name:   East Simpson 
  File name:   ESN_02AUG23_c_d 
  Log date:    23-AUG-2002 
  
Contact Information: 
  Gary Clow 
  U.S. Geological Survey 
  clow@usgs.gov 
  
Definitions: 
  Depth:        Depth below local ground surface (m) 
  Temperature:  ITS-90 temperature (°C) 
________________________________________________ 
             
 Depth  Temperature 
 11.20  -8.763
 11.23  -8.763
 11.31  -8.764
 11.44  -8.765
 11.56  -8.766
 11.70  -8.768
 11.83  -8.769
 11.95  -8.771
 12.08  -8.774
 12.19  -8.776
 12.31  -8.778
 12.44  -8.781
 12.57  -8.784
 12.69  -8.787
 12.81  -8.790
 12.92  -8.793
 13.06  -8.796
 13.18  -8.800
 13.31  -8.804
 13.43  -8.808
 13.55  -8.812
 13.69  -8.816
 13.82  -8.821
 13.95  -8.826
 14.07  -8.831
 14.20  -8.836
 14.33  -8.841
 14.46  -8.846
 14.59  -8.851
 14.72  -8.856
 14.85  -8.861
 14.98  -8.866
 15.11  -8.871
 15.25  -8.876
 15.37  -8.881
 15.50  -8.886
 15.63  -8.891
 15.76  -8.896
 15.89  -8.900
 16.03  -8.905
 16.15  -8.909
 16.28  -8.914
 16.42  -8.918
 16.55  -8.922
 16.68  -8.926
 16.80  -8.930
 16.93  -8.935
 17.07  -8.938
 17.20  -8.942
 17.33  -8.946
 17.46  -8.950
 17.59  -8.953
 17.72  -8.957
 17.85  -8.960
 17.98  -8.963
 18.11  -8.967
 18.24  -8.970
 18.36  -8.973
 18.50  -8.976
 18.63  -8.979
 18.76  -8.981
 18.89  -8.984
 19.02  -8.987
 19.15  -8.989
 19.28  -8.992
 19.41  -8.995
 19.54  -8.997
 19.67  -9.000
 19.80  -9.002
 19.93  -9.004
 20.06  -9.007
 20.19  -9.009
 20.32  -9.012
 20.45  -9.014
 20.58  -9.016
 20.71  -9.019
 20.84  -9.021
 20.97  -9.023
 21.10  -9.026
 21.23  -9.028
 21.36  -9.031
 21.49  -9.033
 21.62  -9.036
 21.75  -9.038
 21.88  -9.041
 22.01  -9.044
 22.14  -9.047
 22.27  -9.049
 22.40  -9.052
 22.53  -9.055
 22.66  -9.058
 22.79  -9.061
 22.92  -9.065
 23.05  -9.068
 23.18  -9.071
 23.32  -9.074
 23.44  -9.077
 23.57  -9.081
 23.70  -9.084
 23.83  -9.088
 23.96  -9.092
 24.09  -9.096
 24.22  -9.100
 24.35  -9.104
 24.48  -9.108
 24.61  -9.113
 24.74  -9.117
 24.87  -9.121
 25.00  -9.125
 25.13  -9.130
 25.26  -9.134
 25.40  -9.138
 25.52  -9.142
 25.65  -9.146
 25.78  -9.150
 25.91  -9.153
 26.04  -9.157
 26.17  -9.161
 26.31  -9.164
 26.43  -9.167
 26.56  -9.171
 26.69  -9.174
 26.82  -9.177
 26.95  -9.180
 27.08  -9.183
 27.21  -9.186
 27.34  -9.189
 27.47  -9.192
 27.60  -9.195
 27.73  -9.198
 27.86  -9.201
 27.99  -9.204
 28.12  -9.206
 28.25  -9.209
 28.38  -9.212
 28.51  -9.215
 28.64  -9.217
 28.77  -9.220
 28.90  -9.222
 29.03  -9.225
 29.16  -9.227
 29.29  -9.229
 29.42  -9.232
 29.56  -9.234
 29.69  -9.236
 29.82  -9.238
 29.94  -9.240
 30.08  -9.242
 30.21  -9.244
 30.34  -9.246
 30.47  -9.248
 30.60  -9.249
 30.73  -9.251
 30.86  -9.252
 30.99  -9.254
 31.12  -9.255
 31.25  -9.256
 31.38  -9.258
 31.51  -9.259
 31.64  -9.260
 31.77  -9.261
 31.90  -9.262
 32.03  -9.263
 32.16  -9.264
 32.29  -9.264
 32.42  -9.265
 32.55  -9.265
 32.68  -9.265
 32.81  -9.266
 32.94  -9.266
 33.07  -9.266
 33.20  -9.266
 33.33  -9.266
 33.46  -9.266
 33.59  -9.266
 33.72  -9.266
 33.85  -9.266
 33.98  -9.266
 34.11  -9.265
 34.24  -9.265
 34.37  -9.265
 34.50  -9.265
 34.62  -9.265
 34.75  -9.265
 34.88  -9.265
 35.00  -9.265
 35.13  -9.265
 35.26  -9.265
 35.39  -9.265
 35.52  -9.265
 35.64  -9.264
 35.76  -9.264
 35.89  -9.264
 36.02  -9.264
 36.14  -9.264
 36.27  -9.264
 36.39  -9.263
 36.52  -9.263
 36.64  -9.263
 36.77  -9.263
 36.90  -9.263
 37.03  -9.262
 37.15  -9.262
 37.27  -9.262
 37.40  -9.261
 37.53  -9.261
 37.66  -9.261
 37.78  -9.260
 37.90  -9.260
 38.03  -9.260
 38.16  -9.259
 38.28  -9.259
 38.41  -9.258
 38.53  -9.258
 38.66  -9.257
 38.79  -9.257
 38.92  -9.256
 39.05  -9.256
 39.17  -9.255
 39.30  -9.255
 39.42  -9.254
 39.55  -9.253
 39.68  -9.253
 39.80  -9.252
 39.93  -9.251
 40.06  -9.251
 40.19  -9.250
 40.32  -9.249
 40.44  -9.248
 40.57  -9.248
 40.69  -9.247
 40.82  -9.246
 40.95  -9.245
 41.07  -9.244
 41.20  -9.243
 41.33  -9.242
 41.46  -9.242
 41.58  -9.241
 41.71  -9.240
 41.84  -9.239
 41.96  -9.238
 42.09  -9.237
 42.22  -9.236
 42.34  -9.234
 42.47  -9.233
 42.60  -9.232
 42.73  -9.231
 42.86  -9.230
 42.98  -9.229
 43.11  -9.228
 43.24  -9.227
 43.36  -9.226
 43.49  -9.224
 43.62  -9.223
 43.75  -9.222
 43.87  -9.221
 44.00  -9.220
 44.13  -9.218
 44.26  -9.217
 44.38  -9.216
 44.51  -9.214
 44.64  -9.213
 44.77  -9.212
 44.90  -9.210
 45.03  -9.209
 45.16  -9.208
 45.28  -9.206
 45.41  -9.205
 45.54  -9.203
 45.66  -9.202
 45.79  -9.200
 45.92  -9.199
 46.05  -9.197
 46.18  -9.196
 46.30  -9.194
 46.43  -9.193
 46.56  -9.191
 46.69  -9.190
 46.81  -9.188
 46.94  -9.187
 47.07  -9.185
 47.20  -9.183
 47.33  -9.182
 47.45  -9.180
 47.58  -9.179
 47.71  -9.177
 47.84  -9.176
 47.96  -9.174
 48.09  -9.172
 48.22  -9.171
 48.35  -9.169
 48.48  -9.168
 48.61  -9.166
 48.74  -9.164
 48.87  -9.163
 48.99  -9.161
 49.12  -9.160
 49.25  -9.158
 49.38  -9.157
 49.51  -9.155
 49.64  -9.153
 49.77  -9.152
 49.89  -9.150
 50.02  -9.149
 50.15  -9.147
 50.28  -9.145
 50.41  -9.144
 50.53  -9.142
 50.66  -9.140
 50.79  -9.138
 50.92  -9.137
 51.05  -9.135
 51.17  -9.133
 51.31  -9.131
 51.43  -9.129
 51.56  -9.127
 51.69  -9.125
 51.82  -9.123
 51.94  -9.121
 52.07  -9.119
 52.21  -9.117
 52.33  -9.115
 52.46  -9.113
 52.59  -9.111
 52.72  -9.109
 52.85  -9.107
 52.97  -9.104
 53.11  -9.102
 53.23  -9.100
 53.36  -9.098
 53.49  -9.095
 53.62  -9.093
 53.75  -9.091
 53.87  -9.088
 54.01  -9.086
 54.13  -9.084
 54.26  -9.081
 54.39  -9.079
 54.52  -9.077
 54.65  -9.075
 54.78  -9.072
 54.91  -9.070
 55.03  -9.068
 55.16  -9.066
 55.29  -9.064
 55.42  -9.062
 55.54  -9.060
 55.67  -9.058
 55.80  -9.056
 55.93  -9.054
 56.06  -9.052
 56.19  -9.050
 56.31  -9.047
 56.44  -9.045
 56.57  -9.043
 56.70  -9.041
 56.83  -9.039
 56.96  -9.037
 57.08  -9.035
 57.21  -9.033
 57.35  -9.031
 57.47  -9.029
 57.60  -9.026
 57.73  -9.024
 57.86  -9.022
 57.99  -9.020
 58.12  -9.018
 58.24  -9.015
 58.37  -9.013
 58.50  -9.011
 58.63  -9.008
 58.76  -9.006
 58.88  -9.003
 59.02  -9.001
 59.15  -8.998
 59.27  -8.996
 59.40  -8.993
 59.53  -8.990
 59.66  -8.988
 59.78  -8.985
 59.91  -8.982
 60.04  -8.980
 60.17  -8.977
 60.30  -8.974
 60.43  -8.971
 60.56  -8.968
 60.69  -8.965
 60.81  -8.962
 60.95  -8.959
 61.07  -8.956
 61.20  -8.953
 61.33  -8.950
 61.46  -8.947
 61.59  -8.944
 61.71  -8.941
 61.85  -8.938
 61.97  -8.935
 62.10  -8.932
 62.23  -8.929
 62.36  -8.926
 62.49  -8.923
 62.61  -8.919
 62.74  -8.916
 62.87  -8.913
 63.00  -8.910
 63.13  -8.907
 63.26  -8.904
 63.39  -8.901
 63.51  -8.898
 63.64  -8.895
 63.77  -8.892
 63.90  -8.889
 64.03  -8.886
 64.16  -8.882
 64.29  -8.879
 64.41  -8.876
 64.54  -8.873
 64.67  -8.870
 64.80  -8.867
 64.93  -8.864
 65.06  -8.861
 65.19  -8.858
 65.32  -8.856
 65.44  -8.853
 65.57  -8.850
 65.70  -8.847
 65.83  -8.844
 65.96  -8.842
 66.09  -8.839
 66.22  -8.836
 66.34  -8.833
 66.47  -8.830
 66.60  -8.827
 66.73  -8.824
 66.86  -8.821
 66.99  -8.817
 67.11  -8.814
 67.24  -8.810
 67.37  -8.807
 67.50  -8.803
 67.63  -8.799
 67.76  -8.796
 67.89  -8.792
 68.02  -8.788
 68.14  -8.785
 68.27  -8.781
 68.40  -8.778
 68.53  -8.774
 68.66  -8.771
 68.78  -8.767
 68.91  -8.764
 69.04  -8.761
 69.17  -8.758
 69.30  -8.755
 69.43  -8.752
 69.55  -8.750
 69.68  -8.747
 69.81  -8.744
 69.94  -8.742
 70.07  -8.739
 70.19  -8.736
 70.32  -8.733
 70.45  -8.730
 70.57  -8.726
 70.70  -8.723
 70.83  -8.720
 70.95  -8.716
 71.08  -8.712
 71.20  -8.708
 71.32  -8.703
 71.45  -8.699
 71.57  -8.694
 71.70  -8.689
 71.82  -8.685
 71.95  -8.680
 72.07  -8.675
 72.20  -8.671
 72.32  -8.667
 72.45  -8.663
 72.57  -8.659
 72.70  -8.655
 72.82  -8.651
 72.95  -8.647
 73.07  -8.643
 73.20  -8.640
 73.32  -8.637
 73.45  -8.634
 73.57  -8.631
 73.70  -8.628
 73.82  -8.625
 73.95  -8.622
 74.07  -8.619
 74.20  -8.616
 74.32  -8.614
 74.45  -8.611
 74.58  -8.609
 74.70  -8.606
 74.82  -8.604
 74.95  -8.601
 75.07  -8.598
 75.20  -8.595
 75.33  -8.591
 75.45  -8.588
 75.57  -8.584
 75.70  -8.580
 75.83  -8.577
 75.95  -8.573
 76.08  -8.569
 76.20  -8.566
 76.33  -8.562
 76.46  -8.559
 76.58  -8.556
 76.71  -8.552
 76.84  -8.549
 76.96  -8.546
 77.09  -8.543
 77.21  -8.540
 77.34  -8.537
 77.47  -8.534
 77.59  -8.531
 77.72  -8.528
 77.84  -8.525
 77.97  -8.522
 78.10  -8.519
 78.22  -8.515
 78.35  -8.512
 78.47  -8.509
 78.60  -8.506
 78.72  -8.503
 78.85  -8.500
 78.97  -8.496
 79.10  -8.492
 79.23  -8.488
 79.35  -8.484
 79.48  -8.480
 79.60  -8.475
 79.73  -8.471
 79.85  -8.467
 79.98  -8.462
 80.10  -8.458
 80.23  -8.455
 80.36  -8.451
 80.49  -8.448
 80.61  -8.445
 80.73  -8.442
 80.86  -8.439
 80.99  -8.436
 81.11  -8.433
 81.24  -8.430
 81.36  -8.427
 81.49  -8.423
 81.62  -8.420
 81.74  -8.417
 81.87  -8.413
 81.99  -8.410
 82.12  -8.407
 82.25  -8.404
 82.37  -8.401
 82.50  -8.398
 82.63  -8.395
 82.75  -8.392
 82.88  -8.389
 83.01  -8.387
 83.14  -8.384
 83.26  -8.380
 83.39  -8.377
 83.52  -8.374
 83.64  -8.371
 83.77  -8.367
 83.90  -8.364
 84.02  -8.361
 84.15  -8.357
 84.28  -8.354
 84.40  -8.351
 84.53  -8.347
 84.66  -8.344
 84.78  -8.341
 84.91  -8.337
 85.04  -8.334
 85.16  -8.331
 85.29  -8.328
 85.41  -8.325
 85.54  -8.322
 85.67  -8.318
 85.80  -8.315
 85.92  -8.312
 86.05  -8.309
 86.18  -8.306
 86.30  -8.303
 86.43  -8.300
 86.56  -8.297
 86.69  -8.294
 86.81  -8.291
 86.94  -8.287
 87.07  -8.284
 87.19  -8.281
 87.32  -8.277
 87.45  -8.274
 87.58  -8.271
 87.70  -8.267
 87.83  -8.264
 87.96  -8.260
 88.09  -8.257
 88.21  -8.253
 88.34  -8.249
 88.47  -8.245
 88.59  -8.241
 88.72  -8.237
 88.85  -8.233
 88.98  -8.229
 89.10  -8.226
 89.24  -8.222
 89.36  -8.219
 89.49  -8.216
 89.62  -8.213
 89.74  -8.211
 89.87  -8.208
 89.99  -8.205
 90.13  -8.203
 90.25  -8.200
 90.38  -8.197
 90.50  -8.194
 90.63  -8.191
 90.76  -8.188
 90.89  -8.184
 91.01  -8.181
 91.13  -8.178
 91.27  -8.175
 91.39  -8.172
 91.52  -8.168
 91.65  -8.165
 91.77  -8.162
 91.90  -8.159
 92.03  -8.156
 92.15  -8.152
 92.28  -8.149
 92.41  -8.146
 92.54  -8.142
 92.66  -8.139
 92.79  -8.135
 92.91  -8.132
 93.04  -8.129
 93.17  -8.125
 93.30  -8.122
 93.43  -8.118
 93.55  -8.115
 93.68  -8.111
 93.80  -8.108
 93.93  -8.105
 94.06  -8.101
 94.19  -8.098
 94.31  -8.094
 94.44  -8.091
 94.57  -8.087
 94.70  -8.084
 94.82  -8.080
 94.95  -8.077
 95.08  -8.073
 95.20  -8.070
 95.33  -8.066
 95.46  -8.063
 95.59  -8.059
 95.71  -8.056
 95.84  -8.052
 95.97  -8.048
 96.09  -8.045
 96.22  -8.041
 96.35  -8.038
 96.48  -8.034
 96.60  -8.031
 96.73  -8.027
 96.86  -8.024
 96.98  -8.021
 97.11  -8.017
 97.24  -8.014
 97.37  -8.010
 97.49  -8.006
 97.62  -8.002
 97.75  -7.998
 97.88  -7.994
 98.01  -7.991
 98.13  -7.987
 98.26  -7.983
 98.39  -7.979
 98.52  -7.975
 98.65  -7.972
 98.77  -7.969
 98.90  -7.965
 99.02  -7.962
 99.15  -7.958
 99.28  -7.955
 99.40  -7.952
 99.53  -7.948
 99.66  -7.945
 99.78  -7.941
 99.91  -7.937
100.04  -7.934
100.17  -7.930
100.29  -7.927
100.42  -7.923
100.55  -7.920
100.67  -7.916
100.80  -7.913
100.93  -7.909
101.06  -7.906
101.18  -7.902
101.31  -7.899
101.43  -7.896
101.56  -7.892
101.69  -7.889
101.81  -7.885
101.94  -7.882
102.07  -7.879
102.20  -7.875
102.32  -7.872
102.45  -7.869
102.58  -7.865
102.70  -7.862
102.83  -7.858
102.96  -7.855
103.08  -7.851
103.21  -7.848
103.33  -7.844
103.46  -7.841
103.59  -7.837
103.72  -7.833
103.85  -7.830
103.97  -7.826
104.10  -7.822
104.23  -7.818
104.35  -7.814
104.48  -7.810
104.61  -7.806
104.73  -7.802
104.86  -7.798
104.99  -7.794
105.11  -7.790
105.24  -7.786
105.36  -7.782
105.49  -7.778
105.62  -7.774
105.74  -7.770
105.86  -7.767
105.99  -7.763
106.11  -7.759
106.23  -7.756
106.36  -7.752
106.48  -7.748
106.60  -7.745
106.73  -7.742
106.85  -7.739
106.97  -7.736
107.10  -7.732
107.22  -7.729
107.35  -7.726
107.47  -7.722
107.59  -7.718
107.71  -7.714
107.83  -7.710
107.96  -7.706
108.08  -7.701
108.20  -7.697
108.33  -7.693
108.45  -7.688
108.58  -7.684
108.70  -7.680
108.82  -7.676
108.94  -7.672
109.07  -7.668
109.19  -7.665
109.31  -7.661
109.44  -7.657
109.56  -7.653
109.68  -7.649
109.81  -7.646
109.93  -7.642
110.05  -7.638
110.17  -7.634
110.29  -7.631
110.42  -7.627
110.54  -7.623
110.67  -7.619
110.79  -7.615
110.91  -7.611
111.04  -7.606
111.16  -7.602
111.28  -7.598
111.41  -7.594
111.53  -7.590
111.66  -7.587
111.78  -7.583
111.90  -7.580
112.02  -7.576
112.15  -7.573
112.27  -7.569
112.39  -7.564
112.52  -7.559
112.64  -7.554
112.76  -7.548
112.89  -7.542
113.01  -7.536
113.14  -7.530
113.26  -7.524
113.38  -7.519
113.51  -7.515
113.63  -7.512
113.76  -7.509
113.88  -7.507
114.00  -7.504
114.13  -7.502
114.25  -7.499
114.37  -7.496
114.50  -7.493
114.62  -7.489
114.75  -7.485
114.87  -7.481
115.00  -7.477
115.12  -7.473
115.24  -7.470
115.37  -7.466
115.49  -7.463
115.61  -7.460
115.74  -7.458
115.86  -7.456
115.98  -7.453
116.11  -7.451
116.24  -7.448
116.36  -7.446
116.48  -7.443
116.61  -7.441
116.73  -7.438
116.86  -7.435
116.98  -7.433
117.10  -7.430
117.23  -7.427
117.35  -7.424
117.48  -7.420
117.60  -7.417
117.73  -7.413
117.85  -7.409
117.97  -7.405
118.10  -7.401
118.22  -7.397
118.35  -7.393
118.47  -7.389
118.59  -7.385
118.72  -7.382
118.84  -7.378
118.96  -7.374
119.09  -7.371
119.21  -7.367
119.34  -7.364
119.46  -7.361
119.59  -7.359
119.71  -7.356
119.84  -7.354
119.96  -7.352
120.08  -7.350
120.21  -7.347
120.33  -7.345
120.46  -7.343
120.58  -7.341
120.71  -7.338
120.83  -7.336
120.95  -7.333
121.08  -7.331
121.20  -7.328
121.33  -7.325
121.45  -7.322
121.57  -7.319
121.70  -7.315
121.82  -7.312
121.95  -7.308
122.07  -7.304
122.19  -7.300
122.32  -7.296
122.44  -7.292
122.56  -7.288
122.69  -7.285
122.81  -7.281
122.93  -7.277
123.06  -7.273
123.18  -7.269
123.31  -7.266
123.43  -7.262
123.56  -7.259
123.68  -7.256
123.80  -7.253
123.92  -7.250
124.05  -7.247
124.17  -7.244
124.30  -7.241
124.42  -7.238
124.55  -7.235
124.67  -7.232
124.79  -7.229
124.92  -7.226
125.04  -7.223
125.16  -7.220
125.29  -7.217
125.41  -7.214
125.53  -7.211
125.66  -7.208
125.78  -7.205
125.90  -7.201
126.03  -7.198
126.15  -7.195
126.28  -7.192
126.40  -7.188
126.52  -7.185
126.65  -7.182
126.77  -7.179
126.90  -7.175
127.02  -7.172
127.14  -7.169
127.26  -7.165
127.39  -7.162
127.52  -7.158
127.64  -7.154
127.76  -7.151
127.89  -7.147
128.01  -7.144
128.14  -7.140
128.26  -7.136
128.38  -7.133
128.51  -7.129
128.64  -7.125
128.76  -7.122
128.88  -7.118
129.00  -7.114
129.12  -7.111
129.25  -7.107
129.37  -7.104
129.50  -7.100
129.62  -7.097
129.74  -7.094
129.87  -7.091
130.00  -7.087
130.12  -7.084
130.24  -7.081
130.36  -7.078
130.49  -7.075
130.61  -7.071
130.74  -7.068
130.86  -7.065
130.98  -7.062
131.11  -7.059
131.23  -7.056
131.36  -7.052
131.48  -7.049
131.60  -7.046
131.73  -7.043
131.85  -7.040
131.98  -7.036
132.10  -7.033
132.22  -7.030
132.35  -7.027
132.47  -7.024
132.59  -7.021
132.71  -7.018
132.84  -7.015
132.96  -7.012
133.09  -7.008
133.21  -7.005
133.33  -7.002
133.46  -6.998
133.58  -6.994
133.71  -6.990
133.83  -6.987
133.95  -6.983
134.07  -6.979
134.20  -6.976
134.32  -6.972
134.45  -6.969
134.57  -6.966
134.69  -6.963
134.82  -6.960
134.94  -6.956
135.07  -6.953
135.19  -6.950
135.31  -6.946
135.44  -6.942
135.56  -6.938
135.69  -6.934
135.81  -6.930
135.93  -6.925
136.06  -6.921
136.18  -6.917
136.30  -6.913
136.43  -6.908
136.55  -6.904
136.68  -6.900
136.80  -6.895
136.93  -6.891
137.05  -6.887
137.18  -6.883
137.30  -6.879
137.43  -6.875
137.55  -6.872
137.67  -6.868
137.79  -6.865
137.92  -6.861
138.04  -6.858
138.16  -6.854
138.29  -6.849
138.42  -6.845
138.67  -6.835
138.79  -6.830
138.92  -6.825
139.04  -6.820
139.16  -6.816
139.29  -6.812
139.41  -6.809
139.54  -6.807
139.66  -6.804
139.78  -6.802
139.90  -6.799
140.02  -6.797
140.15  -6.794
140.27  -6.791
140.39  -6.788
140.51  -6.785
140.63  -6.782
140.75  -6.779
140.87  -6.775
141.00  -6.772
141.12  -6.769
141.24  -6.766
141.36  -6.762
141.48  -6.759
141.60  -6.756
141.72  -6.752
141.84  -6.749
141.96  -6.746
142.08  -6.742
142.20  -6.739
142.33  -6.735
142.45  -6.732
142.57  -6.728
142.69  -6.725
142.81  -6.721
142.93  -6.718
143.05  -6.715
143.17  -6.712
143.29  -6.708
143.42  -6.705
143.54  -6.702
143.66  -6.699
143.78  -6.696
143.90  -6.693
144.02  -6.690
144.14  -6.687
144.26  -6.684
144.38  -6.681
144.50  -6.678
144.62  -6.675
144.74  -6.672
144.86  -6.669
144.99  -6.666
145.10  -6.663
145.23  -6.660
145.35  -6.657
145.47  -6.654
145.59  -6.650
145.71  -6.647
145.83  -6.644
145.96  -6.641
146.07  -6.637
146.20  -6.634
146.32  -6.631
146.44  -6.628
146.56  -6.624
146.68  -6.621
146.80  -6.618
146.92  -6.615
147.05  -6.611
147.17  -6.608
147.29  -6.605
147.41  -6.602
147.53  -6.599
147.65  -6.596
147.77  -6.593
147.90  -6.590
148.02  -6.586
148.14  -6.583
148.26  -6.580
148.38  -6.577
148.50  -6.574
148.62  -6.570
148.75  -6.567
148.87  -6.564
148.99  -6.560
149.11  -6.556
149.23  -6.553
149.35  -6.549
149.48  -6.545
149.60  -6.542
149.72  -6.538
149.84  -6.534
149.96  -6.530
150.09  -6.527
150.21  -6.523
150.33  -6.519
150.45  -6.516
150.57  -6.512
150.70  -6.508
150.82  -6.505
150.94  -6.501
151.06  -6.498
151.19  -6.495
151.31  -6.491
151.43  -6.488
151.55  -6.485
151.67  -6.482
151.80  -6.478
151.92  -6.475
152.04  -6.472
152.16  -6.469
152.29  -6.466
152.41  -6.463
152.53  -6.460
152.65  -6.457
152.77  -6.454
152.90  -6.451
153.02  -6.448
153.15  -6.446
153.27  -6.443
153.39  -6.440
153.51  -6.438
153.63  -6.435
153.76  -6.433
153.88  -6.430
154.00  -6.427
154.13  -6.425
154.25  -6.422
154.38  -6.420
154.50  -6.417
154.62  -6.414
154.74  -6.412
154.87  -6.409
154.99  -6.405
155.11  -6.402
155.24  -6.399
155.36  -6.396
155.48  -6.392
155.61  -6.389
155.73  -6.386
155.85  -6.382
155.98  -6.379
156.10  -6.375
156.23  -6.372
156.35  -6.369
156.48  -6.365
156.60  -6.362
156.72  -6.359
156.85  -6.356
156.97  -6.353
157.09  -6.350
157.22  -6.348
157.34  -6.345
157.47  -6.342
157.59  -6.339
157.71  -6.337
157.84  -6.334
157.97  -6.332
158.09  -6.329
158.21  -6.327
158.34  -6.324
158.46  -6.322
158.59  -6.319
158.71  -6.317
158.83  -6.314
158.96  -6.311
159.08  -6.309
159.20  -6.306
159.33  -6.303
159.45  -6.300
159.58  -6.297
159.70  -6.294
159.83  -6.292
159.95  -6.289
160.07  -6.286
160.20  -6.283
160.32  -6.281
160.45  -6.278
160.57  -6.275
160.69  -6.272
160.82  -6.270
160.94  -6.267
161.07  -6.264
161.19  -6.261
161.31  -6.258
161.44  -6.256
161.56  -6.253
161.68  -6.250
161.81  -6.247
161.93  -6.245
162.05  -6.242
162.18  -6.239
162.31  -6.237
162.43  -6.234
162.55  -6.231
162.68  -6.229
162.80  -6.226
162.93  -6.224
163.05  -6.221
163.17  -6.219
163.30  -6.217
163.42  -6.214
163.55  -6.212
163.67  -6.210
163.80  -6.207
163.93  -6.205
164.05  -6.203
164.17  -6.200
164.30  -6.198
164.42  -6.196
164.55  -6.193
164.67  -6.191
164.80  -6.189
164.92  -6.187
165.05  -6.185
165.17  -6.182
165.30  -6.180
165.42  -6.178
165.54  -6.176
165.67  -6.173
165.79  -6.171
165.92  -6.168
166.04  -6.165
166.17  -6.163
166.29  -6.160
166.42  -6.157
166.54  -6.155
166.66  -6.152
166.79  -6.150
166.91  -6.147
167.03  -6.145
167.16  -6.143
167.28  -6.140
167.40  -6.138
167.53  -6.135
167.65  -6.133
167.78  -6.131
167.90  -6.128
168.03  -6.126
168.15  -6.124
168.28  -6.121
168.40  -6.119
168.53  -6.116
168.65  -6.113
168.78  -6.110
168.90  -6.107
169.03  -6.104
169.15  -6.100
169.27  -6.097
169.40  -6.093
169.52  -6.090
169.65  -6.087
169.77  -6.084
169.89  -6.081
170.02  -6.079
170.15  -6.076
170.27  -6.073
170.39  -6.071
170.52  -6.068
170.64  -6.065
170.77  -6.062
170.89  -6.059
171.02  -6.056
171.14  -6.053
171.27  -6.050
171.39  -6.047
171.52  -6.044
171.64  -6.041
171.76  -6.038
171.89  -6.034
172.01  -6.031
172.14  -6.028
172.26  -6.025
172.39  -6.022
172.51  -6.019
172.63  -6.016
172.76  -6.013
172.88  -6.010
173.01  -6.008
173.13  -6.005
173.25  -6.002
173.37  -6.000
173.50  -5.997
173.62  -5.995
173.74  -5.992
173.86  -5.989
173.98  -5.987
174.10  -5.984
174.23  -5.981
174.35  -5.979
174.47  -5.976
174.59  -5.974
174.71  -5.971
174.83  -5.969
174.96  -5.966
175.08  -5.964
175.19  -5.961
175.32  -5.959
175.44  -5.956
175.56  -5.953
175.68  -5.951
175.80  -5.948
175.92  -5.946
176.04  -5.943
176.16  -5.940
176.28  -5.937
176.40  -5.934
176.53  -5.931
176.65  -5.928
176.77  -5.924
176.89  -5.920
177.00  -5.917
177.13  -5.913
177.25  -5.909
177.37  -5.905
177.49  -5.901
177.61  -5.896
177.73  -5.892
177.86  -5.888
177.98  -5.884
178.10  -5.880
178.22  -5.876
178.34  -5.872
178.46  -5.868
178.58  -5.865
178.70  -5.861
178.82  -5.858
178.94  -5.855
179.06  -5.852
179.18  -5.849
179.30  -5.846
179.42  -5.843
179.54  -5.840
179.67  -5.837
179.78  -5.833
179.90  -5.830
180.02  -5.827
180.15  -5.824
180.27  -5.820
180.39  -5.817
180.51  -5.813
180.63  -5.809
180.75  -5.806
180.87  -5.801
180.99  -5.797
181.12  -5.793
181.24  -5.789
181.36  -5.785
181.48  -5.781
181.60  -5.777
181.72  -5.772
181.84  -5.768
181.96  -5.764
182.08  -5.760
182.20  -5.756
182.32  -5.752
182.44  -5.748
182.56  -5.744
182.69  -5.740
182.81  -5.736
182.92  -5.732
183.04  -5.729
183.16  -5.725
183.28  -5.721
183.40  -5.718
183.53  -5.714
183.65  -5.711
183.77  -5.707
183.89  -5.704
184.01  -5.700
184.13  -5.696
184.25  -5.692
184.37  -5.688
184.49  -5.683
184.61  -5.678
184.73  -5.673
184.85  -5.668
184.98  -5.663
185.10  -5.659
185.22  -5.654
185.34  -5.650
185.46  -5.647
185.58  -5.644
185.70  -5.641
185.82  -5.638
185.94  -5.635
186.06  -5.632
186.18  -5.629
186.31  -5.625
186.43  -5.620
186.55  -5.616
186.67  -5.612
186.79  -5.607
186.91  -5.603
187.03  -5.598
187.15  -5.594
187.27  -5.590
187.39  -5.586
187.51  -5.582
187.63  -5.578
187.75  -5.575
187.88  -5.571
188.00  -5.567
188.11  -5.563
188.23  -5.559
188.35  -5.554
188.48  -5.549
188.60  -5.545
188.72  -5.540
188.84  -5.536
188.96  -5.531
189.08  -5.527
189.20  -5.523
189.32  -5.519
189.44  -5.515
189.56  -5.511
189.68  -5.507
189.80  -5.503
189.93  -5.499
190.05  -5.495
190.17  -5.490
190.29  -5.486
190.41  -5.481
190.53  -5.477
190.65  -5.472
190.77  -5.467
190.89  -5.463
191.01  -5.458
191.13  -5.454
191.25  -5.450
191.38  -5.446
191.50  -5.442
191.62  -5.438
191.74  -5.434
191.86  -5.430
191.98  -5.425
192.10  -5.419
192.22  -5.413
192.34  -5.407
192.46  -5.400
192.58  -5.393
192.70  -5.387
192.82  -5.381
192.94  -5.375
193.06  -5.370
193.18  -5.367
193.31  -5.363
193.42  -5.360
193.55  -5.356
193.67  -5.353
193.79  -5.349
193.91  -5.346
194.03  -5.341
194.15  -5.336
194.27  -5.331
194.39  -5.326
194.51  -5.321
194.63  -5.316
194.75  -5.311
194.87  -5.306
194.99  -5.301
195.23  -5.293
195.35  -5.289
195.47  -5.285
195.59  -5.281
195.71  -5.276
195.83  -5.272
195.95  -5.266
196.07  -5.260
196.19  -5.254
196.31  -5.248
196.43  -5.241
196.55  -5.235
196.67  -5.229
196.79  -5.224
196.91  -5.218
197.02  -5.213
197.14  -5.209
197.27  -5.204
197.38  -5.200
197.50  -5.196
197.62  -5.192
197.74  -5.188
197.86  -5.184
197.98  -5.181
198.10  -5.178
198.22  -5.174
198.34  -5.171
198.46  -5.168
198.58  -5.165
198.70  -5.161
198.82  -5.158
198.94  -5.153
199.06  -5.149
199.18  -5.145
199.30  -5.140
199.42  -5.136
199.53  -5.131
199.65  -5.127
199.77  -5.122
199.89  -5.118
200.01  -5.114
200.13  -5.110
200.25  -5.106
200.37  -5.101
200.49  -5.097
200.60  -5.093
200.72  -5.088
200.84  -5.083
200.96  -5.079
201.08  -5.074
201.20  -5.069
201.32  -5.064
201.44  -5.060
201.55  -5.055
201.67  -5.051
201.79  -5.046
201.91  -5.042
202.03  -5.038
202.14  -5.034
202.26  -5.030
202.38  -5.025
202.50  -5.021
202.61  -5.017
202.73  -5.013
202.85  -5.009
202.97  -5.005
203.09  -5.000
203.20  -4.996
203.32  -4.992
203.44  -4.988
203.56  -4.984
203.68  -4.980
203.80  -4.975
203.92  -4.971
204.04  -4.967
204.16  -4.963
204.28  -4.959
204.40  -4.954
204.52  -4.950
204.63  -4.946
204.75  -4.942
204.87  -4.938
204.99  -4.933
205.11  -4.929
205.23  -4.925
205.35  -4.921
205.47  -4.917
205.58  -4.913
205.70  -4.910
205.81  -4.906
205.93  -4.902
206.05  -4.898
206.16  -4.894
206.28  -4.890
206.39  -4.887
206.50  -4.883
206.62  -4.879
206.73  -4.875
206.84  -4.872
206.96  -4.868
207.08  -4.864
207.19  -4.860
207.30  -4.856
207.42  -4.852
207.53  -4.847
207.65  -4.843
207.76  -4.839
207.88  -4.835
207.99  -4.830
208.10  -4.826
208.22  -4.822
208.33  -4.818
208.45  -4.813
208.56  -4.809
208.67  -4.805
208.79  -4.801
208.90  -4.797
209.02  -4.793
209.13  -4.789
209.25  -4.786
209.36  -4.783
209.47  -4.780
209.59  -4.777
209.71  -4.774
209.82  -4.771
209.93  -4.768
210.05  -4.765
210.16  -4.762
210.28  -4.759
210.39  -4.756
210.50  -4.753
210.62  -4.750
210.73  -4.747
210.85  -4.743
210.96  -4.740
211.08  -4.736
211.19  -4.732
211.31  -4.728
211.42  -4.724
211.53  -4.720
211.65  -4.716
211.77  -4.711
211.88  -4.707
212.00  -4.703
212.11  -4.699
212.22  -4.695
212.34  -4.691
212.46  -4.687
212.57  -4.684
212.68  -4.680
212.80  -4.677
212.91  -4.674
213.03  -4.671
213.15  -4.669
213.26  -4.666
213.38  -4.664
213.49  -4.661
213.61  -4.659
213.72  -4.656
213.84  -4.654
213.96  -4.652
214.07  -4.649
214.19  -4.647
214.30  -4.644
214.41  -4.642
214.53  -4.639
214.65  -4.636
214.76  -4.632
214.88  -4.629
214.99  -4.625
215.11  -4.622
215.23  -4.618
215.34  -4.615
215.45  -4.611
215.57  -4.608
215.68  -4.604
215.80  -4.601
215.91  -4.597
216.03  -4.594
216.14  -4.590
216.26  -4.587
216.38  -4.584
216.49  -4.581
216.60  -4.578
216.72  -4.575
216.84  -4.572
216.95  -4.570
217.07  -4.567
217.18  -4.565
217.30  -4.562
217.42  -4.560
217.53  -4.557
217.65  -4.555
217.76  -4.553
217.88  -4.550
217.99  -4.548
218.11  -4.545
218.22  -4.543
218.33  -4.541
218.45  -4.538
218.56  -4.536
218.68  -4.533
218.80  -4.531
218.91  -4.528
219.03  -4.526
219.14  -4.523
219.25  -4.521
219.37  -4.519
219.48  -4.516
219.60  -4.514
219.72  -4.511
219.83  -4.509
219.94  -4.507
220.06  -4.504
220.17  -4.502
220.29  -4.500
220.40  -4.497
220.52  -4.495
220.64  -4.492
220.75  -4.490
220.86  -4.488
220.98  -4.485
221.09  -4.483
221.21  -4.480
221.33  -4.478
221.44  -4.475
221.56  -4.473
221.67  -4.471
221.79  -4.468
221.90  -4.466
222.01  -4.463
222.13  -4.461
222.24  -4.459
222.36  -4.456
222.47  -4.454
222.59  -4.451
222.70  -4.449
222.82  -4.446
222.93  -4.444
223.05  -4.442
223.16  -4.439
223.28  -4.437
223.39  -4.434
223.50  -4.431
223.62  -4.429
223.73  -4.426
223.85  -4.423
223.96  -4.420
224.08  -4.417
224.19  -4.414
224.31  -4.411
224.42  -4.408
224.54  -4.405
224.65  -4.402
224.77  -4.399
224.88  -4.395
224.99  -4.392
225.11  -4.389
225.22  -4.386
225.34  -4.383
225.45  -4.381
225.57  -4.378
225.68  -4.375
225.80  -4.373
225.91  -4.371
226.03  -4.369
226.14  -4.367
226.25  -4.365
226.37  -4.363
226.48  -4.361
226.60  -4.359
226.71  -4.357
226.82  -4.355
226.94  -4.353
227.05  -4.351
227.17  -4.349
227.28  -4.347
227.40  -4.345
227.51  -4.342
227.63  -4.340
227.74  -4.337
227.85  -4.335
227.97  -4.332
228.08  -4.329
228.20  -4.327
228.31  -4.324
228.42  -4.321
228.54  -4.319
228.65  -4.316
228.77  -4.313
228.88  -4.311
228.99  -4.308
229.11  -4.305
229.22  -4.303
229.34  -4.300
229.45  -4.298
229.56  -4.295
229.68  -4.293
229.79  -4.290
229.91  -4.288
230.02  -4.285
230.13  -4.283
230.25  -4.281
230.36  -4.278
230.48  -4.276
230.59  -4.273
230.70  -4.271
230.82  -4.268
230.93  -4.266
231.05  -4.264
231.16  -4.261
231.27  -4.259
231.39  -4.256
231.50  -4.254
231.62  -4.251
231.73  -4.249
231.85  -4.246
231.96  -4.244
232.07  -4.241
232.19  -4.239
232.30  -4.237
232.42  -4.234
232.53  -4.232
232.64  -4.229
232.76  -4.227
232.87  -4.224
232.98  -4.222
233.10  -4.219
233.21  -4.217
233.32  -4.214
233.44  -4.212
233.55  -4.209
233.66  -4.207
233.78  -4.204
233.89  -4.202
234.00  -4.199
234.12  -4.196
234.23  -4.194
234.34  -4.191
234.46  -4.189
234.57  -4.187
234.68  -4.184
234.80  -4.182
234.91  -4.180
235.03  -4.178
235.14  -4.176
235.25  -4.174
235.37  -4.172
235.48  -4.170
235.59  -4.168
235.71  -4.166
235.82  -4.164
235.93  -4.162
236.05  -4.159
236.16  -4.157
236.28  -4.154
236.39  -4.152
236.50  -4.149
236.62  -4.146
236.73  -4.144
236.84  -4.141
236.96  -4.138
237.07  -4.135
237.18  -4.132
237.30  -4.129
237.41  -4.125
237.52  -4.121
237.63  -4.117
237.73  -4.113
237.85  -4.109
237.96  -4.104
238.07  -4.100
238.17  -4.096
238.29  -4.092
238.40  -4.088
238.51  -4.085
238.62  -4.082
238.72  -4.079
238.84  -4.076
238.95  -4.073
239.06  -4.070
239.17  -4.067
239.27  -4.064
239.38  -4.061
239.49  -4.059
239.60  -4.056
239.71  -4.053
239.82  -4.050
239.93  -4.047
240.04  -4.045
240.16  -4.042
240.26  -4.039
240.37  -4.036
240.48  -4.033
240.59  -4.031
240.71  -4.028
240.81  -4.025
240.92  -4.022
241.03  -4.019
241.14  -4.017
241.25  -4.014
241.36  -4.011
241.47  -4.008
241.59  -4.006
241.69  -4.003
241.81  -4.000
241.92  -3.996
242.03  -3.993
242.14  -3.990
242.25  -3.986
242.36  -3.983
242.47  -3.979
242.58  -3.975
242.68  -3.972
242.80  -3.968
242.91  -3.964
243.02  -3.961
243.13  -3.957
243.24  -3.954
243.35  -3.950
243.46  -3.946
243.57  -3.943
243.68  -3.939
243.79  -3.936
243.90  -3.933
244.01  -3.929
244.12  -3.926
244.23  -3.923
244.35  -3.920
244.46  -3.916
244.57  -3.913
244.68  -3.910
244.79  -3.907
244.90  -3.904
245.01  -3.901
245.12  -3.898
245.23  -3.895
245.34  -3.892
245.45  -3.889
245.56  -3.886
245.68  -3.883
245.79  -3.881
245.89  -3.878
246.01  -3.875
246.12  -3.873
246.23  -3.870
246.34  -3.868
246.45  -3.865
246.56  -3.863
246.67  -3.860
246.78  -3.858
246.89  -3.855
247.00  -3.853
247.11  -3.850
247.22  -3.848
247.34  -3.845
247.44  -3.842
247.55  -3.839
247.67  -3.837
247.78  -3.834
247.89  -3.831
248.00  -3.829
248.11  -3.826
248.22  -3.823
248.33  -3.820
248.44  -3.818
248.55  -3.815
248.66  -3.812
248.77  -3.810
248.88  -3.807
248.99  -3.804
249.10  -3.802
249.21  -3.800
249.32  -3.797
249.43  -3.795
249.55  -3.792
249.65  -3.790
249.76  -3.787
249.87  -3.785
249.99  -3.783
250.10  -3.780
250.20  -3.778
250.32  -3.775
250.43  -3.773
250.54  -3.770
250.65  -3.768
250.76  -3.765
250.87  -3.762
250.98  -3.760
251.09  -3.757
251.20  -3.755
251.32  -3.752
251.42  -3.749
251.53  -3.747
251.65  -3.744
251.76  -3.742
251.87  -3.739
251.98  -3.736
252.09  -3.734
252.20  -3.731
252.31  -3.729
252.42  -3.726
252.54  -3.723
252.64  -3.721
252.76  -3.718
252.87  -3.716
252.98  -3.713
253.09  -3.711
253.20  -3.709
253.31  -3.706
253.42  -3.704
253.53  -3.701
253.64  -3.699
253.76  -3.696
253.86  -3.694
253.98  -3.691
254.09  -3.689
254.20  -3.686
254.31  -3.684
254.42  -3.681
254.53  -3.679
254.64  -3.676
254.75  -3.673
254.86  -3.671
254.97  -3.668
255.08  -3.666
255.19  -3.663
255.30  -3.660
255.42  -3.658
255.53  -3.655
255.64  -3.653
255.75  -3.650
255.86  -3.648
255.97  -3.645
256.08  -3.643
256.19  -3.641
256.30  -3.638
256.41  -3.636
256.52  -3.634
256.63  -3.632
256.75  -3.630
256.86  -3.628
256.97  -3.625
257.08  -3.623
257.19  -3.621
257.30  -3.619
257.41  -3.617
257.52  -3.615
257.63  -3.613
257.74  -3.610
257.85  -3.608
257.96  -3.605
258.07  -3.603
258.18  -3.600
258.30  -3.597
258.40  -3.595
258.51  -3.592
258.62  -3.589
258.73  -3.587
258.84  -3.584
258.95  -3.582
259.06  -3.579
259.17  -3.577
259.28  -3.575
259.39  -3.572
259.50  -3.570
259.61  -3.568
259.72  -3.566
259.83  -3.563
259.94  -3.561
260.05  -3.559
260.16  -3.557
260.27  -3.555
260.38  -3.553
260.49  -3.550
260.60  -3.548
260.71  -3.546
260.82  -3.543
260.93  -3.541
261.04  -3.538
261.14  -3.536
261.26  -3.534
261.37  -3.531
261.47  -3.529
261.59  -3.527
261.69  -3.524
261.80  -3.522
261.91  -3.520
262.02  -3.518
262.13  -3.515
262.24  -3.513
262.35  -3.511
262.46  -3.508
262.57  -3.506
262.68  -3.504
262.79  -3.502
262.90  -3.499
263.01  -3.497
263.12  -3.495
263.23  -3.493
263.33  -3.491
263.45  -3.489
263.55  -3.487
263.66  -3.485
263.77  -3.483
263.88  -3.482
263.99  -3.480
264.10  -3.478
264.21  -3.476
264.32  -3.474
264.43  -3.472
264.54  -3.470
264.65  -3.468
264.76  -3.466
264.87  -3.464
264.98  -3.462
265.09  -3.459
265.20  -3.457
265.31  -3.455
265.42  -3.453
265.53  -3.450
265.64  -3.448
265.75  -3.446
265.85  -3.444
265.96  -3.441
266.07  -3.439
266.18  -3.436
266.29  -3.434
266.40  -3.431
266.51  -3.429
266.62  -3.426
266.73  -3.424
266.84  -3.421
266.95  -3.418
267.06  -3.415
267.17  -3.412
267.28  -3.410
267.39  -3.407
267.50  -3.404
267.61  -3.401
267.72  -3.398
267.83  -3.395
267.93  -3.393
268.04  -3.390
268.15  -3.387
268.26  -3.384
268.36  -3.382
268.47  -3.379
268.57  -3.376
268.68  -3.373
268.79  -3.371
268.89  -3.368
269.00  -3.366
269.10  -3.363
269.21  -3.361
269.31  -3.358
269.42  -3.356
269.52  -3.354
269.63  -3.352
269.73  -3.349
269.84  -3.347
269.94  -3.345
270.05  -3.342
270.16  -3.339
270.26  -3.336
270.37  -3.334
270.47  -3.331
270.58  -3.328
270.69  -3.325
270.79  -3.322
270.90  -3.319
271.00  -3.317
271.11  -3.314
271.22  -3.311
271.32  -3.308
271.43  -3.306
271.53  -3.303
271.64  -3.300
271.75  -3.298
271.85  -3.295
271.96  -3.292
272.07  -3.290
272.17  -3.287
272.28  -3.285
272.38  -3.282
272.49  -3.279
272.59  -3.277
272.70  -3.274
272.80  -3.272
272.91  -3.269
273.02  -3.267
273.12  -3.264
273.23  -3.262
273.33  -3.259
273.44  -3.257
273.55  -3.254
273.65  -3.251
273.76  -3.248
273.86  -3.246
273.97  -3.243
274.07  -3.240
274.18  -3.237
274.28  -3.234
274.39  -3.231
274.49  -3.228
274.60  -3.224
274.71  -3.221
274.81  -3.218
274.92  -3.215
275.02  -3.212
275.13  -3.209
275.23  -3.206
275.34  -3.203
275.44  -3.200
275.55  -3.197
275.65  -3.194
275.76  -3.192
275.87  -3.189
275.96  -3.186
276.07  -3.183
276.18  -3.180
276.29  -3.177
276.39  -3.174
276.50  -3.171
276.60  -3.168
276.71  -3.165
276.82  -3.162
276.92  -3.159
277.03  -3.156
277.13  -3.153
277.24  -3.150
277.35  -3.147
277.45  -3.143
277.56  -3.140
277.67  -3.137
277.77  -3.134
277.88  -3.131
277.98  -3.127
278.09  -3.124
278.19  -3.121
278.30  -3.118
278.40  -3.115
278.51  -3.112
278.62  -3.109
278.73  -3.106
278.83  -3.103
278.94  -3.100
279.04  -3.097
279.15  -3.094
279.26  -3.091
279.36  -3.087
279.47  -3.084
279.58  -3.081
279.68  -3.078
279.79  -3.075
279.89  -3.072
280.00  -3.069
280.11  -3.065
280.21  -3.062
280.32  -3.059
280.42  -3.056
280.53  -3.052
280.64  -3.049
280.74  -3.046
280.85  -3.042
280.96  -3.039
281.07  -3.035
281.17  -3.032
281.27  -3.028
281.38  -3.024
281.49  -3.021
281.60  -3.017
281.70  -3.014
281.80  -3.010
281.91  -3.007
282.02  -3.004
282.13  -3.001
282.23  -2.998
282.33  -2.995
282.44  -2.991
282.55  -2.988
282.65  -2.985
282.76  -2.981
282.87  -2.977
282.97  -2.973
283.08  -2.969
283.19  -2.965
283.29  -2.961
283.40  -2.957
283.51  -2.953
283.61  -2.949
283.72  -2.945
283.82  -2.941
283.93  -2.937
284.03  -2.933
284.14  -2.929
284.25  -2.925
284.36  -2.921
284.46  -2.917
284.56  -2.913
284.67  -2.909
284.78  -2.905
284.88  -2.901
284.99  -2.897
285.09  -2.893
285.20  -2.890
285.31  -2.886
285.41  -2.883
285.52  -2.879
285.62  -2.876
285.73  -2.873
285.84  -2.869
285.94  -2.866
286.05  -2.863
286.16  -2.860
286.26  -2.857
286.37  -2.853
286.47  -2.850
286.58  -2.847
286.68  -2.844
286.79  -2.841
286.89  -2.837
287.00  -2.834
287.11  -2.830
287.21  -2.827
287.32  -2.823
287.43  -2.820
287.53  -2.816
287.64  -2.812
287.74  -2.809
287.85  -2.805
287.96  -2.801
288.06  -2.798
288.17  -2.794
288.28  -2.790
288.38  -2.786
288.49  -2.782
288.59  -2.778
288.70  -2.774
288.81  -2.770
288.91  -2.766
289.02  -2.761
289.12  -2.757
289.23  -2.753
289.33  -2.749
289.44  -2.744
289.55  -2.741
289.65  -2.737
289.76  -2.733
289.87  -2.730
289.97  -2.726
290.08  -2.722
290.18  -2.719
290.29  -2.715
290.40  -2.710
290.50  -2.705
290.61  -2.701
290.71  -2.696
290.82  -2.691
291.03  -2.681
291.14  -2.677
291.24  -2.672
291.35  -2.668
291.45  -2.664
291.56  -2.660
291.67  -2.656
291.77  -2.652
291.88  -2.648
291.98  -2.644
292.09  -2.642
292.20  -2.639
292.30  -2.637
292.41  -2.634
292.52  -2.632
292.62  -2.630
292.73  -2.627
292.84  -2.624
292.94  -2.620
293.05  -2.615
293.15  -2.610
293.26  -2.605
293.37  -2.600
293.47  -2.595
293.58  -2.589
293.68  -2.585
293.79  -2.580
293.90  -2.576
294.00  -2.572
294.11  -2.568
294.22  -2.564
294.32  -2.560
294.43  -2.556
294.53  -2.552
294.64  -2.549
294.75  -2.545
294.85  -2.542
294.96  -2.538
295.06  -2.535
295.17  -2.531
295.28  -2.528
295.38  -2.524
295.49  -2.520
295.59  -2.516
295.70  -2.512
295.81  -2.508
295.91  -2.504
296.02  -2.499
296.12  -2.495
296.23  -2.491
296.34  -2.487
296.44  -2.483
296.55  -2.479
296.65  -2.475
296.76  -2.471
296.87  -2.467
296.98  -2.463
297.08  -2.460
297.19  -2.456
297.29  -2.452
297.40  -2.448
297.50  -2.444
297.61  -2.440
297.71  -2.436
297.82  -2.432
297.92  -2.428
298.03  -2.425
298.13  -2.421
298.23  -2.417
298.33  -2.413
298.43  -2.410
298.54  -2.406
298.64  -2.403
298.74  -2.400
298.84  -2.397
298.94  -2.394
299.05  -2.392
299.15  -2.390
299.25  -2.387
299.35  -2.385
299.46  -2.383
299.56  -2.380
299.66  -2.378
299.76  -2.376
299.86  -2.374
299.97  -2.372
300.07  -2.369
300.17  -2.367
300.28  -2.364
300.38  -2.361
300.48  -2.358
300.58  -2.355
300.69  -2.351
300.79  -2.347
300.89  -2.344
300.99  -2.340
301.10  -2.336
301.20  -2.332
301.30  -2.328
301.40  -2.324
301.50  -2.320
301.61  -2.316
301.71  -2.312
301.81  -2.308
301.91  -2.304
302.02  -2.301
302.12  -2.297
302.22  -2.294
302.32  -2.290
302.42  -2.287
302.53  -2.284
302.63  -2.281
302.73  -2.278
302.84  -2.275
302.94  -2.272
303.04  -2.269
303.14  -2.266
303.25  -2.263
303.35  -2.260
303.45  -2.257
303.56  -2.254
303.66  -2.251
303.76  -2.247
303.86  -2.243
303.96  -2.239
304.07  -2.235
304.17  -2.231
304.27  -2.227
304.38  -2.223
304.48  -2.218
304.58  -2.214
304.69  -2.210
304.79  -2.205
304.89  -2.201
304.99  -2.197
305.10  -2.193
305.20  -2.189
305.30  -2.186
305.40  -2.183
305.51  -2.180
305.61  -2.178
305.71  -2.176
305.82  -2.174
305.92  -2.172
306.02  -2.170
306.12  -2.168
306.23  -2.166
306.33  -2.163
306.43  -2.160
306.54  -2.157
306.64  -2.154
306.74  -2.151
306.85  -2.147
306.95  -2.144
307.05  -2.141
307.15  -2.138
307.25  -2.135
307.36  -2.132
307.46  -2.128
307.56  -2.125
307.66  -2.121
307.77  -2.117
307.87  -2.113
307.97  -2.108
308.08  -2.104
308.18  -2.099
308.28  -2.094
308.39  -2.089
308.49  -2.084
308.59  -2.080
308.69  -2.075
308.80  -2.072
308.90  -2.068
309.00  -2.064
309.10  -2.060
309.20  -2.057
309.31  -2.053
309.41  -2.050
309.51  -2.047
309.62  -2.043
309.72  -2.040
309.82  -2.037
309.92  -2.034
310.03  -2.031
310.13  -2.027
310.23  -2.024
310.34  -2.020
310.44  -2.017
310.54  -2.013
310.65  -2.009
310.75  -2.005
310.85  -2.001
310.95  -1.998
311.06  -1.994
311.16  -1.990
311.26  -1.986
311.37  -1.982
311.47  -1.979
311.57  -1.975
311.67  -1.971
311.78  -1.967
311.88  -1.963
311.98  -1.960
312.08  -1.956
312.19  -1.952
312.29  -1.949
312.39  -1.945
312.50  -1.941
312.60  -1.938
312.70  -1.934
312.80  -1.930
312.91  -1.927
313.01  -1.923
313.12  -1.919
313.22  -1.915
313.32  -1.912
313.42  -1.908
313.53  -1.904
313.63  -1.901
313.73  -1.897
313.84  -1.894
313.94  -1.890
314.04  -1.886
314.14  -1.883
314.24  -1.879
314.35  -1.876
314.45  -1.872
314.55  -1.869
314.66  -1.865
314.76  -1.861
314.86  -1.858
314.96  -1.854
315.07  -1.851
315.17  -1.847
315.27  -1.843
315.37  -1.839
315.48  -1.836
315.58  -1.832
315.68  -1.828
315.78  -1.824
315.89  -1.820
315.99  -1.816
316.09  -1.812
316.19  -1.808
316.29  -1.805
316.39  -1.801
316.50  -1.797
316.60  -1.793
316.70  -1.789
316.80  -1.785
316.91  -1.781
317.01  -1.777
317.11  -1.773
317.21  -1.770
317.31  -1.766
317.42  -1.762
317.52  -1.758
317.62  -1.754
317.72  -1.750
317.82  -1.746
317.93  -1.743
318.03  -1.739
318.13  -1.735
318.23  -1.731
318.34  -1.727
318.44  -1.724
318.54  -1.720
318.64  -1.716
318.74  -1.712
318.84  -1.709
318.95  -1.705
319.05  -1.701
319.15  -1.697
319.25  -1.694
319.35  -1.690
319.45  -1.686
319.55  -1.683
319.66  -1.679
319.76  -1.675
319.86  -1.672
319.96  -1.668
320.06  -1.664
320.17  -1.661
320.27  -1.657
320.37  -1.653
320.47  -1.650
320.57  -1.646
320.68  -1.642
320.78  -1.639
320.88  -1.635
320.98  -1.631
321.08  -1.628
321.18  -1.624
321.29  -1.620
321.39  -1.617
321.49  -1.613
321.59  -1.610
321.70  -1.606
321.80  -1.602
321.90  -1.599
322.00  -1.595
322.10  -1.592
322.20  -1.588
322.31  -1.585
322.41  -1.581
322.51  -1.578
322.61  -1.575
322.71  -1.571
322.82  -1.568
322.92  -1.564
323.02  -1.561
323.12  -1.557
323.22  -1.554
323.33  -1.550
323.43  -1.547
323.53  -1.544
323.63  -1.541
323.73  -1.537
323.84  -1.534
323.94  -1.531
324.04  -1.528
324.14  -1.525
324.24  -1.521
324.35  -1.518
324.45  -1.515
324.55  -1.512
324.65  -1.509
324.75  -1.505
324.85  -1.502
324.95  -1.499
325.06  -1.495
325.16  -1.491
325.26  -1.487
325.36  -1.483
325.46  -1.479
325.56  -1.475
325.66  -1.471
325.77  -1.467
325.87  -1.464
325.97  -1.461
326.07  -1.459
326.17  -1.456
326.27  -1.453
326.37  -1.451
326.48  -1.448
326.58  -1.445
326.67  -1.442
326.77  -1.438
326.87  -1.434
326.97  -1.430
327.07  -1.426
327.16  -1.423
327.26  -1.419
327.36  -1.416
327.46  -1.413
327.55  -1.410
327.65  -1.408
327.75  -1.405
327.85  -1.403
327.95  -1.400
328.04  -1.398
328.14  -1.395
328.24  -1.392
328.34  -1.389
328.44  -1.386
328.53  -1.383
328.63  -1.379
328.73  -1.376
328.83  -1.373
328.93  -1.369
329.03  -1.366
329.12  -1.363
329.22  -1.360
329.32  -1.357
329.42  -1.354
329.52  -1.351
329.62  -1.348
329.71  -1.345
329.81  -1.342
329.91  -1.339
330.01  -1.335
330.11  -1.332
330.20  -1.329
330.30  -1.326
330.40  -1.323
330.50  -1.320
330.60  -1.317
330.69  -1.314
330.79  -1.311
330.89  -1.308
330.99  -1.305
331.09  -1.302
331.18  -1.299
331.28  -1.296
331.38  -1.293
331.48  -1.290
331.57  -1.287
331.67  -1.284
331.77  -1.281
331.87  -1.278
331.97  -1.275
332.16  -1.270
332.26  -1.266
332.36  -1.263
332.46  -1.260
332.55  -1.257
332.65  -1.254
332.75  -1.251
332.85  -1.249
332.95  -1.246
333.04  -1.243
333.14  -1.240
333.24  -1.238
333.34  -1.235
333.43  -1.232
333.53  -1.230
333.63  -1.227
333.73  -1.225
333.83  -1.223
333.92  -1.220
334.02  -1.218
334.12  -1.216
334.22  -1.213
334.31  -1.211
334.41  -1.208
334.51  -1.206
334.61  -1.203
334.71  -1.200
334.80  -1.197
334.90  -1.194
335.00  -1.191
335.10  -1.188
335.19  -1.184
335.29  -1.180
335.39  -1.176
335.49  -1.171
335.59  -1.166
335.69  -1.161
335.79  -1.157
335.88  -1.152
335.98  -1.148
336.08  -1.143
336.18  -1.140
336.28  -1.136
336.38  -1.132
336.48  -1.129
336.58  -1.125
336.68  -1.122
336.77  -1.119
336.87  -1.116
336.97  -1.112
337.07  -1.109
337.17  -1.106
337.27  -1.103
337.37  -1.100
337.47  -1.097
337.56  -1.094
337.66  -1.091
337.77  -1.088
337.86  -1.084
337.96  -1.081
338.06  -1.078
338.16  -1.074
338.26  -1.071
338.36  -1.068
338.46  -1.065
338.56  -1.061
338.65  -1.058
338.76  -1.055
338.85  -1.052
338.95  -1.048
339.05  -1.045
339.15  -1.042
339.25  -1.039
339.35  -1.035
339.45  -1.032
339.55  -1.029
339.65  -1.025
339.74  -1.022
339.84  -1.018
339.94  -1.014
340.04  -1.011
340.14  -1.007
340.24  -1.002
340.34  -0.998
340.44  -0.994
340.54  -0.990
340.63  -0.986
340.73  -0.981
340.83  -0.977
340.93  -0.973
341.03  -0.969
341.13  -0.964
341.23  -0.960
341.33  -0.956
341.43  -0.952
341.52  -0.947
341.63  -0.943
341.73  -0.939
341.83  -0.934
341.93  -0.930
342.02  -0.925
342.12  -0.921
342.22  -0.916
342.32  -0.912
342.42  -0.907
342.52  -0.902
342.62  -0.897
342.72  -0.892
342.82  -0.887
342.92  -0.882
343.01  -0.877
343.11  -0.872
343.21  -0.868
343.32  -0.864
343.41  -0.860
343.51  -0.856
343.61  -0.852
343.71  -0.848
343.81  -0.844
343.91  -0.840
344.01  -0.836
344.10  -0.832
344.20  -0.828
344.30  -0.824
344.40  -0.820
344.50  -0.816
344.60  -0.812
344.70  -0.808
344.80  -0.806
344.90  -0.803
345.00  -0.800
345.09  -0.798
345.19  -0.796
345.29  -0.793
345.39  -0.791
345.49  -0.788
345.59  -0.784
345.69  -0.780
345.79  -0.776
345.89  -0.771
345.99  -0.767
346.09  -0.762
346.19  -0.758
346.29  -0.754
346.39  -0.750
346.48  -0.747
346.58  -0.744
346.68  -0.741
346.78  -0.737
346.88  -0.734
346.98  -0.731
347.08  -0.728
347.18  -0.724
347.28  -0.720
347.38  -0.717
347.48  -0.713
347.57  -0.709
347.68  -0.705
347.78  -0.701
347.87  -0.697
347.97  -0.693
348.07  -0.689
348.17  -0.685
348.27  -0.681
348.37  -0.677
348.47  -0.673
348.57  -0.669
348.67  -0.666
348.77  -0.662
348.87  -0.659
348.97  -0.656
349.07  -0.652
349.17  -0.649
349.27  -0.645
349.37  -0.642
349.47  -0.638
349.57  -0.634
349.67  -0.630
349.76  -0.625
349.86  -0.620
349.96  -0.615
350.16  -0.605
350.26  -0.599
350.36  -0.592
350.46  -0.585
350.56  -0.577
350.66  -0.570
350.76  -0.562
350.86  -0.555
350.95  -0.548
351.05  -0.541
351.15  -0.537
351.25  -0.533
351.35  -0.529
351.45  -0.526
351.54  -0.523
351.64  -0.521
351.74  -0.519
351.84  -0.516
351.94  -0.514
352.04  -0.511
352.14  -0.509
352.24  -0.506
352.34  -0.504
352.43  -0.501
352.53  -0.499
352.63  -0.497
352.73  -0.495
352.83  -0.494
352.93  -0.492
353.02  -0.490
353.12  -0.488
353.22  -0.486
353.32  -0.484
353.42  -0.481
353.52  -0.477
353.62  -0.473
353.72  -0.469
353.82  -0.465
353.91  -0.460
354.01  -0.456
354.11  -0.451
354.21  -0.447
354.31  -0.444
354.40  -0.441
354.50  -0.438
354.60  -0.436
354.69  -0.433
354.79  -0.431
354.88  -0.428
354.97  -0.425
355.07  -0.422
355.17  -0.418
355.26  -0.414
355.36  -0.410
355.45  -0.407
355.55  -0.403
355.64  -0.399
355.74  -0.394
355.83  -0.390
355.92  -0.386
356.02  -0.382
356.12  -0.378
356.21  -0.373
356.31  -0.369
356.40  -0.364
356.50  -0.360
356.59  -0.355
356.69  -0.351
356.78  -0.346
356.88  -0.341
356.97  -0.337
357.07  -0.332
357.16  -0.328
357.26  -0.323
357.35  -0.319
357.45  -0.315
357.54  -0.311
357.64  -0.307
357.73  -0.303
357.83  -0.299
357.92  -0.296
358.02  -0.292
358.12  -0.288
358.21  -0.284
358.30  -0.280
358.40  -0.277
358.50  -0.273
358.59  -0.269
358.69  -0.265
358.78  -0.262
358.88  -0.258
358.98  -0.255
359.07  -0.251
359.17  -0.248
359.26  -0.244
359.36  -0.241
359.45  -0.237
359.55  -0.234
359.65  -0.230
359.74  -0.227
359.83  -0.223
359.93  -0.219
360.03  -0.215
360.12  -0.212
360.22  -0.208
360.31  -0.204
360.41  -0.200
360.51  -0.197
360.60  -0.193
360.70  -0.189
360.79  -0.186
360.89  -0.182
360.98  -0.179
361.08  -0.175
361.18  -0.171
361.27  -0.168
361.37  -0.164
361.47  -0.161
361.56  -0.158
361.65  -0.154
361.75  -0.151
361.85  -0.148
361.94  -0.144
362.04  -0.141
362.13  -0.138
362.23  -0.135
362.33  -0.132
362.42  -0.129
362.51  -0.126
362.61  -0.122
362.71  -0.119
362.80  -0.115
362.90  -0.111
362.99  -0.107
363.09  -0.103
363.19  -0.098
363.28  -0.094
363.38  -0.089
363.48  -0.084
363.57  -0.078
363.67  -0.072
363.76  -0.066
363.86  -0.061
363.95  -0.055
364.05  -0.049
364.15  -0.044
364.24  -0.040
364.34  -0.036
364.44  -0.033
364.53  -0.030
364.63  -0.027
364.72  -0.023
364.82  -0.020
364.92  -0.017
365.01  -0.014
365.11  -0.010
365.20  -0.006
365.30  -0.003
365.40   0.001
365.49   0.004
365.59   0.008
365.68   0.011
365.78   0.015
365.88   0.018
365.97   0.021
366.07   0.024
366.16   0.027
366.26   0.030
366.36   0.033
366.45   0.036
366.55   0.040
366.65   0.045
366.74   0.049
366.84   0.053
366.93   0.058
367.03   0.062
367.13   0.067
367.22   0.071
367.32   0.075
367.41   0.079
367.51   0.083
367.60   0.087
367.70   0.090
367.80   0.094
367.89   0.098
367.99   0.101
368.08   0.104
368.18   0.107
368.28   0.110
368.37   0.113
368.47   0.116
368.56   0.119
368.66   0.122
368.76   0.125
368.85   0.128
368.95   0.132
369.05   0.135
369.14   0.139
369.24   0.143
369.34   0.147
369.43   0.150
369.53   0.154
369.63   0.158
369.72   0.161
369.82   0.164
369.91   0.168
370.01   0.172
370.11   0.175
370.20   0.179
370.30   0.183
370.39   0.188
370.49   0.193
370.59   0.198
370.68   0.203
370.78   0.209
370.87   0.214
370.97   0.219
371.07   0.224
371.16   0.229
371.26   0.234
371.35   0.239
371.45   0.243
371.55   0.248
371.64   0.253
371.74   0.257
371.83   0.262
371.93   0.267
372.03   0.272
372.12   0.277
372.22   0.282
372.32   0.287
372.41   0.292
372.51   0.297
372.60   0.302
372.70   0.307
372.79   0.312
372.89   0.317
372.99   0.322
373.08   0.327
373.17   0.332
373.27   0.336
373.37   0.341
373.56   0.348
373.66   0.351
373.75   0.355
373.84   0.358
373.94   0.361
374.03   0.364
374.13   0.368
374.23   0.372
374.32   0.376
374.41   0.380
374.51   0.384
374.60   0.388
374.70   0.392
374.80   0.396
374.89   0.400
374.99   0.403
375.08   0.407
375.18   0.410
375.27   0.413
375.37   0.417
375.47   0.420
375.56   0.423
375.65   0.427
375.75   0.430
375.85   0.434
375.94   0.437
376.03   0.441
376.13   0.444
376.23   0.448
376.32   0.451
376.42   0.455
376.51   0.458
376.61   0.462
376.70   0.465
376.80   0.469
376.90   0.472
376.99   0.476
377.08   0.479
377.18   0.483
377.28   0.487
377.37   0.490
377.46   0.494
377.56   0.498
377.66   0.502
377.75   0.506
377.85   0.510
377.94   0.514
378.04   0.518
378.13   0.522
378.23   0.526
378.32   0.530
378.42   0.535
378.52   0.539
378.61   0.543
378.71   0.548
378.80   0.553
378.90   0.557
378.99   0.562
379.09   0.567
379.19   0.572
379.28   0.577
379.38   0.582
379.47   0.587
379.57   0.592
379.67   0.597
379.76   0.602
379.85   0.606
379.95   0.611
380.05   0.615
380.14   0.620
380.24   0.624
380.33   0.627
380.42   0.631
380.52   0.634
380.62   0.638
380.71   0.641
380.81   0.644
380.90   0.647
381.00   0.650
381.09   0.654
381.19   0.657
381.28   0.661
381.38   0.665
381.47   0.668
381.56   0.672
381.65   0.676
381.75   0.680
381.84   0.684
381.93   0.688
382.02   0.692
382.11   0.697
382.20   0.701
382.29   0.705
382.39   0.710
382.48   0.714
382.57   0.718
382.66   0.722
382.75   0.725
382.84   0.729
382.94   0.733
383.03   0.736
383.12   0.740
383.21   0.743
383.31   0.746
383.40   0.750
383.49   0.753
383.58   0.756
383.67   0.759
383.77   0.762
383.86   0.766
383.95   0.769
384.04   0.772
384.14   0.776
384.23   0.779
384.32   0.783
384.41   0.786
384.50   0.790
384.60   0.794
384.69   0.797
384.78   0.801
384.87   0.806
384.96   0.810
385.05   0.814
385.15   0.818
385.24   0.823
385.33   0.827
385.42   0.831
385.51   0.835
385.60   0.839
385.70   0.843
385.79   0.846
385.88   0.850
385.97   0.853
386.06   0.857
386.16   0.860
386.25   0.863
386.34   0.867
386.43   0.870
386.52   0.873
386.62   0.876
386.71   0.879
386.80   0.882
386.89   0.885
386.98   0.888
387.07   0.891
387.17   0.893
387.26   0.896
387.44   0.901
387.53   0.904
387.63   0.907
387.72   0.910
387.81   0.914
387.90   0.918
387.99   0.922
388.08   0.926
388.17   0.931
388.26   0.935
388.36   0.939
388.45   0.943
388.54   0.947
388.63   0.951
388.72   0.954
388.81   0.958
388.91   0.962
389.00   0.966
389.09   0.970
389.18   0.974
389.27   0.978
389.37   0.982
389.46   0.986
389.55   0.990
389.64   0.994
389.73   0.998
389.82   1.002
389.91   1.006
390.01   1.009
390.10   1.012
390.19   1.015
390.29   1.018
390.38   1.022
390.47   1.025
390.56   1.028
390.74   1.034
390.84   1.038
390.93   1.041
391.02   1.044
391.11   1.048
391.21   1.051
391.30   1.054
391.39   1.057
391.48   1.060
391.58   1.063
391.67   1.066
391.76   1.069
391.85   1.072
391.95   1.075
392.04   1.079
392.13   1.083
392.23   1.088
392.32   1.093
392.41   1.098
392.50   1.103
392.60   1.108
392.69   1.113
392.78   1.117
392.87   1.120
392.97   1.123
393.06   1.125
393.15   1.127
393.24   1.130
393.34   1.132
393.43   1.134
393.52   1.136
393.62   1.139
393.71   1.141
393.80   1.144
393.89   1.147
393.99   1.150
394.08   1.153
394.17   1.157
394.26   1.161
394.35   1.165
394.45   1.169
394.54   1.174
394.63   1.178
394.72   1.183
394.82   1.188
394.91   1.193
395.00   1.199
395.10   1.204
395.19   1.210
395.28   1.216
395.38   1.222
395.47   1.227
395.56   1.233
395.65   1.238
395.74   1.243
395.84   1.248
395.93   1.252
396.02   1.256
396.12   1.260
396.21   1.264
396.30   1.267
396.40   1.270
396.49   1.274
396.58   1.278
396.67   1.281
396.77   1.285
396.86   1.289
396.95   1.292
397.04   1.296
397.14   1.299
397.23   1.302
397.32   1.305
397.41   1.308
397.51   1.310
397.60   1.313
397.69   1.315
397.79   1.318
397.88   1.321
397.97   1.324
398.06   1.327
398.16   1.330
398.25   1.334
398.34   1.337
398.44   1.341
398.53   1.345
398.62   1.349
398.71   1.352
398.81   1.356
398.90   1.359
398.99   1.363
399.08   1.367
399.18   1.370
399.27   1.374
399.36   1.378
399.46   1.383
399.55   1.388
399.64   1.394
399.73   1.399
399.82   1.405
399.91   1.411
400.01   1.417
400.11   1.422
400.20   1.428
400.29   1.432
400.38   1.436
400.48   1.440
400.57   1.444
400.66   1.447
400.75   1.451
400.84   1.454
400.94   1.458
401.03   1.461
401.12   1.464
401.22   1.467
401.31   1.471
401.40   1.474
401.49   1.477
401.59   1.480
401.68   1.484
401.77   1.489
401.87   1.494
401.96   1.499
402.05   1.504
402.14   1.510
402.23   1.515
402.33   1.520
402.42   1.524
402.51   1.528
402.60   1.531
402.70   1.534
402.79   1.537
402.88   1.539
402.97   1.542
403.07   1.545
403.16   1.548
403.25   1.551
403.34   1.554
403.43   1.557
403.52   1.561
403.62   1.564
403.71   1.568
403.80   1.572
403.89   1.576
403.99   1.580
404.08   1.584
404.17   1.589
404.26   1.594
404.35   1.599
404.45   1.604
404.54   1.608
404.63   1.613
404.72   1.617
404.81   1.621
404.90   1.625
405.00   1.629
405.09   1.633
405.18   1.637
405.27   1.641
405.37   1.645
405.46   1.649
405.55   1.654
405.64   1.659
405.73   1.663
405.83   1.668
405.92   1.672
406.01   1.677
406.10   1.681
406.19   1.685
406.29   1.688
406.38   1.692
406.47   1.695
406.56   1.698
406.66   1.702
406.75   1.705
406.84   1.709
406.93   1.713
407.02   1.718
407.11   1.722
407.21   1.727
407.30   1.732
407.39   1.736
407.48   1.741
407.57   1.746
407.65   1.750
407.74   1.754
407.83   1.759
407.92   1.763
408.00   1.767
408.09   1.771
408.18   1.774
408.27   1.778
408.36   1.781
408.45   1.783
408.53   1.786
408.62   1.788
408.71   1.791
408.80   1.793
408.89   1.795
408.97   1.797
409.07   1.800
409.16   1.802
409.24   1.805
409.33   1.808
409.42   1.811
409.51   1.813
409.59   1.816
409.68   1.820
409.77   1.823
409.86   1.827
409.95   1.830
410.04   1.834
410.12   1.838
410.21   1.842
410.30   1.846
410.39   1.849
410.48   1.853
410.57   1.857
410.66   1.861
410.74   1.864
410.83   1.868
410.92   1.872
411.01   1.875
411.10   1.879
411.19   1.882
411.27   1.885
411.37   1.888
411.45   1.892
411.54   1.895
411.63   1.898
411.72   1.901
411.81   1.904
411.90   1.908
411.98   1.911
412.07   1.914
412.16   1.918
412.25   1.921
412.34   1.925
412.43   1.928
412.51   1.932
412.60   1.935
412.69   1.939
412.78   1.943
412.87   1.947
412.96   1.951
413.05   1.955
413.14   1.958
413.22   1.962
413.31   1.966
413.40   1.970
413.49   1.974
413.58   1.977
413.67   1.981
413.75   1.985
413.84   1.988
413.93   1.992
414.02   1.996
414.11   2.000
414.20   2.004
414.29   2.008
414.37   2.012
414.46   2.015
414.55   2.019
414.64   2.023
414.73   2.026
414.82   2.029
414.91   2.032
414.99   2.035
415.08   2.037
415.17   2.040
415.26   2.043
415.35   2.046
415.44   2.049
415.53   2.052
415.61   2.055
415.70   2.059
415.79   2.062
415.88   2.065
415.97   2.068
416.06   2.071
416.15   2.074
416.24   2.077
416.33   2.080
416.42   2.083
416.50   2.086
416.59   2.089
416.68   2.092
416.77   2.095
416.86   2.098
416.95   2.100
417.04   2.103
417.13   2.106
417.21   2.109
417.30   2.112
417.39   2.115
417.48   2.118
417.57   2.121
417.66   2.124
417.75   2.127
417.84   2.130
417.93   2.133
418.02   2.137
418.11   2.140
418.20   2.143
418.28   2.145
418.37   2.148
418.46   2.151
418.55   2.153
418.64   2.156
418.73   2.159
418.82   2.161
418.91   2.164
418.99   2.168
419.08   2.171
419.17   2.175
419.26   2.178
419.35   2.182
419.44   2.186
419.53   2.189
419.61   2.193
419.70   2.196
419.79   2.200
419.88   2.203
419.97   2.206
420.06   2.209
420.15   2.212
420.23   2.216
420.33   2.219
420.42   2.222
420.50   2.225
420.59   2.229
420.68   2.232
420.77   2.236
420.86   2.239
420.95   2.242
421.04   2.245
421.13   2.248
421.22   2.251
421.30   2.254
421.39   2.257
421.48   2.259
421.57   2.262
421.66   2.265
421.75   2.268
421.84   2.271
421.93   2.275
422.01   2.279
422.10   2.282
422.19   2.286
422.28   2.290
422.37   2.294
422.46   2.298
422.54   2.301
422.63   2.304
422.72   2.308
422.81   2.311
422.90   2.314
422.99   2.318
423.08   2.321
423.16   2.325
423.25   2.330
423.34   2.335
423.43   2.340
423.52   2.345
423.61   2.350
423.70   2.354
423.78   2.359
423.87   2.363
423.96   2.367
424.05   2.370
424.14   2.373
424.22   2.375
424.31   2.378
424.40   2.380
424.49   2.383
424.57   2.386
424.66   2.388
424.75   2.391
424.84   2.394
424.93   2.397
425.02   2.400
425.10   2.403
425.19   2.407
425.28   2.410
425.37   2.413
425.45   2.416
425.54   2.420
425.63   2.423
425.72   2.427
425.81   2.430
425.90   2.433
425.98   2.437
426.07   2.440
426.16   2.443
426.25   2.446
426.33   2.449
426.42   2.452
426.51   2.455
426.60   2.458
426.68   2.461
426.77   2.464
426.86   2.467
426.95   2.470
427.04   2.473
427.12   2.476
427.21   2.479
427.30   2.482
427.39   2.485
427.47   2.488
427.56   2.491
427.65   2.494
427.74   2.496
427.83   2.499
427.91   2.502
428.00   2.505
428.09   2.507
428.18   2.510
428.27   2.513
428.35   2.515
428.44   2.518
428.53   2.520
428.62   2.523
428.71   2.526
428.80   2.528
428.88   2.531
428.97   2.534
429.06   2.536
429.15   2.539
429.24   2.542
429.32   2.544
429.41   2.547
429.50   2.550
429.59   2.552
429.68   2.555
429.77   2.558
429.86   2.560
429.95   2.563
430.04   2.565
430.12   2.568
430.21   2.571
430.30   2.574
430.39   2.577
430.48   2.580
430.57   2.583
430.66   2.586
430.75   2.590
430.84   2.593
430.93   2.596
431.01   2.599
431.10   2.602
431.19   2.605
431.28   2.608
431.36   2.611
431.45   2.614
431.54   2.617
431.63   2.620
431.72   2.623
431.81   2.626
431.90   2.630
431.98   2.633
432.07   2.637
432.16   2.640
432.24   2.643
432.33   2.647
432.41   2.650
432.49   2.653
432.58   2.656
432.66   2.659
432.75   2.662
432.84   2.665
432.91   2.668
433.00   2.670
433.09   2.673
433.17   2.676
433.26   2.679
433.34   2.682
433.43   2.685
433.51   2.688
433.60   2.690
433.68   2.693
433.77   2.696
433.86   2.698
433.94   2.701
434.02   2.703
434.11   2.706
434.19   2.709
434.28   2.711
434.37   2.714
434.45   2.717
434.54   2.720
434.62   2.724
434.71   2.727
434.79   2.730
434.87   2.733
434.96   2.737
435.05   2.740
435.13   2.743
435.22   2.747
435.30   2.750
435.39   2.753
435.47   2.756
435.56   2.760
435.64   2.763
435.72   2.766
435.81   2.770
435.90   2.773
435.98   2.776
436.07   2.779
436.15   2.782
436.24   2.786
436.32   2.789
436.40   2.792
436.49   2.795
436.57   2.798
436.66   2.802
436.74   2.805
436.82   2.808
436.91   2.811
437.00   2.814
437.08   2.817
437.16   2.820
437.25   2.822
437.34   2.825
437.42   2.828
437.50   2.830
437.59   2.833
437.67   2.835
437.75   2.838
437.84   2.841
437.92   2.844
438.01   2.847
438.09   2.849
438.18   2.852
438.26   2.855
438.34   2.858
438.43   2.861
438.52   2.863
438.61   2.866
438.69   2.868
438.77   2.871
438.86   2.873
438.94   2.876
439.03   2.878
439.11   2.881
439.20   2.885
439.28   2.888
439.37   2.892
439.45   2.896
439.54   2.900
439.62   2.904
439.71   2.908
439.79   2.912
439.88   2.916
439.96   2.920
440.05   2.924
440.14   2.927
440.22   2.931
440.31   2.935
440.40   2.939
440.48   2.942
440.56   2.945
440.65   2.948
440.74   2.951
440.82   2.953
440.91   2.956
440.99   2.958
441.07   2.961
441.16   2.963
441.25   2.965
441.33   2.968
441.42   2.970
441.50   2.972
441.59   2.975
441.67   2.977
441.76   2.980
441.84   2.983
441.93   2.986
442.02   2.989
442.10   2.992
442.19   2.995
442.27   2.999
442.36   3.002
442.44   3.006
442.53   3.009
442.61   3.013
442.70   3.017
442.79   3.020
442.87   3.024
442.95   3.027
443.04   3.031
443.13   3.034
443.21   3.038
443.30   3.041
443.38   3.044
443.47   3.047
443.55   3.050
443.64   3.053
443.72   3.056
443.81   3.059
443.89   3.062
443.98   3.065
444.07   3.068
444.15   3.071
444.24   3.074
444.32   3.077
444.41   3.080
444.49   3.084
444.58   3.087
444.67   3.090
444.75   3.093
444.84   3.097
444.92   3.100
445.01   3.104
445.09   3.107
445.18   3.111
445.27   3.114
445.35   3.117
445.43   3.121
445.52   3.124
445.61   3.127
445.69   3.130
445.78   3.133
445.87   3.137
445.95   3.140
446.04   3.143
446.12   3.146
446.21   3.149
446.29   3.152
446.38   3.155
446.46   3.157
446.55   3.160
446.63   3.163
446.72   3.166
446.81   3.169
446.89   3.172
446.98   3.175
447.06   3.178
447.15   3.181
447.23   3.184
447.32   3.187
447.40   3.190
447.49   3.193
447.58   3.196
447.66   3.199
447.75   3.202
447.83   3.205
447.92   3.208
448.00   3.211
448.09   3.214
448.17   3.217
448.26   3.221
448.34   3.224
448.43   3.227
448.52   3.230
448.60   3.233
448.69   3.237
448.77   3.240
448.84   3.243
448.85   3.247
