  
  DOI/GTN-P Deep Borehole Array, Arctic Alaska 
             U.S. Geological Survey 
            Processed Temperature Log 
                    26-Aug-2013 
________________________________________________ 
  
Temperature Log Information: 
  Well name:   East Teshepuk 
  File name:   ETK_03AUG18b_c_d 
  Log date:    18-AUG-2003 
  
Contact Information: 
  Gary Clow 
  U.S. Geological Survey 
  clow@usgs.gov 
  
Definitions: 
  Depth:        Depth below local ground surface (m) 
  Temperature:  ITS-90 temperature (°C) 
________________________________________________ 
             
 Depth  Temperature 
  8.04  -7.448
  8.05  -7.452
  8.09  -7.457
  8.14  -7.461
  8.18  -7.465
  8.23  -7.470
  8.23  -7.474
  8.33  -7.479
  8.39  -7.483
  8.44  -7.488
  8.48  -7.492
  8.53  -7.497
  8.59  -7.501
  8.63  -7.505
  8.68  -7.510
  8.73  -7.514
  8.78  -7.518
  8.82  -7.523
  8.87  -7.527
  8.92  -7.531
  8.96  -7.536
  9.01  -7.540
  9.06  -7.544
  9.11  -7.548
  9.16  -7.553
  9.21  -7.557
  9.26  -7.561
  9.31  -7.565
  9.35  -7.569
  9.40  -7.573
  9.45  -7.577
  9.50  -7.581
  9.54  -7.585
  9.59  -7.588
  9.64  -7.592
  9.69  -7.595
  9.74  -7.599
  9.79  -7.602
  9.83  -7.605
  9.88  -7.608
  9.93  -7.611
  9.98  -7.614
 10.02  -7.617
 10.08  -7.620
 10.13  -7.622
 10.17  -7.625
 10.22  -7.628
 10.27  -7.631
 10.31  -7.634
 10.36  -7.636
 10.41  -7.639
 10.46  -7.642
 10.51  -7.645
 10.56  -7.648
 10.60  -7.652
 10.65  -7.655
 10.70  -7.658
 10.75  -7.662
 10.80  -7.665
 10.84  -7.668
 10.89  -7.672
 10.94  -7.675
 10.99  -7.679
 11.04  -7.682
 11.08  -7.686
 11.13  -7.689
 11.18  -7.693
 11.23  -7.696
 11.28  -7.700
 11.32  -7.703
 11.37  -7.707
 11.42  -7.710
 11.47  -7.714
 11.52  -7.717
 11.56  -7.721
 11.61  -7.725
 11.66  -7.728
 11.70  -7.732
 11.75  -7.736
 11.80  -7.740
 11.85  -7.743
 11.90  -7.747
 11.95  -7.751
 12.00  -7.755
 12.05  -7.759
 12.09  -7.763
 12.14  -7.767
 12.19  -7.771
 12.23  -7.775
 12.28  -7.779
 12.33  -7.783
 12.38  -7.787
 12.43  -7.791
 12.47  -7.795
 12.52  -7.799
 12.57  -7.803
 12.62  -7.808
 12.67  -7.812
 12.71  -7.816
 12.76  -7.820
 12.81  -7.825
 12.86  -7.829
 12.90  -7.834
 12.95  -7.838
 13.00  -7.843
 13.05  -7.848
 13.10  -7.852
 13.15  -7.857
 13.20  -7.862
 13.24  -7.866
 13.29  -7.871
 13.34  -7.876
 13.39  -7.881
 13.44  -7.886
 13.48  -7.890
 13.53  -7.895
 13.58  -7.900
 13.62  -7.905
 13.67  -7.910
 13.72  -7.915
 13.77  -7.920
 13.82  -7.925
 13.87  -7.930
 13.92  -7.935
 13.97  -7.940
 14.02  -7.946
 14.07  -7.951
 14.11  -7.956
 14.16  -7.961
 14.21  -7.967
 14.26  -7.972
 14.30  -7.977
 14.35  -7.983
 14.40  -7.988
 14.45  -7.994
 14.50  -7.999
 14.55  -8.005
 14.60  -8.011
 14.65  -8.016
 14.69  -8.022
 14.74  -8.028
 14.79  -8.034
 14.84  -8.039
 14.89  -8.045
 14.94  -8.051
 14.98  -8.057
 15.03  -8.062
 15.08  -8.068
 15.13  -8.074
 15.18  -8.079
 15.23  -8.085
 15.28  -8.091
 15.32  -8.097
 15.37  -8.102
 15.42  -8.108
 15.47  -8.114
 15.52  -8.119
 15.57  -8.125
 15.62  -8.131
 15.66  -8.136
 15.71  -8.142
 15.76  -8.147
 15.81  -8.153
 15.86  -8.159
 15.91  -8.164
 15.96  -8.170
 16.00  -8.175
 16.05  -8.181
 16.10  -8.186
 16.15  -8.192
 16.20  -8.197
 16.25  -8.203
 16.29  -8.208
 16.34  -8.213
 16.39  -8.219
 16.44  -8.224
 16.49  -8.229
 16.54  -8.235
 16.59  -8.240
 16.64  -8.245
 16.68  -8.250
 16.73  -8.256
 16.79  -8.261
 16.83  -8.266
 16.88  -8.271
 16.93  -8.277
 16.98  -8.282
 17.03  -8.287
 17.08  -8.292
 17.12  -8.297
 17.17  -8.302
 17.22  -8.307
 17.27  -8.312
 17.32  -8.316
 17.37  -8.321
 17.42  -8.326
 17.46  -8.330
 17.51  -8.335
 17.56  -8.339
 17.61  -8.344
 17.66  -8.348
 17.71  -8.352
 17.76  -8.356
 17.80  -8.360
 17.85  -8.364
 17.90  -8.368
 17.95  -8.372
 18.00  -8.376
 18.05  -8.380
 18.10  -8.384
 18.15  -8.388
 18.19  -8.392
 18.24  -8.396
 18.29  -8.400
 18.34  -8.404
 18.39  -8.408
 18.44  -8.411
 18.48  -8.415
 18.53  -8.419
 18.58  -8.423
 18.63  -8.427
 18.68  -8.430
 18.73  -8.434
 18.78  -8.438
 18.83  -8.441
 18.88  -8.445
 18.93  -8.448
 18.98  -8.452
 19.03  -8.455
 19.07  -8.458
 19.12  -8.462
 19.17  -8.465
 19.22  -8.468
 19.27  -8.471
 19.32  -8.474
 19.37  -8.477
 19.42  -8.481
 19.46  -8.484
 19.51  -8.487
 19.56  -8.490
 19.61  -8.494
 19.66  -8.497
 19.71  -8.500
 19.75  -8.504
 19.81  -8.507
 19.85  -8.510
 19.90  -8.514
 19.95  -8.517
 20.00  -8.521
 20.05  -8.525
 20.10  -8.529
 20.16  -8.532
 20.25  -8.536
 20.35  -8.540
 20.45  -8.544
 20.55  -8.548
 20.65  -8.552
 20.75  -8.556
 20.86  -8.561
 20.96  -8.565
 21.06  -8.571
 21.16  -8.576
 21.27  -8.582
 21.38  -8.588
 21.48  -8.594
 21.58  -8.600
 21.69  -8.606
 21.79  -8.612
 21.89  -8.617
 22.00  -8.623
 22.10  -8.629
 22.21  -8.635
 22.31  -8.640
 22.42  -8.646
 22.52  -8.652
 22.63  -8.657
 22.73  -8.662
 22.84  -8.667
 22.94  -8.672
 23.04  -8.677
 23.15  -8.682
 23.25  -8.686
 23.36  -8.691
 23.47  -8.696
 23.57  -8.700
 23.67  -8.705
 23.78  -8.710
 23.88  -8.715
 23.99  -8.720
 24.09  -8.725
 24.20  -8.729
 24.31  -8.734
 24.41  -8.739
 24.52  -8.745
 24.62  -8.750
 24.73  -8.755
 24.84  -8.760
 24.94  -8.765
 25.04  -8.770
 25.15  -8.776
 25.26  -8.781
 25.36  -8.786
 25.47  -8.792
 25.57  -8.797
 25.68  -8.802
 25.78  -8.807
 25.89  -8.813
 25.99  -8.818
 26.10  -8.823
 26.20  -8.829
 26.31  -8.834
 26.41  -8.839
 26.52  -8.845
 26.62  -8.850
 26.73  -8.855
 26.84  -8.860
 26.94  -8.866
 27.05  -8.871
 27.15  -8.876
 27.26  -8.881
 27.36  -8.886
 27.47  -8.891
 27.58  -8.896
 27.68  -8.900
 27.78  -8.905
 27.89  -8.910
 27.99  -8.915
 28.10  -8.919
 28.20  -8.924
 28.31  -8.928
 28.41  -8.933
 28.52  -8.937
 28.62  -8.941
 28.73  -8.945
 28.83  -8.949
 28.94  -8.953
 29.04  -8.956
 29.14  -8.960
 29.24  -8.963
 29.35  -8.966
 29.45  -8.969
 29.55  -8.971
 29.66  -8.973
 29.76  -8.975
 29.86  -8.977
 29.97  -8.979
 30.07  -8.981
 30.17  -8.982
 30.27  -8.983
 30.36  -8.985
 30.46  -8.986
 30.56  -8.987
 30.66  -8.988
 30.76  -8.989
 30.87  -8.989
 30.96  -8.990
 31.07  -8.991
 31.17  -8.991
 31.27  -8.992
 31.37  -8.993
 31.48  -8.993
 31.58  -8.994
 31.68  -8.994
 31.78  -8.995
 31.88  -8.995
 31.98  -8.995
 32.09  -8.995
 32.19  -8.995
 32.29  -8.996
 32.39  -8.996
 32.49  -8.996
 32.60  -8.996
 32.70  -8.996
 32.80  -8.996
 32.91  -8.996
 33.01  -8.996
 33.11  -8.996
 33.21  -8.996
 33.32  -8.996
 33.42  -8.996
 33.52  -8.996
 33.62  -8.996
 33.72  -8.996
 33.83  -8.995
 33.93  -8.995
 34.03  -8.995
 34.14  -8.995
 34.24  -8.995
 34.34  -8.995
 34.44  -8.995
 34.55  -8.995
 34.65  -8.995
 34.75  -8.995
 34.85  -8.995
 34.96  -8.994
 35.06  -8.994
 35.16  -8.994
 35.26  -8.994
 35.37  -8.994
 35.47  -8.994
 35.57  -8.993
 35.67  -8.993
 35.78  -8.993
 35.88  -8.992
 35.99  -8.992
 36.09  -8.992
 36.19  -8.991
 36.30  -8.991
 36.40  -8.990
 36.50  -8.990
 36.61  -8.989
 36.71  -8.989
 36.81  -8.988
 36.92  -8.987
 37.02  -8.987
 37.13  -8.986
 37.23  -8.985
 37.33  -8.984
 37.44  -8.984
 37.54  -8.983
 37.64  -8.982
 37.74  -8.981
 37.84  -8.980
 37.95  -8.978
 38.05  -8.977
 38.15  -8.976
 38.26  -8.975
 38.36  -8.973
 38.46  -8.972
 38.57  -8.971
 38.67  -8.969
 38.78  -8.968
 38.88  -8.966
 38.98  -8.965
 39.08  -8.964
 39.19  -8.962
 39.29  -8.961
 39.40  -8.959
 39.50  -8.958
 39.60  -8.956
 39.70  -8.954
 39.80  -8.953
 39.91  -8.951
 40.01  -8.950
 40.12  -8.948
 40.22  -8.946
 40.32  -8.945
 40.43  -8.943
 40.54  -8.941
 40.64  -8.940
 40.74  -8.938
 40.85  -8.936
 40.95  -8.934
 41.05  -8.933
 41.16  -8.931
 41.26  -8.929
 41.37  -8.927
 41.47  -8.925
 41.57  -8.923
 41.68  -8.922
 41.78  -8.920
 41.88  -8.918
 41.99  -8.916
 42.09  -8.914
 42.19  -8.912
 42.30  -8.910
 42.40  -8.908
 42.50  -8.906
 42.61  -8.904
 42.71  -8.902
 42.82  -8.900
 42.92  -8.898
 43.02  -8.896
 43.12  -8.893
 43.23  -8.891
 43.33  -8.889
 43.44  -8.887
 43.54  -8.885
 43.64  -8.883
 43.75  -8.880
 43.85  -8.878
 43.96  -8.876
 44.06  -8.874
 44.17  -8.872
 44.27  -8.869
 44.37  -8.867
 44.48  -8.865
 44.58  -8.863
 44.68  -8.861
 44.79  -8.858
 44.89  -8.856
 44.99  -8.854
 45.10  -8.852
 45.20  -8.850
 45.31  -8.847
 45.41  -8.845
 45.52  -8.843
 45.62  -8.841
 45.72  -8.838
 45.83  -8.836
 45.93  -8.834
 46.04  -8.831
 46.14  -8.829
 46.24  -8.826
 46.35  -8.824
 46.45  -8.822
 46.56  -8.819
 46.66  -8.817
 46.76  -8.814
 46.87  -8.812
 46.97  -8.810
 47.08  -8.807
 47.18  -8.805
 47.29  -8.802
 47.39  -8.800
 47.50  -8.798
 47.60  -8.795
 47.70  -8.793
 47.81  -8.791
 47.91  -8.788
 48.02  -8.786
 48.12  -8.784
 48.22  -8.781
 48.32  -8.779
 48.43  -8.777
 48.53  -8.774
 48.64  -8.772
 48.74  -8.769
 48.85  -8.767
 48.95  -8.765
 49.05  -8.762
 49.16  -8.760
 49.26  -8.757
 49.37  -8.755
 49.47  -8.752
 49.58  -8.750
 49.68  -8.747
 49.78  -8.745
 49.89  -8.742
 49.99  -8.740
 50.10  -8.737
 50.20  -8.735
 50.30  -8.732
 50.40  -8.729
 50.50  -8.727
 50.61  -8.724
 50.71  -8.721
 50.82  -8.719
 50.92  -8.716
 51.02  -8.713
 51.13  -8.710
 51.23  -8.707
 51.34  -8.704
 51.44  -8.701
 51.55  -8.698
 51.65  -8.695
 51.75  -8.692
 51.86  -8.689
 51.96  -8.686
 52.07  -8.683
 52.17  -8.680
 52.27  -8.677
 52.38  -8.674
 52.48  -8.671
 52.59  -8.668
 52.69  -8.666
 52.80  -8.663
 52.90  -8.661
 53.00  -8.658
 53.11  -8.656
 53.22  -8.653
 53.32  -8.651
 53.43  -8.648
 53.53  -8.646
 53.63  -8.643
 53.74  -8.641
 53.84  -8.638
 53.95  -8.635
 54.05  -8.633
 54.15  -8.630
 54.26  -8.627
 54.36  -8.624
 54.46  -8.620
 54.57  -8.617
 54.68  -8.614
 54.78  -8.610
 54.88  -8.607
 54.98  -8.604
 55.08  -8.600
 55.19  -8.597
 55.29  -8.593
 55.40  -8.590
 55.50  -8.586
 55.61  -8.583
 55.71  -8.579
 55.82  -8.576
 55.92  -8.573
 56.02  -8.569
 56.13  -8.566
 56.24  -8.563
 56.34  -8.559
 56.45  -8.556
 56.55  -8.553
 56.66  -8.550
 56.77  -8.546
 56.87  -8.543
 56.98  -8.540
 57.08  -8.536
 57.19  -8.533
 57.29  -8.530
 57.40  -8.527
 57.50  -8.524
 57.60  -8.521
 57.71  -8.518
 57.81  -8.515
 57.92  -8.512
 58.03  -8.509
 58.13  -8.506
 58.23  -8.503
 58.33  -8.500
 58.44  -8.497
 58.54  -8.495
 58.65  -8.492
 58.75  -8.489
 58.85  -8.486
 58.96  -8.483
 59.06  -8.480
 59.16  -8.477
 59.28  -8.474
 59.38  -8.471
 59.48  -8.468
 59.59  -8.465
 59.69  -8.462
 59.79  -8.459
 59.90  -8.456
 60.00  -8.452
 60.10  -8.449
 60.20  -8.446
 60.31  -8.443
 60.41  -8.440
 60.51  -8.436
 60.62  -8.433
 60.72  -8.430
 60.82  -8.426
 60.93  -8.423
 61.03  -8.419
 61.13  -8.416
 61.24  -8.412
 61.34  -8.409
 61.44  -8.405
 61.55  -8.401
 61.65  -8.398
 61.76  -8.394
 61.86  -8.390
 61.97  -8.387
 62.07  -8.383
 62.17  -8.379
 62.28  -8.376
 62.38  -8.372
 62.49  -8.368
 62.59  -8.365
 62.69  -8.361
 62.80  -8.358
 62.90  -8.354
 63.01  -8.351
 63.11  -8.347
 63.22  -8.344
 63.32  -8.341
 63.42  -8.337
 63.53  -8.334
 63.63  -8.330
 63.73  -8.327
 63.84  -8.323
 63.94  -8.320
 64.05  -8.317
 64.15  -8.313
 64.25  -8.310
 64.35  -8.306
 64.46  -8.302
 64.56  -8.299
 64.67  -8.295
 64.77  -8.292
 64.88  -8.288
 64.98  -8.285
 65.08  -8.281
 65.19  -8.277
 65.29  -8.274
 65.40  -8.270
 65.50  -8.267
 65.61  -8.264
 65.71  -8.260
 65.82  -8.257
 65.92  -8.254
 66.02  -8.251
 66.12  -8.248
 66.23  -8.245
 66.33  -8.242
 66.44  -8.239
 66.54  -8.236
 66.63  -8.233
 66.73  -8.230
 66.83  -8.227
 66.93  -8.224
 67.04  -8.221
 67.14  -8.218
 67.24  -8.215
 67.34  -8.212
 67.44  -8.209
 67.54  -8.206
 67.64  -8.203
 67.75  -8.200
 67.85  -8.196
 67.95  -8.193
 68.05  -8.189
 68.15  -8.186
 68.25  -8.183
 68.35  -8.179
 68.46  -8.176
 68.55  -8.172
 68.65  -8.169
 68.75  -8.165
 68.85  -8.162
 68.96  -8.158
 69.06  -8.154
 69.16  -8.151
 69.26  -8.147
 69.36  -8.144
 69.46  -8.140
 69.56  -8.136
 69.66  -8.133
 69.76  -8.129
 69.87  -8.125
 69.97  -8.122
 70.06  -8.118
 70.17  -8.114
 70.37  -8.107
 70.47  -8.103
 70.57  -8.100
 70.67  -8.096
 70.77  -8.093
 70.87  -8.089
 70.98  -8.086
 71.08  -8.083
 71.18  -8.079
 71.28  -8.076
 71.38  -8.073
 71.49  -8.069
 71.59  -8.066
 71.69  -8.063
 71.79  -8.060
 71.89  -8.056
 71.99  -8.053
 72.10  -8.050
 72.20  -8.047
 72.30  -8.043
 72.41  -8.040
 72.51  -8.037
 72.61  -8.033
 72.71  -8.030
 72.81  -8.027
 72.92  -8.023
 73.02  -8.020
 73.12  -8.017
 73.22  -8.013
 73.33  -8.010
 73.43  -8.007
 73.53  -8.003
 73.63  -8.000
 73.73  -7.997
 73.83  -7.993
 73.93  -7.990
 74.04  -7.986
 74.14  -7.983
 74.24  -7.979
 74.34  -7.976
 74.44  -7.972
 74.55  -7.968
 74.65  -7.965
 74.75  -7.961
 74.86  -7.958
 74.96  -7.954
 75.06  -7.950
 75.16  -7.947
 75.26  -7.943
 75.37  -7.940
 75.47  -7.936
 75.57  -7.933
 75.67  -7.930
 75.78  -7.927
 75.88  -7.924
 75.98  -7.921
 76.08  -7.918
 76.19  -7.915
 76.29  -7.912
 76.39  -7.909
 76.50  -7.906
 76.60  -7.904
 76.70  -7.901
 76.81  -7.898
 76.91  -7.895
 77.01  -7.892
 77.11  -7.889
 77.21  -7.885
 77.32  -7.881
 77.42  -7.878
 77.52  -7.873
 77.62  -7.869
 77.72  -7.865
 77.83  -7.861
 77.94  -7.857
 78.04  -7.852
 78.14  -7.848
 78.25  -7.844
 78.35  -7.839
 78.45  -7.835
 78.56  -7.831
 78.66  -7.827
 78.76  -7.823
 78.86  -7.819
 78.96  -7.815
 79.06  -7.812
 79.17  -7.808
 79.27  -7.805
 79.37  -7.802
 79.48  -7.799
 79.58  -7.795
 79.68  -7.792
 79.78  -7.789
 79.89  -7.786
 79.99  -7.783
 80.09  -7.780
 80.19  -7.777
 80.29  -7.774
 80.40  -7.771
 80.50  -7.768
 80.60  -7.764
 80.70  -7.761
 80.81  -7.758
 80.91  -7.755
 81.01  -7.751
 81.12  -7.748
 81.22  -7.745
 81.32  -7.742
 81.42  -7.738
 81.53  -7.735
 81.63  -7.732
 81.73  -7.728
 81.84  -7.725
 81.94  -7.722
 82.04  -7.719
 82.14  -7.715
 82.24  -7.712
 82.34  -7.709
 82.45  -7.706
 82.55  -7.702
 82.65  -7.699
 82.75  -7.696
 82.85  -7.693
 82.95  -7.689
 83.05  -7.686
 83.16  -7.683
 83.26  -7.679
 83.36  -7.676
 83.46  -7.673
 83.56  -7.669
 83.66  -7.666
 83.76  -7.662
 83.86  -7.659
 83.96  -7.655
 84.06  -7.651
 84.17  -7.647
 84.26  -7.643
 84.37  -7.640
 84.47  -7.636
 84.57  -7.632
 84.67  -7.628
 84.77  -7.624
 84.87  -7.620
 84.97  -7.616
 85.08  -7.613
 85.18  -7.609
 85.28  -7.605
 85.38  -7.601
 85.48  -7.598
 85.59  -7.595
 85.69  -7.591
 85.79  -7.588
 85.89  -7.585
 85.99  -7.582
 86.09  -7.579
 86.19  -7.575
 86.30  -7.572
 86.40  -7.569
 86.50  -7.566
 86.60  -7.562
 86.70  -7.559
 86.81  -7.556
 86.91  -7.552
 87.01  -7.549
 87.12  -7.545
 87.22  -7.541
 87.32  -7.537
 87.42  -7.533
 87.53  -7.529
 87.63  -7.525
 87.73  -7.521
 87.84  -7.517
 87.93  -7.512
 88.04  -7.508
 88.14  -7.504
 88.24  -7.500
 88.34  -7.496
 88.45  -7.491
 88.55  -7.487
 88.65  -7.483
 88.76  -7.478
 88.86  -7.474
 88.96  -7.469
 89.07  -7.465
 89.17  -7.460
 89.27  -7.456
 89.38  -7.451
 89.48  -7.447
 89.59  -7.442
 89.69  -7.438
 89.80  -7.433
 89.90  -7.429
 90.00  -7.424
 90.11  -7.420
 90.21  -7.416
 90.31  -7.411
 90.42  -7.408
 90.52  -7.404
 90.63  -7.400
 90.73  -7.397
 90.84  -7.393
 90.94  -7.390
 91.04  -7.386
 91.14  -7.383
 91.25  -7.379
 91.35  -7.376
 91.46  -7.373
 91.56  -7.369
 91.67  -7.366
 91.77  -7.362
 91.88  -7.359
 91.98  -7.355
 92.09  -7.351
 92.19  -7.347
 92.29  -7.343
 92.40  -7.339
 92.50  -7.335
 92.60  -7.331
 92.71  -7.326
 92.81  -7.322
 92.92  -7.318
 93.02  -7.314
 93.13  -7.309
 93.23  -7.305
 93.34  -7.301
 93.44  -7.296
 93.55  -7.292
 93.65  -7.288
 93.75  -7.283
 93.86  -7.279
 93.96  -7.275
 94.07  -7.270
 94.17  -7.266
 94.27  -7.262
 94.37  -7.258
 94.48  -7.253
 94.59  -7.249
 94.69  -7.245
 94.80  -7.240
 94.91  -7.236
 95.01  -7.232
 95.12  -7.227
 95.23  -7.223
 95.33  -7.219
 95.44  -7.215
 95.54  -7.211
 95.64  -7.207
 95.74  -7.203
 95.85  -7.199
 95.96  -7.195
 96.07  -7.191
 96.17  -7.187
 96.28  -7.183
 96.38  -7.179
 96.49  -7.176
 96.59  -7.172
 96.70  -7.168
 96.80  -7.164
 96.90  -7.160
 97.01  -7.155
 97.11  -7.151
 97.22  -7.147
 97.32  -7.143
 97.42  -7.138
 97.53  -7.134
 97.63  -7.129
 97.73  -7.125
 97.84  -7.120
 97.95  -7.116
 98.05  -7.111
 98.15  -7.107
 98.25  -7.102
 98.36  -7.098
 98.47  -7.094
 98.57  -7.089
 98.68  -7.085
 98.78  -7.080
 98.88  -7.076
 98.99  -7.072
 99.09  -7.067
 99.20  -7.063
 99.31  -7.059
 99.41  -7.054
 99.51  -7.050
 99.62  -7.046
 99.73  -7.042
 99.84  -7.037
 99.95  -7.033
100.05  -7.029
100.15  -7.025
100.26  -7.021
100.36  -7.017
100.47  -7.013
100.57  -7.009
100.67  -7.006
100.78  -7.002
100.88  -6.998
100.99  -6.995
101.11  -6.991
101.21  -6.987
101.31  -6.984
101.41  -6.980
101.52  -6.976
101.62  -6.973
101.73  -6.969
101.83  -6.965
101.93  -6.962
102.03  -6.958
102.14  -6.954
102.24  -6.949
102.35  -6.945
102.44  -6.941
102.54  -6.936
102.64  -6.932
102.74  -6.927
102.84  -6.923
102.94  -6.919
103.04  -6.914
103.14  -6.910
103.24  -6.905
103.35  -6.901
103.45  -6.897
103.55  -6.892
103.66  -6.888
103.76  -6.884
103.86  -6.880
103.96  -6.876
104.06  -6.872
104.17  -6.869
104.27  -6.865
104.37  -6.861
104.48  -6.857
104.58  -6.854
104.68  -6.850
104.78  -6.846
104.89  -6.843
104.99  -6.839
105.09  -6.835
105.20  -6.832
105.30  -6.828
105.40  -6.824
105.50  -6.820
105.61  -6.817
105.71  -6.813
105.82  -6.809
105.92  -6.806
106.02  -6.802
106.13  -6.798
106.23  -6.794
106.33  -6.791
106.43  -6.787
106.53  -6.783
106.64  -6.779
106.74  -6.776
106.84  -6.772
106.94  -6.768
107.04  -6.764
107.14  -6.760
107.25  -6.756
107.35  -6.752
107.45  -6.748
107.56  -6.744
107.66  -6.740
107.76  -6.736
107.86  -6.732
107.96  -6.728
108.07  -6.723
108.17  -6.719
108.27  -6.715
108.37  -6.711
108.47  -6.707
108.58  -6.703
108.68  -6.699
108.78  -6.695
108.88  -6.692
108.98  -6.688
109.09  -6.684
109.19  -6.681
109.29  -6.677
109.39  -6.673
109.49  -6.669
109.59  -6.666
109.69  -6.662
109.80  -6.658
109.90  -6.654
110.01  -6.650
110.11  -6.646
110.21  -6.642
110.31  -6.637
110.42  -6.633
110.52  -6.628
110.62  -6.623
110.72  -6.618
110.82  -6.613
110.93  -6.608
111.03  -6.603
111.13  -6.598
111.24  -6.593
111.34  -6.588
111.44  -6.583
111.54  -6.578
111.64  -6.573
111.75  -6.569
111.85  -6.564
111.95  -6.559
112.05  -6.555
112.15  -6.551
112.26  -6.547
112.36  -6.543
112.47  -6.539
112.57  -6.535
112.67  -6.531
112.77  -6.527
112.87  -6.523
112.98  -6.520
113.08  -6.516
113.18  -6.512
113.28  -6.508
113.38  -6.505
113.49  -6.501
113.59  -6.498
113.69  -6.494
113.79  -6.491
113.90  -6.488
114.00  -6.484
114.10  -6.481
114.21  -6.477
114.31  -6.474
114.41  -6.471
114.51  -6.467
114.61  -6.464
114.71  -6.460
114.82  -6.457
114.92  -6.453
115.02  -6.450
115.13  -6.446
115.22  -6.442
115.33  -6.437
115.43  -6.433
115.53  -6.429
115.64  -6.424
115.74  -6.420
115.83  -6.415
115.94  -6.410
116.04  -6.405
116.15  -6.400
116.25  -6.396
116.35  -6.391
116.45  -6.386
116.55  -6.381
116.66  -6.376
116.76  -6.371
116.86  -6.366
116.96  -6.361
117.07  -6.357
117.17  -6.352
117.27  -6.347
117.38  -6.342
117.48  -6.337
117.58  -6.332
117.68  -6.328
117.79  -6.323
117.89  -6.318
117.99  -6.313
118.10  -6.308
118.20  -6.302
118.30  -6.297
118.40  -6.292
118.51  -6.287
118.61  -6.281
118.71  -6.276
118.82  -6.270
118.92  -6.265
119.02  -6.259
119.12  -6.254
119.23  -6.248
119.33  -6.243
119.43  -6.237
119.54  -6.231
119.64  -6.226
119.74  -6.220
119.85  -6.214
119.95  -6.209
120.05  -6.203
120.15  -6.197
120.26  -6.192
120.36  -6.186
120.46  -6.180
120.56  -6.175
120.66  -6.169
120.76  -6.163
120.87  -6.158
120.97  -6.152
121.08  -6.146
121.18  -6.140
121.28  -6.134
121.38  -6.129
121.49  -6.123
121.59  -6.117
121.69  -6.112
121.80  -6.106
121.90  -6.101
122.00  -6.095
122.10  -6.090
122.21  -6.085
122.31  -6.079
122.41  -6.074
122.51  -6.068
122.62  -6.063
122.72  -6.058
122.82  -6.052
122.93  -6.047
123.03  -6.041
123.13  -6.036
123.23  -6.030
123.34  -6.024
123.43  -6.018
123.54  -6.011
123.64  -6.005
123.74  -5.998
123.84  -5.991
123.95  -5.984
124.05  -5.978
124.15  -5.971
124.25  -5.964
124.36  -5.957
124.46  -5.951
124.56  -5.944
124.66  -5.937
124.77  -5.931
124.87  -5.925
124.97  -5.919
125.07  -5.914
125.17  -5.909
125.28  -5.905
125.38  -5.900
125.48  -5.896
125.59  -5.892
125.68  -5.888
125.79  -5.884
125.89  -5.880
125.99  -5.876
126.10  -5.872
126.20  -5.868
126.30  -5.864
126.40  -5.859
126.50  -5.855
126.61  -5.850
126.71  -5.845
126.82  -5.839
126.92  -5.834
127.02  -5.828
127.12  -5.822
127.23  -5.815
127.33  -5.809
127.43  -5.803
127.54  -5.797
127.63  -5.790
127.73  -5.784
127.84  -5.778
127.94  -5.771
128.05  -5.765
128.15  -5.759
128.25  -5.753
128.35  -5.747
128.46  -5.741
128.56  -5.736
128.66  -5.730
128.77  -5.725
128.87  -5.719
128.97  -5.714
129.07  -5.708
129.18  -5.703
129.28  -5.697
129.39  -5.691
129.49  -5.686
129.59  -5.680
129.69  -5.675
129.79  -5.669
129.89  -5.663
129.99  -5.657
130.10  -5.651
130.20  -5.645
130.30  -5.639
130.40  -5.633
130.50  -5.627
130.60  -5.621
130.70  -5.615
130.80  -5.609
130.90  -5.602
131.01  -5.596
131.11  -5.590
131.21  -5.584
131.31  -5.578
131.41  -5.572
131.51  -5.566
131.61  -5.560
131.71  -5.555
131.81  -5.549
131.92  -5.543
132.01  -5.538
132.11  -5.532
132.22  -5.526
132.32  -5.521
132.42  -5.515
132.52  -5.510
132.62  -5.504
132.72  -5.499
132.82  -5.493
132.92  -5.487
133.02  -5.481
133.12  -5.475
133.22  -5.469
133.32  -5.463
133.43  -5.457
133.53  -5.450
133.63  -5.444
133.73  -5.437
133.83  -5.431
133.93  -5.424
134.03  -5.418
134.13  -5.411
134.24  -5.405
134.34  -5.398
134.43  -5.392
134.53  -5.386
134.64  -5.380
134.74  -5.374
134.84  -5.369
134.94  -5.364
135.04  -5.359
135.25  -5.349
135.35  -5.344
135.45  -5.340
135.56  -5.335
135.66  -5.331
135.76  -5.326
135.86  -5.322
135.97  -5.317
136.07  -5.313
136.17  -5.308
136.27  -5.303
136.38  -5.298
136.48  -5.293
136.58  -5.288
136.68  -5.283
136.78  -5.277
136.87  -5.272
136.97  -5.266
137.08  -5.260
137.18  -5.255
137.27  -5.249
137.37  -5.244
137.47  -5.238
137.57  -5.232
137.67  -5.227
137.77  -5.221
137.87  -5.216
137.97  -5.210
138.06  -5.205
138.16  -5.200
138.26  -5.194
138.36  -5.189
138.46  -5.184
138.56  -5.179
138.66  -5.174
138.76  -5.169
138.86  -5.164
138.96  -5.158
139.06  -5.153
139.16  -5.148
139.25  -5.143
139.35  -5.138
139.45  -5.132
139.55  -5.127
139.65  -5.121
139.74  -5.116
139.84  -5.110
139.94  -5.105
140.04  -5.099
140.14  -5.093
140.24  -5.087
140.34  -5.082
140.44  -5.076
140.53  -5.070
140.63  -5.065
140.73  -5.059
140.83  -5.054
140.93  -5.048
141.03  -5.043
141.13  -5.037
141.22  -5.032
141.32  -5.027
141.42  -5.022
141.52  -5.017
141.62  -5.012
141.72  -5.008
141.82  -5.003
141.92  -4.998
142.02  -4.993
142.12  -4.988
142.22  -4.983
142.32  -4.979
142.42  -4.974
142.52  -4.969
142.62  -4.964
142.72  -4.960
142.82  -4.955
142.92  -4.951
143.02  -4.946
143.12  -4.942
143.22  -4.937
143.32  -4.933
143.41  -4.928
143.51  -4.923
143.61  -4.919
143.71  -4.914
143.81  -4.910
143.91  -4.905
144.00  -4.900
144.10  -4.895
144.20  -4.890
144.29  -4.884
144.39  -4.878
144.49  -4.872
144.59  -4.866
144.69  -4.859
144.78  -4.853
144.88  -4.846
144.98  -4.839
145.08  -4.832
145.18  -4.826
145.28  -4.819
145.38  -4.812
145.48  -4.806
145.58  -4.799
145.68  -4.793
145.78  -4.786
145.88  -4.780
145.98  -4.774
146.07  -4.768
146.17  -4.763
146.27  -4.757
146.37  -4.752
146.47  -4.747
146.57  -4.742
146.66  -4.737
146.76  -4.732
146.86  -4.727
146.96  -4.722
147.06  -4.717
147.16  -4.712
147.26  -4.707
147.36  -4.703
147.46  -4.698
147.56  -4.694
147.66  -4.689
147.75  -4.685
147.85  -4.681
147.95  -4.676
148.06  -4.672
148.15  -4.668
148.25  -4.664
148.35  -4.660
148.45  -4.655
148.55  -4.651
148.65  -4.647
148.75  -4.643
148.85  -4.638
148.94  -4.634
149.04  -4.629
149.14  -4.624
149.25  -4.619
149.35  -4.614
149.45  -4.608
149.54  -4.603
149.64  -4.597
149.74  -4.591
149.84  -4.586
149.95  -4.580
150.05  -4.574
150.14  -4.568
150.24  -4.563
150.34  -4.557
150.44  -4.552
150.54  -4.546
150.64  -4.541
150.74  -4.535
150.84  -4.530
150.95  -4.525
151.04  -4.521
151.15  -4.516
151.25  -4.511
151.35  -4.506
151.45  -4.502
151.55  -4.497
151.65  -4.492
151.75  -4.488
151.85  -4.483
151.95  -4.478
152.05  -4.474
152.15  -4.469
152.25  -4.464
152.36  -4.459
152.45  -4.454
152.55  -4.449
152.65  -4.445
152.76  -4.440
152.85  -4.435
152.96  -4.430
153.06  -4.425
153.16  -4.420
153.26  -4.415
153.36  -4.410
153.46  -4.405
153.56  -4.400
153.66  -4.395
153.76  -4.391
153.86  -4.386
153.96  -4.380
154.06  -4.375
154.16  -4.370
154.26  -4.365
154.36  -4.360
154.45  -4.355
154.56  -4.350
154.65  -4.345
154.76  -4.339
154.86  -4.334
154.95  -4.329
155.05  -4.324
155.15  -4.319
155.25  -4.314
155.35  -4.309
155.45  -4.304
155.55  -4.300
155.66  -4.296
155.75  -4.291
155.85  -4.287
155.95  -4.283
156.05  -4.279
156.15  -4.275
156.25  -4.271
156.35  -4.267
156.45  -4.263
156.55  -4.259
156.65  -4.254
156.75  -4.250
156.85  -4.246
156.95  -4.241
157.05  -4.237
157.15  -4.231
157.25  -4.226
157.35  -4.220
157.45  -4.215
157.54  -4.209
157.65  -4.203
157.75  -4.197
157.85  -4.191
157.95  -4.185
158.05  -4.180
158.15  -4.174
158.25  -4.168
158.35  -4.162
158.45  -4.156
158.55  -4.151
158.65  -4.146
158.75  -4.141
158.85  -4.136
158.95  -4.131
159.05  -4.127
159.15  -4.122
159.25  -4.118
159.35  -4.114
159.45  -4.110
159.55  -4.105
159.65  -4.101
159.75  -4.097
159.85  -4.093
159.95  -4.088
160.05  -4.084
160.15  -4.080
160.25  -4.075
160.35  -4.071
160.45  -4.066
160.55  -4.061
160.66  -4.056
160.76  -4.051
160.86  -4.046
160.96  -4.041
161.06  -4.036
161.16  -4.031
161.26  -4.026
161.46  -4.016
161.56  -4.011
161.67  -4.006
161.77  -4.001
161.87  -3.996
161.97  -3.991
162.07  -3.986
162.17  -3.982
162.27  -3.977
162.37  -3.972
162.47  -3.967
162.57  -3.963
162.67  -3.958
162.77  -3.953
162.87  -3.949
162.97  -3.944
163.08  -3.939
163.17  -3.934
163.28  -3.930
163.38  -3.925
163.48  -3.920
163.58  -3.915
163.68  -3.910
163.78  -3.905
163.88  -3.900
163.98  -3.895
164.09  -3.890
164.19  -3.885
164.29  -3.880
164.39  -3.876
164.49  -3.871
164.59  -3.866
164.69  -3.861
164.79  -3.856
165.09  -3.841
165.19  -3.836
165.29  -3.831
165.39  -3.826
165.49  -3.821
165.59  -3.816
165.69  -3.811
165.79  -3.806
165.89  -3.802
165.99  -3.797
166.09  -3.792
166.20  -3.787
166.30  -3.782
166.40  -3.777
166.50  -3.772
166.60  -3.767
166.70  -3.762
166.80  -3.757
167.00  -3.747
167.10  -3.741
167.20  -3.736
167.30  -3.731
167.40  -3.725
167.50  -3.720
167.60  -3.715
167.70  -3.709
167.80  -3.704
167.90  -3.699
168.00  -3.694
168.10  -3.689
168.20  -3.684
168.30  -3.679
168.40  -3.675
168.50  -3.670
168.60  -3.666
168.70  -3.662
168.79  -3.659
168.89  -3.655
168.99  -3.651
169.09  -3.647
169.19  -3.643
169.29  -3.640
169.39  -3.636
169.49  -3.632
169.58  -3.628
169.68  -3.624
169.78  -3.620
169.88  -3.616
169.98  -3.612
170.08  -3.607
170.17  -3.603
170.26  -3.598
170.36  -3.593
170.46  -3.588
170.56  -3.584
170.66  -3.579
170.75  -3.574
170.84  -3.569
170.94  -3.564
171.04  -3.560
171.13  -3.555
171.23  -3.550
171.32  -3.545
171.42  -3.540
171.52  -3.535
171.61  -3.530
171.71  -3.524
171.81  -3.519
171.90  -3.514
172.00  -3.509
172.09  -3.504
172.19  -3.499
172.29  -3.494
172.38  -3.489
172.48  -3.484
172.57  -3.479
172.66  -3.474
172.76  -3.469
172.86  -3.464
172.95  -3.460
173.05  -3.455
173.14  -3.451
173.24  -3.447
173.33  -3.444
173.43  -3.440
173.52  -3.436
173.62  -3.432
173.71  -3.429
173.80  -3.425
173.90  -3.422
174.00  -3.418
174.09  -3.414
174.19  -3.411
174.28  -3.407
174.38  -3.404
174.47  -3.400
174.57  -3.396
174.67  -3.392
174.76  -3.388
174.86  -3.383
174.95  -3.379
175.05  -3.375
175.15  -3.370
175.24  -3.366
175.34  -3.362
175.43  -3.357
175.53  -3.353
175.63  -3.349
175.72  -3.345
175.82  -3.340
175.92  -3.336
176.01  -3.332
176.21  -3.324
176.30  -3.320
176.40  -3.317
176.50  -3.313
176.59  -3.309
176.69  -3.305
176.79  -3.302
176.88  -3.298
176.98  -3.294
177.07  -3.290
177.17  -3.287
177.26  -3.283
177.36  -3.279
177.45  -3.276
177.55  -3.272
177.65  -3.268
177.74  -3.264
177.84  -3.261
177.93  -3.257
178.03  -3.253
178.13  -3.249
178.23  -3.245
178.32  -3.242
178.42  -3.238
178.52  -3.234
178.61  -3.230
178.71  -3.227
178.81  -3.223
178.90  -3.219
179.00  -3.215
179.09  -3.212
179.19  -3.208
179.29  -3.204
179.38  -3.201
179.48  -3.197
179.58  -3.193
179.68  -3.190
179.78  -3.186
179.87  -3.182
179.97  -3.179
180.07  -3.175
180.16  -3.171
180.26  -3.168
180.36  -3.164
180.46  -3.160
180.55  -3.156
180.65  -3.153
180.74  -3.149
180.84  -3.145
180.94  -3.142
181.04  -3.138
181.14  -3.134
181.23  -3.130
181.33  -3.127
181.43  -3.123
181.52  -3.119
181.62  -3.115
181.72  -3.112
181.81  -3.108
181.92  -3.104
182.01  -3.100
182.11  -3.097
182.20  -3.093
182.30  -3.089
182.40  -3.085
182.49  -3.081
182.59  -3.077
182.69  -3.074
182.79  -3.070
182.89  -3.066
182.98  -3.062
183.08  -3.058
183.17  -3.054
183.27  -3.050
183.37  -3.047
183.47  -3.043
183.57  -3.039
183.66  -3.035
183.76  -3.032
183.86  -3.028
183.95  -3.025
184.05  -3.021
184.15  -3.018
184.24  -3.015
184.34  -3.011
184.43  -3.008
184.53  -3.005
184.63  -3.001
184.72  -2.998
184.82  -2.995
184.91  -2.991
185.01  -2.988
185.10  -2.985
185.20  -2.981
185.30  -2.978
185.39  -2.974
185.48  -2.971
185.58  -2.967
185.68  -2.964
185.78  -2.960
185.87  -2.956
185.97  -2.953
186.06  -2.949
186.16  -2.945
186.26  -2.941
186.36  -2.938
186.45  -2.934
186.55  -2.930
186.64  -2.927
186.74  -2.923
186.84  -2.919
186.94  -2.915
187.04  -2.912
187.13  -2.908
187.23  -2.904
187.33  -2.900
187.42  -2.897
187.52  -2.893
187.62  -2.889
187.71  -2.885
187.81  -2.882
187.91  -2.878
188.01  -2.874
188.11  -2.870
188.20  -2.867
188.30  -2.863
188.40  -2.860
188.49  -2.856
188.59  -2.853
188.69  -2.849
188.79  -2.846
188.88  -2.843
188.98  -2.839
189.08  -2.836
189.17  -2.833
189.27  -2.829
189.37  -2.826
189.46  -2.823
189.56  -2.819
189.66  -2.816
189.75  -2.813
189.85  -2.809
189.95  -2.806
190.04  -2.802
190.14  -2.799
190.24  -2.795
190.33  -2.791
190.43  -2.788
190.53  -2.784
190.62  -2.780
190.72  -2.777
190.82  -2.773
190.91  -2.769
191.01  -2.766
191.11  -2.762
191.21  -2.758
191.31  -2.755
191.40  -2.751
191.50  -2.747
191.60  -2.744
191.70  -2.740
191.79  -2.736
191.89  -2.733
191.98  -2.729
192.08  -2.725
192.18  -2.722
192.27  -2.718
192.37  -2.715
192.47  -2.711
192.57  -2.707
192.66  -2.704
192.76  -2.700
192.85  -2.697
193.05  -2.690
193.14  -2.687
193.24  -2.684
193.33  -2.681
193.43  -2.678
193.53  -2.674
193.62  -2.671
193.72  -2.668
193.81  -2.665
193.91  -2.662
194.01  -2.659
194.11  -2.656
194.20  -2.653
194.30  -2.651
194.40  -2.648
194.49  -2.645
194.59  -2.642
194.69  -2.639
194.78  -2.636
194.88  -2.633
194.97  -2.630
195.07  -2.627
195.17  -2.625
195.26  -2.622
195.36  -2.619
195.45  -2.616
195.55  -2.613
195.65  -2.610
195.74  -2.607
195.84  -2.604
195.94  -2.601
196.04  -2.597
196.14  -2.594
196.24  -2.591
196.33  -2.587
196.43  -2.584
196.53  -2.580
196.62  -2.577
196.72  -2.573
196.82  -2.569
196.91  -2.565
197.01  -2.562
197.11  -2.558
197.21  -2.554
197.30  -2.550
197.40  -2.546
197.59  -2.538
197.69  -2.534
197.79  -2.530
197.88  -2.526
197.98  -2.522
198.08  -2.518
198.18  -2.514
198.27  -2.510
198.37  -2.506
198.46  -2.503
198.56  -2.499
198.66  -2.495
198.76  -2.491
198.85  -2.487
198.95  -2.483
199.04  -2.479
199.14  -2.475
199.24  -2.472
199.34  -2.468
199.43  -2.465
199.53  -2.462
199.63  -2.458
199.73  -2.455
199.82  -2.452
199.92  -2.449
200.01  -2.446
200.11  -2.443
200.20  -2.440
200.30  -2.437
200.40  -2.434
200.50  -2.431
200.59  -2.428
200.69  -2.425
200.78  -2.422
200.88  -2.419
200.98  -2.416
201.07  -2.413
201.17  -2.410
201.27  -2.407
201.37  -2.404
201.46  -2.401
201.56  -2.398
201.65  -2.395
201.75  -2.392
201.85  -2.389
201.95  -2.386
202.04  -2.383
202.14  -2.380
202.24  -2.376
202.34  -2.373
202.43  -2.370
202.53  -2.367
202.63  -2.363
202.72  -2.360
202.82  -2.357
202.91  -2.353
203.01  -2.350
203.10  -2.347
203.19  -2.343
203.29  -2.340
203.38  -2.337
203.47  -2.333
203.57  -2.330
203.66  -2.326
203.75  -2.323
203.85  -2.319
203.94  -2.316
204.03  -2.312
204.12  -2.309
204.21  -2.306
204.31  -2.302
204.40  -2.299
204.49  -2.295
204.58  -2.292
204.68  -2.288
204.86  -2.281
204.95  -2.278
205.04  -2.275
205.13  -2.271
205.23  -2.268
205.32  -2.264
205.41  -2.261
205.51  -2.258
205.60  -2.254
205.69  -2.251
205.79  -2.248
205.88  -2.244
205.97  -2.241
206.06  -2.238
206.16  -2.234
206.25  -2.231
206.34  -2.228
206.43  -2.224
206.53  -2.221
206.62  -2.218
206.71  -2.214
206.81  -2.211
206.90  -2.208
206.99  -2.205
207.08  -2.201
207.17  -2.198
207.27  -2.195
207.36  -2.192
207.45  -2.188
207.55  -2.185
207.64  -2.182
207.73  -2.178
207.83  -2.175
207.92  -2.172
208.01  -2.168
208.10  -2.165
208.20  -2.161
208.29  -2.158
208.38  -2.154
208.47  -2.151
208.56  -2.147
208.66  -2.144
208.75  -2.140
208.84  -2.136
208.94  -2.133
209.03  -2.129
209.13  -2.125
209.22  -2.122
209.31  -2.118
209.40  -2.114
209.49  -2.110
209.59  -2.107
209.69  -2.103
209.78  -2.099
209.87  -2.095
209.96  -2.091
210.06  -2.088
210.15  -2.084
210.24  -2.080
210.33  -2.076
210.43  -2.073
210.52  -2.069
210.62  -2.065
210.71  -2.061
210.81  -2.057
210.90  -2.054
210.99  -2.050
211.08  -2.046
211.17  -2.043
211.26  -2.039
211.36  -2.036
211.45  -2.032
211.54  -2.029
211.64  -2.026
211.73  -2.022
211.83  -2.019
211.92  -2.016
212.01  -2.013
212.10  -2.010
212.19  -2.006
212.29  -2.003
212.38  -2.000
212.47  -1.997
212.56  -1.994
212.65  -1.990
212.75  -1.987
212.84  -1.984
212.93  -1.981
213.03  -1.977
213.12  -1.974
213.22  -1.971
213.31  -1.967
213.40  -1.964
213.50  -1.960
213.59  -1.957
213.68  -1.953
213.78  -1.950
213.87  -1.947
213.96  -1.943
214.05  -1.940
214.15  -1.936
214.24  -1.933
214.33  -1.929
214.42  -1.926
214.51  -1.923
214.61  -1.919
214.71  -1.916
214.80  -1.913
214.89  -1.909
214.98  -1.906
215.07  -1.902
215.17  -1.899
215.26  -1.895
215.35  -1.892
215.45  -1.888
215.54  -1.885
215.64  -1.881
215.73  -1.877
215.82  -1.873
215.92  -1.869
216.01  -1.865
216.10  -1.860
216.19  -1.856
216.29  -1.852
216.38  -1.847
216.47  -1.843
216.57  -1.839
216.66  -1.834
216.75  -1.830
216.84  -1.825
216.93  -1.821
217.03  -1.817
217.12  -1.813
217.21  -1.808
217.30  -1.804
217.40  -1.800
217.49  -1.796
217.58  -1.792
217.68  -1.789
217.77  -1.785
217.86  -1.781
217.95  -1.777
218.05  -1.774
218.15  -1.770
218.24  -1.766
218.33  -1.762
218.42  -1.759
218.52  -1.755
218.61  -1.751
218.71  -1.747
218.80  -1.744
218.89  -1.740
218.98  -1.736
219.08  -1.733
219.17  -1.729
219.27  -1.725
219.36  -1.721
219.45  -1.718
219.55  -1.714
219.64  -1.710
219.73  -1.707
219.83  -1.703
219.92  -1.699
220.02  -1.695
220.12  -1.692
220.21  -1.688
220.30  -1.684
220.40  -1.680
220.49  -1.676
220.58  -1.672
220.67  -1.668
220.77  -1.664
220.86  -1.660
220.96  -1.656
221.05  -1.651
221.14  -1.647
221.24  -1.643
221.33  -1.639
221.43  -1.635
221.52  -1.631
221.62  -1.627
221.71  -1.623
221.80  -1.619
221.90  -1.615
221.99  -1.610
222.09  -1.606
222.18  -1.602
222.27  -1.598
222.36  -1.594
222.46  -1.590
222.55  -1.586
222.65  -1.582
222.74  -1.578
222.84  -1.574
222.93  -1.570
223.02  -1.567
223.12  -1.563
223.21  -1.559
223.30  -1.555
223.40  -1.551
223.49  -1.548
223.58  -1.544
223.68  -1.540
223.77  -1.537
223.87  -1.533
223.96  -1.529
224.05  -1.526
224.14  -1.522
224.24  -1.518
224.33  -1.515
224.43  -1.511
224.52  -1.507
224.61  -1.504
224.71  -1.500
224.80  -1.497
224.89  -1.493
224.99  -1.489
225.08  -1.486
225.17  -1.482
225.27  -1.478
225.36  -1.475
225.45  -1.471
225.55  -1.467
225.64  -1.464
225.74  -1.460
225.83  -1.456
225.93  -1.452
226.02  -1.449
226.12  -1.445
226.21  -1.441
226.31  -1.437
226.40  -1.433
226.50  -1.428
226.59  -1.424
226.69  -1.420
226.78  -1.416
226.87  -1.412
226.97  -1.407
227.07  -1.403
227.16  -1.399
227.26  -1.395
227.35  -1.390
227.45  -1.386
227.54  -1.382
227.64  -1.378
227.73  -1.373
227.83  -1.369
227.92  -1.365
228.02  -1.361
228.11  -1.357
228.20  -1.353
228.30  -1.349
228.40  -1.345
228.49  -1.341
228.58  -1.336
228.68  -1.332
228.77  -1.328
228.86  -1.324
228.96  -1.321
229.05  -1.317
229.14  -1.313
229.24  -1.309
229.33  -1.306
229.43  -1.303
229.52  -1.299
229.61  -1.296
229.70  -1.293
229.80  -1.290
229.89  -1.287
229.98  -1.284
230.08  -1.281
230.17  -1.278
230.27  -1.275
230.36  -1.272
230.45  -1.268
230.55  -1.265
230.64  -1.262
230.73  -1.258
230.82  -1.254
230.91  -1.250
231.01  -1.246
231.10  -1.242
231.19  -1.238
231.29  -1.233
231.38  -1.229
231.47  -1.224
231.56  -1.220
231.66  -1.215
231.76  -1.211
231.85  -1.206
231.94  -1.202
232.04  -1.197
232.14  -1.192
232.23  -1.188
232.33  -1.184
232.42  -1.179
232.51  -1.175
232.61  -1.171
232.70  -1.167
232.80  -1.163
232.90  -1.159
232.99  -1.155
233.08  -1.150
233.18  -1.146
233.27  -1.142
233.37  -1.138
233.46  -1.134
233.56  -1.129
233.65  -1.125
233.75  -1.121
233.84  -1.117
233.93  -1.113
234.03  -1.109
234.12  -1.105
234.21  -1.101
234.31  -1.097
234.40  -1.092
234.50  -1.088
234.58  -1.084
234.68  -1.080
234.77  -1.076
234.86  -1.072
247.05  -0.390
247.15  -0.386
247.24  -0.382
247.34  -0.378
247.43  -0.374
247.52  -0.370
247.61  -0.366
247.71  -0.362
247.80  -0.358
247.90  -0.354
247.99  -0.350
248.09  -0.347
248.18  -0.343
248.27  -0.339
248.37  -0.336
248.46  -0.333
248.55  -0.329
248.64  -0.326
248.73  -0.323
248.83  -0.321
248.93  -0.318
249.02  -0.315
249.11  -0.313
249.21  -0.310
249.30  -0.308
249.39  -0.306
249.49  -0.303
249.58  -0.301
249.68  -0.298
249.77  -0.296
249.86  -0.294
249.96  -0.291
250.06  -0.288
250.15  -0.286
250.24  -0.283
250.34  -0.280
250.43  -0.277
250.53  -0.274
250.62  -0.271
250.71  -0.268
250.81  -0.264
250.90  -0.261
250.99  -0.258
251.09  -0.255
251.18  -0.252
251.28  -0.249
251.37  -0.246
251.47  -0.243
251.56  -0.240
251.65  -0.237
251.75  -0.234
251.84  -0.231
251.93  -0.228
252.03  -0.225
252.12  -0.222
252.21  -0.220
252.31  -0.217
252.40  -0.214
252.49  -0.211
252.58  -0.208
252.67  -0.205
252.77  -0.202
252.86  -0.200
252.95  -0.197
253.05  -0.194
253.14  -0.191
253.23  -0.188
253.32  -0.185
253.42  -0.182
253.51  -0.179
253.60  -0.176
253.69  -0.173
253.79  -0.170
253.88  -0.167
253.97  -0.164
254.06  -0.161
254.15  -0.158
254.25  -0.155
254.34  -0.152
254.43  -0.149
254.53  -0.146
254.62  -0.143
254.71  -0.140
254.80  -0.137
254.90  -0.133
254.99  -0.130
255.08  -0.127
255.17  -0.124
255.26  -0.120
255.36  -0.117
255.45  -0.114
255.54  -0.110
255.63  -0.107
255.73  -0.104
255.82  -0.101
255.91  -0.097
256.00  -0.094
256.09  -0.091
256.19  -0.088
256.28  -0.084
256.37  -0.081
256.46  -0.078
256.55  -0.075
256.65  -0.072
256.74  -0.068
256.83  -0.065
256.92  -0.062
257.02  -0.059
257.11  -0.056
257.20  -0.052
257.30  -0.049
257.39  -0.046
257.48  -0.043
257.57  -0.039
257.66  -0.036
257.75  -0.033
257.85  -0.030
257.94  -0.027
258.03  -0.024
258.12  -0.020
258.22  -0.017
258.31  -0.014
258.40  -0.010
258.50  -0.007
258.59  -0.004
258.68  -0.000
258.78   0.003
258.87   0.007
258.96   0.010
259.05   0.014
259.15   0.018
259.24   0.022
259.33   0.026
259.43   0.030
259.52   0.034
259.61   0.038
259.71   0.042
259.80   0.046
259.89   0.050
259.99   0.055
260.08   0.059
260.17   0.063
260.26   0.067
260.35   0.072
260.45   0.076
260.54   0.080
260.63   0.084
260.72   0.089
260.82   0.093
260.91   0.097
261.00   0.102
261.10   0.106
261.19   0.110
261.28   0.115
261.38   0.119
261.47   0.123
261.56   0.127
261.65   0.131
261.75   0.136
261.84   0.140
261.93   0.144
262.02   0.148
262.11   0.152
262.20   0.156
262.30   0.159
262.39   0.163
262.48   0.167
262.57   0.171
262.66   0.174
262.76   0.178
262.85   0.182
262.94   0.185
263.03   0.189
263.12   0.193
263.22   0.196
263.31   0.199
263.41   0.203
263.50   0.206
263.59   0.209
263.68   0.212
263.77   0.215
263.87   0.218
263.96   0.221
264.05   0.224
264.15   0.227
264.24   0.230
264.34   0.233
264.43   0.236
264.52   0.239
264.62   0.242
264.71   0.245
264.80   0.248
264.90   0.251
264.99   0.254
265.09   0.258
265.18   0.261
265.27   0.265
265.36   0.268
265.45   0.272
265.54   0.276
265.63   0.279
265.72   0.283
265.81   0.287
265.90   0.290
265.99   0.294
266.08   0.298
266.17   0.302
266.26   0.305
266.35   0.309
266.43   0.312
266.52   0.316
266.62   0.319
266.70   0.323
266.79   0.326
266.88   0.330
266.97   0.333
267.06   0.336
267.15   0.340
267.24   0.343
267.33   0.347
267.42   0.351
267.51   0.354
267.60   0.358
267.69   0.362
267.78   0.365
267.87   0.369
267.96   0.373
268.05   0.377
268.14   0.382
268.23   0.386
268.32   0.390
268.41   0.394
268.50   0.399
268.59   0.403
268.68   0.407
268.77   0.411
268.86   0.416
268.94   0.420
269.04   0.424
269.13   0.429
269.22   0.433
269.31   0.437
269.40   0.441
269.49   0.445
269.58   0.449
269.67   0.453
269.76   0.457
269.85   0.462
269.94   0.466
270.03   0.470
270.12   0.474
270.21   0.478
270.30   0.482
270.39   0.486
270.48   0.490
270.57   0.494
270.66   0.498
270.75   0.502
270.84   0.505
270.93   0.509
271.02   0.513
271.11   0.517
271.20   0.521
271.29   0.525
271.38   0.529
271.47   0.533
271.56   0.537
271.65   0.540
271.74   0.544
271.83   0.548
271.92   0.552
272.01   0.556
272.10   0.560
272.19   0.563
272.28   0.567
272.37   0.571
272.46   0.575
272.56   0.578
272.65   0.582
272.74   0.586
272.83   0.590
272.92   0.594
273.01   0.597
273.10   0.601
273.19   0.605
273.28   0.609
273.37   0.613
273.46   0.617
273.55   0.621
273.64   0.625
273.73   0.629
273.82   0.633
273.91   0.637
274.00   0.642
274.09   0.646
274.18   0.650
274.27   0.654
274.37   0.659
274.46   0.663
274.55   0.667
274.64   0.672
274.73   0.676
274.82   0.681
274.91   0.685
275.00   0.689
275.10   0.694
275.19   0.698
275.28   0.702
275.37   0.706
275.46   0.710
275.55   0.715
275.64   0.719
275.73   0.723
275.82   0.727
275.91   0.731
276.00   0.736
276.09   0.740
276.18   0.744
276.28   0.748
276.37   0.753
276.46   0.757
276.55   0.762
276.64   0.767
276.73   0.771
276.82   0.776
276.92   0.781
277.01   0.786
277.10   0.791
277.19   0.796
277.28   0.801
277.37   0.806
277.46   0.810
277.55   0.815
277.65   0.820
277.74   0.824
277.83   0.829
277.92   0.833
278.01   0.837
278.10   0.840
278.19   0.843
278.28   0.847
278.38   0.850
278.47   0.853
278.56   0.856
278.65   0.859
278.75   0.862
278.84   0.865
278.93   0.868
279.02   0.871
279.11   0.875
279.20   0.878
279.29   0.881
279.38   0.885
279.48   0.889
279.57   0.893
279.66   0.898
279.75   0.902
279.84   0.907
279.93   0.912
280.02   0.917
280.11   0.922
280.20   0.927
280.30   0.932
280.39   0.936
280.48   0.941
280.57   0.946
280.66   0.951
280.75   0.956
280.84   0.961
280.94   0.966
281.03   0.971
281.12   0.976
281.21   0.981
281.30   0.986
281.39   0.991
281.49   0.995
281.58   1.000
281.67   1.005
281.76   1.009
281.85   1.014
281.95   1.019
282.04   1.023
282.14   1.027
282.23   1.032
282.32   1.036
282.41   1.040
282.51   1.044
282.60   1.048
282.69   1.052
282.78   1.056
282.87   1.060
282.96   1.063
283.06   1.067
283.15   1.071
283.24   1.074
283.33   1.078
283.42   1.081
283.52   1.085
283.61   1.088
283.71   1.092
283.80   1.095
283.89   1.099
283.99   1.102
284.08   1.106
284.18   1.110
284.27   1.113
284.36   1.117
284.46   1.121
284.55   1.124
284.64   1.128
284.73   1.132
284.83   1.135
284.92   1.139
285.01   1.143
285.11   1.147
285.20   1.151
285.29   1.155
285.38   1.159
285.48   1.163
285.57   1.167
285.67   1.172
285.76   1.176
285.85   1.180
285.94   1.185
286.03   1.189
286.13   1.194
286.22   1.199
286.31   1.203
286.40   1.208
286.49   1.212
286.59   1.217
286.68   1.222
286.77   1.226
286.87   1.231
286.96   1.235
287.05   1.240
287.15   1.245
287.24   1.249
287.34   1.254
287.43   1.258
287.52   1.263
287.61   1.267
287.71   1.272
287.80   1.276
287.89   1.281
287.99   1.285
288.08   1.290
288.17   1.294
288.26   1.298
288.35   1.303
288.45   1.307
288.54   1.311
288.63   1.315
288.73   1.320
288.82   1.324
288.91   1.328
289.01   1.332
289.10   1.336
289.28   1.344
289.37   1.348
289.46   1.352
289.56   1.356
289.65   1.360
289.75   1.364
289.84   1.368
289.93   1.372
290.03   1.376
290.12   1.379
290.21   1.383
290.31   1.387
290.40   1.391
290.50   1.394
290.59   1.398
290.68   1.402
290.77   1.406
290.87   1.410
290.96   1.414
291.05   1.418
291.14   1.422
291.24   1.426
291.33   1.430
291.43   1.435
291.52   1.440
291.61   1.444
291.70   1.449
291.80   1.454
291.88   1.459
291.98   1.464
292.07   1.469
292.17   1.474
292.26   1.479
292.34   1.484
292.43   1.489
292.53   1.494
292.62   1.499
292.72   1.504
292.81   1.509
292.90   1.514
292.99   1.518
293.08   1.522
293.18   1.527
293.27   1.531
293.36   1.535
293.46   1.540
293.54   1.544
293.64   1.548
293.73   1.553
293.82   1.557
293.91   1.562
294.00   1.566
294.09   1.570
294.28   1.579
294.37   1.583
294.47   1.587
294.56   1.592
294.65   1.596
294.74   1.600
294.84   1.604
294.93   1.609
295.02   1.613
295.11   1.617
295.20   1.622
295.29   1.626
295.38   1.631
295.47   1.635
295.55   1.640
295.64   1.644
295.73   1.649
295.82   1.653
295.91   1.658
296.00   1.662
296.09   1.666
296.17   1.671
296.26   1.675
296.36   1.680
296.44   1.684
296.53   1.689
296.62   1.693
296.71   1.698
296.80   1.702
296.89   1.706
296.97   1.711
297.06   1.715
297.15   1.719
297.24   1.723
297.33   1.727
297.42   1.731
297.51   1.735
297.60   1.740
297.68   1.743
297.77   1.747
297.87   1.751
297.95   1.755
298.04   1.759
298.13   1.763
298.22   1.767
298.31   1.771
298.40   1.775
298.50   1.779
298.58   1.782
298.67   1.786
298.76   1.790
298.85   1.794
298.94   1.797
299.03   1.801
299.12   1.805
299.21   1.808
299.30   1.812
299.39   1.816
299.48   1.820
299.56   1.823
299.65   1.827
299.74   1.831
299.83   1.835
299.93   1.839
300.02   1.843
300.11   1.847
300.20   1.851
300.29   1.855
300.38   1.859
300.47   1.863
300.56   1.868
300.65   1.872
300.73   1.876
300.82   1.880
300.92   1.885
301.01   1.889
301.10   1.893
301.19   1.897
301.28   1.902
301.37   1.906
301.46   1.910
301.55   1.915
301.65   1.919
301.73   1.923
301.82   1.927
301.91   1.932
302.00   1.936
302.10   1.940
302.19   1.945
302.28   1.949
302.37   1.953
302.46   1.958
302.55   1.962
302.64   1.966
302.73   1.970
302.82   1.974
302.91   1.979
303.00   1.983
303.09   1.987
303.18   1.991
303.27   1.995
303.36   1.999
303.45   2.002
303.54   2.006
303.63   2.010
303.72   2.014
