  
  DOI/GTN-P Deep Borehole Array, Arctic Alaska 
             U.S. Geological Survey 
            Processed Temperature Log 
                    28-Aug-2013 
________________________________________________ 
  
Temperature Log Information: 
  Well name:   West Fish Creek Test Well #1 
  File name:   FCK_89JUL09_c_d 
  Log date:    09-JUL-1989 
  
Contact Information: 
  Gary Clow 
  U.S. Geological Survey 
  clow@usgs.gov 
  
Definitions: 
  Depth:        Depth below local ground surface (m) 
  Temperature:  ITS-90 temperature (°C) 
________________________________________________ 
             
 Depth  Temperature 
 13.11  -9.553
 13.31  -9.548
 13.51  -9.543
 13.72  -9.539
 13.92  -9.534
 14.12  -9.530
 14.33  -9.525
 14.53  -9.521
 14.73  -9.516
 14.93  -9.512
 15.14  -9.508
 15.34  -9.504
 15.54  -9.500
 15.75  -9.496
 15.95  -9.492
 16.15  -9.488
 16.36  -9.484
 16.56  -9.480
 16.76  -9.476
 16.97  -9.472
 17.17  -9.469
 17.37  -9.465
 17.58  -9.461
 17.78  -9.457
 17.98  -9.454
 18.19  -9.450
 18.39  -9.447
 18.59  -9.443
 18.80  -9.439
 19.00  -9.435
 19.20  -9.431
 19.41  -9.427
 19.61  -9.424
 19.81  -9.420
 20.01  -9.416
 20.22  -9.412
 20.42  -9.408
 20.62  -9.404
 20.83  -9.401
 21.03  -9.397
 21.23  -9.393
 21.44  -9.389
 21.64  -9.386
 21.84  -9.382
 22.05  -9.378
 22.25  -9.374
 22.45  -9.370
 22.66  -9.366
 22.86  -9.362
 23.06  -9.357
 23.27  -9.353
 23.47  -9.348
 23.67  -9.343
 23.88  -9.338
 24.08  -9.333
 24.28  -9.327
 24.49  -9.322
 24.69  -9.316
 24.89  -9.311
 25.09  -9.305
 25.30  -9.300
 25.50  -9.295
 25.70  -9.290
 25.91  -9.285
 26.11  -9.280
 26.31  -9.275
 26.52  -9.270
 26.72  -9.265
 26.92  -9.260
 27.13  -9.254
 27.33  -9.249
 27.53  -9.244
 27.74  -9.238
 27.94  -9.233
 28.14  -9.227
 28.35  -9.221
 28.55  -9.215
 28.75  -9.209
 28.96  -9.202
 29.16  -9.196
 29.36  -9.189
 29.57  -9.183
 29.77  -9.176
 29.97  -9.169
 30.17  -9.163
 30.38  -9.156
 30.58  -9.150
 30.78  -9.144
 30.99  -9.137
 31.19  -9.131
 31.39  -9.125
 31.60  -9.118
 31.80  -9.112
 32.00  -9.105
 32.21  -9.099
 32.41  -9.092
 32.61  -9.086
 32.82  -9.079
 33.02  -9.073
 33.22  -9.067
 33.43  -9.060
 33.63  -9.054
 33.83  -9.048
 34.04  -9.042
 34.24  -9.035
 34.44  -9.029
 34.65  -9.023
 34.85  -9.017
 35.05  -9.011
 35.25  -9.004
 35.46  -8.998
 35.66  -8.992
 35.86  -8.986
 36.07  -8.979
 36.27  -8.973
 36.47  -8.967
 36.68  -8.960
 37.69  -8.929
 37.90  -8.923
 38.10  -8.916
 38.30  -8.910
 38.51  -8.903
 38.71  -8.897
 38.91  -8.891
 39.12  -8.884
 39.32  -8.878
 39.52  -8.871
 39.73  -8.865
 39.93  -8.858
 40.13  -8.852
 40.33  -8.846
 40.54  -8.839
 40.74  -8.833
 40.94  -8.827
 41.15  -8.821
 41.35  -8.814
 41.55  -8.808
 41.96  -8.796
 42.16  -8.790
 42.37  -8.784
 42.57  -8.778
 42.77  -8.772
 42.98  -8.766
 43.18  -8.760
 43.38  -8.754
 43.59  -8.748
 43.79  -8.743
 43.99  -8.737
 44.20  -8.731
 44.40  -8.726
 44.60  -8.720
 44.81  -8.715
 45.01  -8.709
 45.21  -8.703
 45.41  -8.698
 45.62  -8.692
 45.82  -8.687
 46.02  -8.681
 46.23  -8.676
 46.43  -8.670
 46.63  -8.664
 46.84  -8.659
 47.04  -8.653
 47.24  -8.648
 47.45  -8.642
 47.65  -8.636
 47.85  -8.630
 48.06  -8.624
 48.26  -8.618
 48.46  -8.612
 48.67  -8.606
 48.87  -8.600
 49.07  -8.594
 49.28  -8.588
 49.48  -8.582
 49.68  -8.576
 49.89  -8.570
 50.09  -8.565
 50.29  -8.559
 50.49  -8.553
 50.70  -8.548
 50.90  -8.542
 51.10  -8.537
 51.31  -8.531
 51.51  -8.526
 51.71  -8.520
 51.92  -8.515
 52.12  -8.510
 52.32  -8.505
 52.53  -8.500
 52.73  -8.495
 52.93  -8.491
 53.14  -8.487
 53.34  -8.482
 53.54  -8.478
 53.75  -8.474
 53.95  -8.470
 54.15  -8.466
 54.36  -8.462
 54.56  -8.458
 54.76  -8.454
 54.97  -8.450
 55.17  -8.446
 55.37  -8.442
 55.57  -8.438
 55.78  -8.433
 55.98  -8.429
 56.18  -8.425
 56.39  -8.421
 56.59  -8.417
 56.79  -8.413
 57.00  -8.409
 57.20  -8.405
 57.40  -8.401
 57.61  -8.397
 57.81  -8.392
 58.01  -8.388
 58.22  -8.383
 58.42  -8.379
 58.62  -8.374
 58.83  -8.370
 59.03  -8.365
 59.23  -8.361
 59.44  -8.356
 59.64  -8.352
 59.84  -8.348
 60.05  -8.344
 60.25  -8.339
 60.45  -8.335
 60.65  -8.331
 60.86  -8.327
 61.06  -8.323
 61.26  -8.319
 61.47  -8.315
 61.67  -8.310
 61.87  -8.306
 62.08  -8.302
 62.28  -8.298
 62.48  -8.294
 62.69  -8.291
 62.89  -8.287
 63.09  -8.283
 63.30  -8.279
 63.50  -8.276
 63.70  -8.272
 63.91  -8.268
 64.11  -8.264
 64.31  -8.261
 64.52  -8.257
 64.72  -8.253
 64.92  -8.249
 65.13  -8.245
 65.33  -8.241
 65.53  -8.237
 65.73  -8.234
 65.94  -8.230
 66.14  -8.226
 66.34  -8.222
 66.55  -8.218
 66.75  -8.214
 66.95  -8.210
 67.16  -8.207
 67.36  -8.203
 67.56  -8.199
 67.77  -8.195
 67.97  -8.191
 68.17  -8.187
 68.38  -8.183
 68.58  -8.179
 68.78  -8.175
 68.99  -8.171
 69.19  -8.168
 69.39  -8.164
 69.60  -8.160
 69.80  -8.156
 70.00  -8.152
 70.21  -8.148
 70.41  -8.143
 70.61  -8.139
 70.81  -8.135
 71.02  -8.131
 71.22  -8.127
 71.42  -8.122
 71.63  -8.118
 71.83  -8.114
 72.03  -8.109
 72.24  -8.105
 72.44  -8.100
 72.64  -8.095
 72.85  -8.090
 73.05  -8.085
 73.25  -8.080
 73.46  -8.075
 73.66  -8.070
 73.86  -8.065
 74.07  -8.060
 74.27  -8.055
 74.47  -8.050
 74.68  -8.045
 74.88  -8.040
 75.08  -8.035
 75.29  -8.030
 75.49  -8.025
 75.69  -8.020
 75.89  -8.015
 76.10  -8.010
 76.30  -8.005
 76.50  -8.000
 76.71  -7.995
 76.91  -7.990
 77.11  -7.985
 77.32  -7.981
 77.52  -7.976
 77.72  -7.972
 77.93  -7.967
 78.13  -7.963
 78.33  -7.958
 78.54  -7.954
 78.74  -7.949
 78.94  -7.944
 79.15  -7.940
 79.35  -7.935
 79.55  -7.930
 79.76  -7.925
 79.96  -7.920
 80.16  -7.915
 80.37  -7.910
 80.57  -7.905
 80.77  -7.900
 80.97  -7.895
 81.18  -7.890
 81.38  -7.885
 81.58  -7.880
 81.79  -7.874
 81.99  -7.869
 82.19  -7.863
 82.40  -7.857
 82.60  -7.851
 82.80  -7.845
 83.01  -7.839
 83.21  -7.832
 83.41  -7.826
 83.62  -7.820
 83.82  -7.814
 84.02  -7.808
 84.23  -7.802
 84.43  -7.796
 84.63  -7.791
 84.84  -7.785
 85.04  -7.779
 85.24  -7.773
 85.45  -7.767
 85.65  -7.761
 85.85  -7.755
 86.05  -7.749
 86.26  -7.743
 86.46  -7.737
 86.66  -7.731
 86.87  -7.724
 87.07  -7.718
 87.27  -7.712
 87.48  -7.706
 87.68  -7.699
 87.88  -7.693
 88.09  -7.686
 88.29  -7.680
 88.49  -7.674
 88.70  -7.667
 88.90  -7.661
 89.10  -7.654
 89.31  -7.648
 89.51  -7.642
 89.71  -7.635
 89.92  -7.629
 90.12  -7.623
 90.32  -7.616
 90.53  -7.610
 90.73  -7.604
 90.93  -7.597
 91.13  -7.591
 91.34  -7.585
 91.54  -7.578
 91.74  -7.572
 91.95  -7.566
 92.15  -7.560
 92.35  -7.554
 92.56  -7.548
 92.76  -7.542
 92.96  -7.535
 93.17  -7.529
 93.37  -7.523
 93.57  -7.517
 93.78  -7.511
 93.98  -7.505
 94.18  -7.499
 94.39  -7.493
 94.59  -7.487
 94.79  -7.481
 95.00  -7.474
 95.20  -7.468
 95.40  -7.462
 95.61  -7.455
 95.81  -7.449
 96.01  -7.442
 96.21  -7.436
 96.42  -7.429
 96.62  -7.422
 96.82  -7.415
 97.03  -7.408
 97.23  -7.401
 97.43  -7.393
 97.64  -7.386
 97.84  -7.378
 98.04  -7.371
 98.25  -7.363
 98.45  -7.356
 98.65  -7.348
 98.86  -7.341
 99.06  -7.334
 99.26  -7.326
 99.47  -7.319
 99.67  -7.312
 99.87  -7.305
100.08  -7.297
100.28  -7.290
100.48  -7.282
100.69  -7.275
100.89  -7.267
101.09  -7.260
101.29  -7.253
101.50  -7.247
101.70  -7.241
101.90  -7.236
102.11  -7.231
102.31  -7.226
102.51  -7.221
102.72  -7.215
102.92  -7.210
103.12  -7.203
103.33  -7.196
103.53  -7.188
103.73  -7.180
103.94  -7.171
104.14  -7.162
104.34  -7.153
104.55  -7.144
104.75  -7.134
104.95  -7.125
105.16  -7.115
105.36  -7.106
105.56  -7.096
105.77  -7.087
105.97  -7.077
106.17  -7.068
106.37  -7.059
106.58  -7.050
106.78  -7.042
106.98  -7.034
107.19  -7.026
107.39  -7.018
107.59  -7.010
107.80  -7.002
108.00  -6.994
108.20  -6.986
108.41  -6.978
108.61  -6.969
108.81  -6.960
109.02  -6.952
109.22  -6.943
109.42  -6.935
109.63  -6.926
109.83  -6.918
110.03  -6.910
110.24  -6.902
110.44  -6.894
110.64  -6.886
110.85  -6.878
111.05  -6.870
111.25  -6.862
111.45  -6.853
111.66  -6.844
111.86  -6.836
112.06  -6.827
112.27  -6.818
112.47  -6.810
112.67  -6.801
112.88  -6.793
113.08  -6.785
113.28  -6.778
113.49  -6.771
113.69  -6.764
113.89  -6.756
114.10  -6.749
114.30  -6.742
114.50  -6.735
114.71  -6.728
114.91  -6.721
115.11  -6.713
115.32  -6.706
115.52  -6.698
115.72  -6.690
115.93  -6.682
116.13  -6.674
116.33  -6.665
116.53  -6.655
116.74  -6.645
116.94  -6.634
117.14  -6.624
117.35  -6.614
117.55  -6.603
117.75  -6.593
117.96  -6.583
118.16  -6.574
118.36  -6.565
118.57  -6.555
118.77  -6.546
118.97  -6.537
119.18  -6.528
119.38  -6.519
119.58  -6.510
119.79  -6.501
119.99  -6.492
120.19  -6.483
120.40  -6.474
120.60  -6.465
120.80  -6.457
121.01  -6.448
122.83  -6.377
123.04  -6.370
123.24  -6.362
123.44  -6.355
123.65  -6.347
123.85  -6.339
124.05  -6.332
124.26  -6.324
124.46  -6.315
124.66  -6.307
124.87  -6.298
125.07  -6.290
125.27  -6.281
125.48  -6.272
125.68  -6.263
125.88  -6.254
126.09  -6.245
126.29  -6.235
126.49  -6.226
126.69  -6.216
126.90  -6.207
127.10  -6.197
127.30  -6.188
127.51  -6.178
127.71  -6.168
127.91  -6.159
128.12  -6.149
128.32  -6.140
128.52  -6.131
128.73  -6.121
128.93  -6.112
129.13  -6.103
129.34  -6.094
129.54  -6.084
129.74  -6.075
129.95  -6.066
130.15  -6.057
130.35  -6.048
130.56  -6.039
130.76  -6.031
130.96  -6.023
131.17  -6.015
131.37  -6.007
131.57  -5.999
131.77  -5.991
131.98  -5.983
132.18  -5.975
132.38  -5.966
132.59  -5.957
132.79  -5.948
132.99  -5.939
133.20  -5.930
133.40  -5.920
133.60  -5.910
133.81  -5.901
134.01  -5.891
134.21  -5.882
134.42  -5.872
134.62  -5.863
134.82  -5.853
135.03  -5.844
135.23  -5.834
135.43  -5.824
135.64  -5.814
135.84  -5.803
136.04  -5.793
136.25  -5.782
136.45  -5.771
136.65  -5.759
136.85  -5.748
137.06  -5.737
137.26  -5.726
137.46  -5.715
137.67  -5.704
137.87  -5.692
138.07  -5.682
138.28  -5.671
138.48  -5.660
138.68  -5.649
138.89  -5.639
139.09  -5.628
139.29  -5.617
139.50  -5.607
139.70  -5.596
139.90  -5.586
140.11  -5.576
140.31  -5.567
140.51  -5.558
140.72  -5.550
140.92  -5.542
141.12  -5.535
141.33  -5.528
141.53  -5.521
141.73  -5.515
142.34  -5.492
142.54  -5.484
142.75  -5.475
142.95  -5.467
143.15  -5.458
143.36  -5.449
143.56  -5.440
143.76  -5.431
143.97  -5.422
144.17  -5.413
144.37  -5.404
144.58  -5.395
144.78  -5.386
144.98  -5.376
145.19  -5.367
145.39  -5.357
145.59  -5.348
145.80  -5.338
146.00  -5.328
146.20  -5.318
146.41  -5.308
146.61  -5.298
146.81  -5.288
147.01  -5.278
147.22  -5.267
147.42  -5.257
147.62  -5.247
147.83  -5.237
148.03  -5.226
148.23  -5.216
148.44  -5.206
148.64  -5.195
148.84  -5.185
149.05  -5.174
149.25  -5.164
149.45  -5.153
149.66  -5.143
149.86  -5.132
150.06  -5.121
150.27  -5.110
150.47  -5.099
150.67  -5.087
150.88  -5.075
151.08  -5.064
151.28  -5.052
151.49  -5.040
151.69  -5.029
151.89  -5.017
152.09  -5.007
152.30  -4.996
152.50  -4.985
152.70  -4.975
152.91  -4.965
153.11  -4.954
153.31  -4.944
153.52  -4.934
153.72  -4.924
153.92  -4.914
154.13  -4.904
154.33  -4.894
154.53  -4.884
154.74  -4.874
154.94  -4.863
155.14  -4.853
155.35  -4.842
155.55  -4.831
155.75  -4.820
155.96  -4.808
156.16  -4.797
156.36  -4.786
156.57  -4.775
156.77  -4.764
156.97  -4.754
157.17  -4.744
157.38  -4.734
157.58  -4.725
157.78  -4.715
157.99  -4.706
158.19  -4.697
158.39  -4.687
158.60  -4.678
158.80  -4.669
159.00  -4.659
159.21  -4.650
159.41  -4.641
159.61  -4.631
159.82  -4.622
160.02  -4.612
160.22  -4.602
160.43  -4.592
160.63  -4.582
160.83  -4.571
161.04  -4.561
161.24  -4.550
161.44  -4.540
161.65  -4.529
161.85  -4.519
162.05  -4.510
162.25  -4.500
162.46  -4.490
162.66  -4.481
162.86  -4.471
163.07  -4.461
163.27  -4.451
163.47  -4.441
163.68  -4.431
163.88  -4.421
164.08  -4.411
164.29  -4.401
164.49  -4.390
164.69  -4.380
164.90  -4.370
165.10  -4.360
165.30  -4.350
165.51  -4.340
165.71  -4.329
165.91  -4.319
166.12  -4.309
166.32  -4.299
166.52  -4.288
166.73  -4.277
166.93  -4.265
167.13  -4.254
167.33  -4.242
167.54  -4.231
167.74  -4.219
167.94  -4.208
168.15  -4.197
168.35  -4.186
168.55  -4.176
168.76  -4.167
168.96  -4.157
169.16  -4.148
169.37  -4.138
169.57  -4.129
169.77  -4.119
169.98  -4.110
170.18  -4.101
170.38  -4.091
170.59  -4.082
170.79  -4.072
170.99  -4.063
171.20  -4.053
171.40  -4.044
171.60  -4.034
171.81  -4.024
172.01  -4.013
172.21  -4.003
172.41  -3.993
172.62  -3.982
172.82  -3.972
173.02  -3.962
173.23  -3.953
173.43  -3.944
173.63  -3.935
173.84  -3.926
174.04  -3.917
174.24  -3.908
174.45  -3.898
174.65  -3.889
174.85  -3.878
175.06  -3.867
175.26  -3.855
175.46  -3.844
175.67  -3.832
175.87  -3.820
176.07  -3.809
176.28  -3.798
176.48  -3.788
176.68  -3.777
176.89  -3.768
177.09  -3.758
177.29  -3.749
177.49  -3.739
177.70  -3.730
177.90  -3.720
178.10  -3.710
178.31  -3.701
178.51  -3.691
178.71  -3.681
178.92  -3.671
179.12  -3.662
179.32  -3.652
179.53  -3.643
179.73  -3.634
179.93  -3.625
180.14  -3.616
180.34  -3.607
180.54  -3.598
180.75  -3.589
180.95  -3.580
181.15  -3.570
181.36  -3.559
181.56  -3.548
181.76  -3.537
181.97  -3.525
182.17  -3.513
182.37  -3.502
182.57  -3.490
182.78  -3.478
182.98  -3.466
183.18  -3.454
183.39  -3.442
183.59  -3.430
183.79  -3.418
184.00  -3.406
184.20  -3.395
184.40  -3.384
184.61  -3.375
184.81  -3.366
185.01  -3.358
185.22  -3.350
185.42  -3.342
185.62  -3.333
185.83  -3.325
186.03  -3.317
186.23  -3.307
186.44  -3.297
186.64  -3.286
186.84  -3.276
187.05  -3.265
187.25  -3.254
187.45  -3.243
187.65  -3.233
187.86  -3.222
188.06  -3.212
188.26  -3.201
188.47  -3.191
188.67  -3.181
188.87  -3.170
189.08  -3.160
189.28  -3.150
189.48  -3.140
189.69  -3.130
189.89  -3.120
190.09  -3.110
190.30  -3.100
190.50  -3.091
190.70  -3.081
190.91  -3.071
191.11  -3.062
191.31  -3.052
191.52  -3.042
191.72  -3.033
191.92  -3.023
192.13  -3.013
192.33  -3.003
192.53  -2.994
192.73  -2.984
192.94  -2.974
193.14  -2.965
193.34  -2.955
193.55  -2.946
193.75  -2.936
193.95  -2.926
194.16  -2.915
194.36  -2.904
194.56  -2.893
194.77  -2.881
194.97  -2.870
195.17  -2.858
195.38  -2.847
195.58  -2.835
195.78  -2.825
195.99  -2.814
196.19  -2.805
196.39  -2.795
196.60  -2.786
196.80  -2.777
197.00  -2.768
197.21  -2.760
197.41  -2.751
197.61  -2.742
197.81  -2.734
198.02  -2.725
198.22  -2.716
198.42  -2.707
198.63  -2.699
198.83  -2.690
199.03  -2.681
199.24  -2.671
199.44  -2.662
199.64  -2.652
199.85  -2.642
200.05  -2.632
200.25  -2.622
200.46  -2.612
200.66  -2.602
200.86  -2.593
201.07  -2.584
201.27  -2.575
201.47  -2.566
201.68  -2.557
201.88  -2.548
202.08  -2.539
202.29  -2.531
202.49  -2.522
202.69  -2.512
202.89  -2.503
203.10  -2.494
203.30  -2.485
203.50  -2.476
203.71  -2.467
203.91  -2.458
204.11  -2.448
204.32  -2.439
204.52  -2.429
204.72  -2.420
204.93  -2.410
205.13  -2.401
205.33  -2.391
205.54  -2.382
205.74  -2.372
205.94  -2.363
206.15  -2.353
206.35  -2.344
206.55  -2.334
206.76  -2.325
206.96  -2.315
207.16  -2.305
207.37  -2.296
207.57  -2.286
207.77  -2.276
207.97  -2.266
208.18  -2.256
208.38  -2.247
208.58  -2.237
208.99  -2.219
209.19  -2.210
209.40  -2.202
209.60  -2.193
209.80  -2.185
210.01  -2.176
210.21  -2.167
210.41  -2.158
210.62  -2.148
210.82  -2.138
211.02  -2.127
211.23  -2.116
211.43  -2.106
211.63  -2.095
211.84  -2.085
212.04  -2.074
212.24  -2.063
212.45  -2.053
212.65  -2.042
212.85  -2.032
213.05  -2.022
213.26  -2.012
213.46  -2.003
213.66  -1.995
213.87  -1.987
214.07  -1.981
214.27  -1.975
214.48  -1.969
214.68  -1.963
214.88  -1.957
215.09  -1.952
215.29  -1.945
215.49  -1.938
215.70  -1.930
215.90  -1.922
216.10  -1.913
216.31  -1.905
216.51  -1.896
216.71  -1.888
216.92  -1.879
217.12  -1.870
217.32  -1.862
217.53  -1.853
217.73  -1.844
217.93  -1.836
218.13  -1.827
218.34  -1.818
218.54  -1.809
218.74  -1.800
218.95  -1.792
219.15  -1.783
219.35  -1.775
219.56  -1.766
219.76  -1.758
219.96  -1.749
220.17  -1.740
220.37  -1.731
220.57  -1.722
220.78  -1.712
220.98  -1.702
221.18  -1.693
221.39  -1.684
221.59  -1.674
221.79  -1.665
222.00  -1.655
222.20  -1.646
222.40  -1.637
222.61  -1.628
222.81  -1.619
223.01  -1.610
223.21  -1.602
223.42  -1.594
223.62  -1.588
223.82  -1.582
224.03  -1.577
224.23  -1.572
224.43  -1.566
224.64  -1.561
224.84  -1.556
225.04  -1.549
225.25  -1.542
225.45  -1.534
225.65  -1.525
225.86  -1.516
226.06  -1.507
226.26  -1.497
226.47  -1.488
226.67  -1.478
226.87  -1.468
227.08  -1.459
227.28  -1.449
227.48  -1.440
227.69  -1.430
227.89  -1.420
228.09  -1.411
228.29  -1.402
228.50  -1.393
228.70  -1.385
228.90  -1.377
229.11  -1.370
229.31  -1.362
229.51  -1.354
229.72  -1.347
229.92  -1.338
230.12  -1.329
230.33  -1.320
230.53  -1.310
230.73  -1.300
230.94  -1.291
231.14  -1.281
231.34  -1.271
231.55  -1.261
231.75  -1.251
231.95  -1.242
232.16  -1.232
232.36  -1.223
232.56  -1.213
232.77  -1.204
232.97  -1.195
233.17  -1.186
233.37  -1.179
233.58  -1.171
233.78  -1.164
233.98  -1.158
234.19  -1.151
234.39  -1.144
234.59  -1.137
234.80  -1.129
235.00  -1.121
235.20  -1.112
235.41  -1.103
235.61  -1.093
235.81  -1.084
236.02  -1.075
236.22  -1.065
236.42  -1.055
236.63  -1.046
236.83  -1.037
237.03  -1.027
237.24  -1.018
237.44  -1.009
237.64  -1.000
237.85  -0.991
238.05  -0.982
238.25  -0.974
238.45  -0.966
238.66  -0.958
238.86  -0.951
239.06  -0.943
239.27  -0.936
239.47  -0.928
239.67  -0.921
239.88  -0.913
240.08  -0.905
240.28  -0.897
240.49  -0.889
240.69  -0.881
240.89  -0.873
241.10  -0.865
241.30  -0.858
241.50  -0.850
241.71  -0.842
241.91  -0.834
242.11  -0.827
242.32  -0.819
242.52  -0.811
242.72  -0.803
242.93  -0.795
243.13  -0.787
243.33  -0.779
243.53  -0.770
243.74  -0.762
243.94  -0.753
244.14  -0.745
244.35  -0.736
244.55  -0.728
244.75  -0.719
244.96  -0.711
245.16  -0.703
245.36  -0.695
245.57  -0.687
245.77  -0.679
245.97  -0.671
246.18  -0.663
246.38  -0.654
246.58  -0.646
246.79  -0.638
246.99  -0.630
247.19  -0.621
247.40  -0.613
247.60  -0.605
247.80  -0.596
248.01  -0.588
248.21  -0.579
248.41  -0.570
248.61  -0.562
248.82  -0.553
249.02  -0.544
249.22  -0.535
249.43  -0.527
249.63  -0.518
249.83  -0.509
250.04  -0.500
250.24  -0.492
250.44  -0.483
250.65  -0.475
250.85  -0.466
251.05  -0.458
251.26  -0.449
251.46  -0.441
251.66  -0.433
251.87  -0.425
252.07  -0.417
252.27  -0.409
252.48  -0.401
252.68  -0.393
252.88  -0.386
253.09  -0.378
253.29  -0.371
253.49  -0.364
253.69  -0.356
253.90  -0.349
254.10  -0.342
254.30  -0.335
254.51  -0.329
254.71  -0.322
254.91  -0.315
255.12  -0.308
255.32  -0.301
255.52  -0.294
255.73  -0.287
255.93  -0.280
256.13  -0.273
256.34  -0.267
256.54  -0.260
256.74  -0.253
256.95  -0.246
257.15  -0.238
257.35  -0.231
257.56  -0.222
257.76  -0.213
257.96  -0.203
258.17  -0.192
258.37  -0.182
258.57  -0.171
258.77  -0.161
258.98  -0.151
259.18  -0.141
259.38  -0.133
259.59  -0.125
259.79  -0.118
259.99  -0.112
260.20  -0.105
260.40  -0.099
260.60  -0.092
260.81  -0.086
261.01  -0.079
261.21  -0.073
261.42  -0.066
261.62  -0.059
261.82  -0.052
262.03  -0.045
262.23  -0.038
262.43  -0.030
262.64  -0.022
262.84  -0.013
263.04  -0.004
263.25   0.006
263.45   0.015
263.65   0.025
263.85   0.034
264.06   0.044
264.26   0.053
264.46   0.062
264.67   0.070
264.87   0.079
265.07   0.087
265.28   0.096
265.48   0.104
265.68   0.112
265.89   0.121
266.09   0.130
266.29   0.138
266.50   0.147
266.70   0.155
266.90   0.163
267.11   0.171
267.31   0.178
267.51   0.185
267.72   0.192
267.92   0.198
268.12   0.204
268.33   0.210
268.53   0.216
268.73   0.222
268.93   0.228
269.14   0.235
269.34   0.242
269.54   0.249
269.75   0.257
269.95   0.265
270.15   0.272
270.36   0.280
270.56   0.288
270.76   0.295
270.97   0.303
271.17   0.311
271.37   0.319
271.58   0.326
271.78   0.334
271.98   0.343
272.19   0.351
272.39   0.359
272.59   0.367
272.80   0.375
273.00   0.383
273.20   0.392
273.41   0.400
273.61   0.408
273.81   0.416
274.01   0.425
274.22   0.433
274.42   0.442
274.62   0.450
274.83   0.458
275.03   0.467
275.23   0.475
275.44   0.483
275.64   0.492
275.84   0.500
276.05   0.508
276.25   0.516
276.45   0.524
276.66   0.532
276.86   0.540
277.06   0.548
277.27   0.556
277.47   0.563
277.67   0.571
277.88   0.578
278.08   0.586
278.28   0.593
278.49   0.600
278.69   0.608
278.89   0.615
279.09   0.623
279.30   0.630
279.50   0.638
279.70   0.645
279.91   0.653
280.11   0.660
280.31   0.668
280.52   0.675
280.72   0.683
280.92   0.690
281.13   0.698
281.33   0.705
281.53   0.712
281.74   0.720
281.94   0.727
282.14   0.734
282.35   0.742
282.55   0.749
282.75   0.756
282.96   0.764
283.16   0.771
283.36   0.778
283.57   0.785
283.77   0.793
283.97   0.800
284.17   0.807
284.38   0.814
284.58   0.822
284.78   0.829
284.99   0.836
285.19   0.844
285.39   0.851
285.60   0.859
285.80   0.866
286.00   0.874
286.21   0.881
286.41   0.889
286.61   0.896
286.82   0.904
287.02   0.911
287.22   0.919
287.43   0.926
287.63   0.934
287.83   0.941
288.04   0.949
288.24   0.957
288.44   0.965
288.65   0.972
288.85   0.980
289.05   0.989
289.25   0.997
289.46   1.005
289.66   1.013
289.86   1.021
290.07   1.029
290.27   1.037
290.47   1.045
290.68   1.053
290.88   1.061
291.08   1.069
291.29   1.077
291.49   1.084
291.69   1.092
291.90   1.099
292.10   1.106
292.30   1.113
292.51   1.119
292.71   1.126
292.91   1.132
293.12   1.139
293.32   1.146
293.52   1.152
293.73   1.159
293.93   1.167
294.13   1.174
294.33   1.181
294.54   1.188
294.74   1.195
294.94   1.202
295.15   1.209
295.35   1.216
295.55   1.223
295.76   1.230
295.96   1.237
296.16   1.244
296.37   1.251
296.57   1.258
296.77   1.265
296.98   1.271
297.18   1.278
297.38   1.285
297.59   1.292
297.79   1.299
297.99   1.306
298.20   1.313
298.40   1.320
298.60   1.327
298.81   1.333
299.01   1.340
299.21   1.347
299.41   1.354
299.62   1.361
299.82   1.368
300.02   1.375
300.23   1.382
300.43   1.389
300.63   1.396
300.84   1.403
301.04   1.410
301.24   1.418
301.45   1.425
301.65   1.432
301.85   1.440
302.06   1.447
302.26   1.455
302.46   1.462
302.67   1.470
302.87   1.477
303.07   1.485
303.28   1.492
303.48   1.500
303.68   1.507
303.89   1.515
304.09   1.522
304.29   1.530
304.49   1.537
304.70   1.545
304.90   1.552
305.10   1.560
305.31   1.567
305.51   1.575
305.71   1.582
305.92   1.590
306.12   1.597
306.32   1.605
306.53   1.612
306.73   1.620
306.93   1.628
307.14   1.635
307.34   1.643
307.54   1.650
307.75   1.658
307.95   1.665
308.15   1.672
308.36   1.680
308.56   1.687
308.76   1.694
308.97   1.701
309.17   1.709
309.37   1.716
309.57   1.723
309.78   1.730
309.98   1.737
310.18   1.745
310.39   1.752
310.59   1.759
310.79   1.766
311.00   1.773
311.20   1.781
311.40   1.789
311.61   1.798
311.81   1.807
312.01   1.815
312.22   1.824
312.42   1.833
312.62   1.841
312.83   1.849
313.03   1.856
313.23   1.863
313.44   1.870
313.64   1.876
313.84   1.882
314.05   1.889
314.25   1.895
314.45   1.901
314.65   1.908
314.86   1.914
315.06   1.920
315.26   1.927
315.47   1.933
315.67   1.940
315.87   1.947
316.08   1.954
316.28   1.962
316.48   1.971
316.69   1.980
316.89   1.989
317.09   1.998
317.30   2.007
317.50   2.016
317.70   2.025
317.91   2.034
318.11   2.042
318.31   2.050
318.52   2.057
318.72   2.065
318.92   2.073
319.13   2.081
319.33   2.089
319.53   2.097
319.73   2.105
319.94   2.113
320.14   2.121
320.34   2.129
320.55   2.137
320.75   2.144
320.95   2.152
321.16   2.160
321.36   2.168
321.56   2.176
321.77   2.184
321.97   2.192
322.17   2.200
322.38   2.208
322.58   2.216
322.78   2.224
322.99   2.232
323.19   2.240
323.39   2.247
323.60   2.255
323.80   2.263
324.00   2.271
324.21   2.279
324.41   2.287
324.61   2.295
324.81   2.303
325.02   2.311
325.22   2.319
325.42   2.326
325.63   2.334
325.83   2.342
326.03   2.350
326.24   2.358
326.44   2.365
326.64   2.373
326.85   2.381
327.05   2.388
327.25   2.396
327.46   2.404
327.66   2.412
327.86   2.420
328.07   2.427
328.27   2.435
328.47   2.443
328.68   2.451
328.88   2.459
329.08   2.466
329.29   2.474
329.49   2.482
329.69   2.490
329.89   2.497
330.10   2.505
330.30   2.513
330.50   2.520
330.71   2.528
330.91   2.535
331.11   2.542
331.32   2.548
331.52   2.555
331.72   2.562
331.93   2.569
332.13   2.576
332.33   2.583
332.54   2.590
332.74   2.598
332.94   2.605
333.15   2.613
333.35   2.621
333.55   2.629
333.76   2.637
333.96   2.645
334.16   2.653
334.37   2.661
334.57   2.669
334.77   2.677
334.97   2.685
335.18   2.693
335.38   2.701
335.58   2.708
335.79   2.716
335.99   2.723
336.19   2.731
336.40   2.738
336.60   2.746
336.80   2.753
337.01   2.761
337.21   2.768
337.41   2.776
337.62   2.784
337.82   2.791
338.02   2.799
338.23   2.807
338.43   2.815
338.63   2.823
338.84   2.831
339.04   2.838
339.24   2.846
339.45   2.854
339.65   2.861
339.85   2.869
340.05   2.877
340.26   2.884
340.46   2.892
340.66   2.899
340.87   2.907
341.07   2.914
341.27   2.921
341.48   2.928
341.68   2.935
341.88   2.943
342.09   2.950
342.29   2.957
342.49   2.964
342.70   2.972
342.90   2.979
343.10   2.987
343.31   2.994
343.51   3.001
343.71   3.009
343.92   3.016
344.12   3.024
344.32   3.031
344.53   3.038
344.73   3.046
344.93   3.053
345.13   3.061
345.34   3.068
345.54   3.076
345.74   3.084
345.95   3.092
346.15   3.100
346.35   3.107
346.56   3.115
346.76   3.123
346.96   3.131
347.17   3.139
347.37   3.146
347.57   3.154
347.78   3.162
347.98   3.169
348.18   3.177
348.39   3.185
348.59   3.192
348.79   3.200
349.00   3.208
349.20   3.216
349.40   3.223
349.61   3.231
349.81   3.239
350.01   3.247
350.21   3.255
350.42   3.263
350.62   3.271
350.82   3.278
351.03   3.286
351.23   3.294
351.43   3.302
351.64   3.310
351.84   3.318
352.04   3.326
352.25   3.334
352.45   3.342
352.65   3.350
352.86   3.358
353.06   3.366
353.26   3.374
353.47   3.381
353.67   3.389
353.87   3.397
354.08   3.404
354.28   3.412
354.48   3.419
354.69   3.427
354.89   3.434
355.09   3.441
355.29   3.448
355.50   3.455
355.70   3.461
355.90   3.468
356.11   3.474
356.31   3.480
356.51   3.487
356.72   3.493
356.92   3.500
357.12   3.506
357.33   3.513
357.53   3.520
357.73   3.527
357.94   3.534
358.14   3.541
358.34   3.548
358.55   3.555
358.75   3.562
358.95   3.569
359.16   3.576
359.36   3.583
359.56   3.591
359.77   3.599
359.97   3.607
360.17   3.615
360.37   3.624
360.58   3.633
360.78   3.642
360.98   3.651
361.19   3.661
361.39   3.670
361.59   3.679
361.80   3.688
362.00   3.697
362.20   3.705
362.41   3.714
362.61   3.722
362.81   3.731
363.02   3.739
363.22   3.748
363.42   3.756
363.63   3.765
363.83   3.774
364.03   3.782
364.24   3.790
364.44   3.799
364.64   3.807
364.85   3.816
365.05   3.824
365.25   3.832
365.45   3.840
365.66   3.848
365.86   3.856
366.06   3.864
366.27   3.872
366.47   3.880
366.67   3.888
366.88   3.896
367.08   3.903
367.28   3.911
367.49   3.918
367.69   3.926
367.89   3.933
368.10   3.941
368.30   3.948
368.50   3.955
368.71   3.963
368.91   3.970
369.11   3.977
369.32   3.984
369.52   3.991
369.72   3.998
369.93   4.004
370.13   4.010
370.33   4.016
370.53   4.022
370.74   4.028
370.94   4.034
371.14   4.040
371.35   4.046
371.55   4.053
371.75   4.060
371.96   4.068
372.16   4.075
372.36   4.083
372.57   4.090
372.77   4.098
372.97   4.106
373.18   4.114
373.38   4.122
373.58   4.129
373.79   4.137
373.99   4.145
374.19   4.153
374.40   4.160
374.60   4.168
374.80   4.174
375.01   4.181
375.21   4.187
375.41   4.193
375.61   4.200
375.82   4.206
376.02   4.212
376.22   4.219
376.43   4.226
376.63   4.233
376.83   4.241
377.04   4.248
377.24   4.256
377.44   4.264
377.65   4.271
377.85   4.279
378.05   4.287
378.26   4.294
378.46   4.302
378.66   4.309
378.87   4.317
379.07   4.324
379.27   4.332
379.48   4.339
379.68   4.346
379.88   4.353
380.09   4.360
380.29   4.367
380.49   4.374
380.69   4.381
380.90   4.388
381.10   4.395
381.30   4.402
381.51   4.409
381.71   4.416
381.91   4.424
382.12   4.431
382.32   4.439
382.52   4.446
382.73   4.454
382.93   4.461
383.13   4.469
383.34   4.476
383.54   4.484
383.74   4.492
383.95   4.499
384.15   4.507
384.35   4.515
384.56   4.523
384.76   4.531
384.96   4.539
385.17   4.548
385.37   4.556
385.57   4.564
385.77   4.573
385.98   4.581
386.18   4.589
386.38   4.598
386.59   4.606
386.79   4.614
386.99   4.623
387.20   4.631
387.40   4.640
387.60   4.648
387.81   4.656
388.01   4.665
388.21   4.673
388.42   4.681
388.62   4.689
388.82   4.698
389.03   4.706
389.23   4.714
389.43   4.723
389.64   4.731
389.84   4.740
390.04   4.748
390.25   4.756
390.45   4.765
390.65   4.773
390.85   4.781
391.06   4.789
391.26   4.797
391.46   4.805
391.67   4.812
391.87   4.820
392.07   4.828
392.28   4.836
392.48   4.844
392.68   4.852
392.89   4.859
393.09   4.867
393.29   4.875
393.50   4.882
393.70   4.890
393.90   4.899
394.11   4.907
394.31   4.917
394.51   4.927
394.72   4.938
394.92   4.948
395.12   4.958
395.33   4.969
395.53   4.978
395.73   4.988
395.93   4.996
396.14   5.003
396.34   5.010
396.54   5.017
396.75   5.024
396.95   5.030
397.15   5.036
397.36   5.043
397.56   5.049
397.76   5.055
397.97   5.061
398.17   5.067
398.37   5.074
398.58   5.080
398.78   5.086
398.98   5.094
399.19   5.102
399.39   5.110
399.59   5.119
399.80   5.128
400.00   5.137
400.20   5.146
400.41   5.155
400.61   5.163
400.81   5.171
401.01   5.178
401.22   5.185
401.42   5.191
401.62   5.198
401.83   5.205
402.03   5.211
402.23   5.218
402.44   5.224
402.64   5.231
402.84   5.238
403.05   5.245
403.25   5.252
403.45   5.259
403.66   5.266
403.86   5.274
404.06   5.284
404.27   5.293
404.47   5.304
404.67   5.314
404.88   5.324
405.08   5.334
405.28   5.344
405.49   5.353
405.69   5.361
405.89   5.367
406.09   5.374
406.30   5.380
406.50   5.386
406.70   5.391
406.91   5.397
407.11   5.402
407.31   5.408
407.52   5.414
407.72   5.419
407.92   5.425
408.13   5.431
408.33   5.437
408.53   5.443
408.74   5.449
408.94   5.457
409.14   5.465
409.35   5.473
409.55   5.481
409.75   5.490
409.96   5.499
410.16   5.507
410.36   5.515
410.57   5.522
410.77   5.529
410.97   5.536
411.17   5.543
411.38   5.549
411.58   5.556
411.78   5.562
411.99   5.569
412.19   5.576
412.39   5.583
412.60   5.590
412.80   5.597
413.00   5.605
413.21   5.612
413.41   5.619
413.61   5.627
413.82   5.635
414.02   5.643
414.22   5.651
414.43   5.659
414.63   5.668
414.83   5.676
415.04   5.684
415.24   5.693
415.44   5.701
415.65   5.709
415.85   5.718
416.05   5.726
416.25   5.734
416.46   5.742
416.66   5.751
416.86   5.759
417.07   5.767
417.27   5.776
417.47   5.784
417.68   5.792
417.88   5.800
418.08   5.808
418.29   5.816
418.49   5.823
418.69   5.830
418.90   5.836
419.10   5.842
419.30   5.848
419.51   5.854
419.71   5.860
419.91   5.867
420.12   5.873
420.32   5.880
420.52   5.888
420.73   5.895
420.93   5.903
421.13   5.911
421.33   5.919
421.54   5.927
421.74   5.935
421.94   5.943
422.15   5.952
422.35   5.960
422.55   5.968
422.76   5.976
422.96   5.984
423.16   5.992
423.37   6.000
423.57   6.008
423.77   6.016
423.98   6.024
424.18   6.031
424.38   6.039
424.59   6.047
424.79   6.054
424.99   6.062
425.20   6.070
425.40   6.078
425.60   6.086
425.81   6.094
426.01   6.102
426.21   6.110
426.41   6.117
426.62   6.125
426.82   6.133
427.02   6.141
427.23   6.148
427.43   6.156
427.63   6.163
427.84   6.171
428.04   6.178
428.24   6.185
428.45   6.192
428.65   6.198
428.85   6.204
429.06   6.210
429.26   6.216
429.46   6.223
429.67   6.229
429.87   6.235
430.07   6.242
430.28   6.249
430.48   6.256
430.68   6.264
430.89   6.271
431.09   6.278
431.29   6.286
431.49   6.293
431.70   6.300
431.90   6.308
432.10   6.315
432.31   6.322
432.51   6.329
432.71   6.336
432.92   6.343
433.12   6.350
433.32   6.357
433.53   6.363
433.73   6.370
433.93   6.376
434.14   6.382
434.34   6.389
434.54   6.395
434.75   6.401
434.95   6.408
435.15   6.414
435.36   6.421
435.56   6.427
435.76   6.434
435.97   6.441
436.17   6.447
436.37   6.454
436.57   6.460
436.78   6.467
436.98   6.473
437.18   6.480
437.39   6.486
437.59   6.493
437.79   6.499
438.00   6.506
438.20   6.513
438.40   6.519
438.61   6.526
438.81   6.533
439.01   6.540
439.22   6.547
439.42   6.553
439.62   6.560
439.83   6.567
440.03   6.574
440.23   6.580
440.44   6.587
440.64   6.594
440.84   6.600
441.05   6.607
441.25   6.614
441.45   6.621
441.65   6.627
441.86   6.634
442.06   6.641
442.26   6.647
442.47   6.654
442.67   6.661
442.87   6.667
443.08   6.674
443.28   6.681
443.48   6.687
443.69   6.694
443.89   6.700
444.09   6.707
444.30   6.714
444.50   6.720
444.70   6.727
444.91   6.734
445.11   6.740
445.31   6.747
445.52   6.754
445.72   6.761
445.92   6.767
446.13   6.774
446.33   6.781
446.53   6.788
446.73   6.794
446.94   6.801
447.14   6.808
447.34   6.815
447.55   6.821
447.75   6.828
447.95   6.835
448.16   6.842
448.36   6.849
448.56   6.856
448.77   6.862
448.97   6.869
449.17   6.876
449.38   6.883
449.58   6.890
449.78   6.897
449.99   6.904
450.19   6.910
450.39   6.917
450.60   6.924
450.80   6.931
451.00   6.938
451.21   6.945
451.41   6.952
451.61   6.959
451.81   6.967
452.02   6.974
452.22   6.981
452.42   6.988
452.63   6.995
452.83   7.003
453.03   7.010
453.24   7.017
453.44   7.025
453.64   7.032
453.85   7.040
454.05   7.047
454.25   7.055
454.46   7.062
454.66   7.070
454.86   7.077
455.07   7.085
455.27   7.092
455.47   7.100
455.68   7.107
455.88   7.115
456.08   7.122
456.29   7.130
456.49   7.137
456.69   7.145
456.89   7.152
457.10   7.160
457.30   7.167
457.50   7.174
457.71   7.181
457.91   7.188
458.11   7.195
458.32   7.202
458.52   7.209
458.72   7.216
458.93   7.222
459.13   7.229
459.33   7.237
459.54   7.244
459.74   7.251
459.94   7.259
460.15   7.266
460.35   7.274
460.55   7.281
460.76   7.289
460.96   7.296
461.16   7.304
461.37   7.311
461.57   7.318
461.77   7.326
461.97   7.333
462.18   7.340
462.38   7.348
462.58   7.355
462.79   7.362
462.99   7.369
463.19   7.376
463.40   7.383
463.60   7.389
463.80   7.396
464.01   7.403
464.21   7.410
464.41   7.417
464.62   7.424
464.82   7.431
465.02   7.438
465.23   7.445
465.43   7.453
465.63   7.460
465.84   7.467
466.04   7.474
466.24   7.481
466.45   7.488
466.65   7.495
466.85   7.502
467.05   7.509
467.26   7.516
467.46   7.524
467.66   7.531
467.87   7.539
468.07   7.546
468.27   7.554
468.48   7.561
468.68   7.569
468.88   7.576
469.09   7.584
469.29   7.591
469.49   7.598
469.70   7.605
469.90   7.612
470.10   7.619
470.31   7.626
470.51   7.633
470.71   7.639
470.92   7.646
471.12   7.653
471.32   7.660
471.53   7.667
471.73   7.674
471.93   7.681
472.13   7.688
472.34   7.695
472.54   7.702
472.74   7.709
472.95   7.716
473.15   7.723
473.35   7.731
473.56   7.738
473.76   7.745
473.96   7.752
474.17   7.759
474.37   7.766
474.57   7.773
474.78   7.780
474.98   7.788
475.18   7.795
475.39   7.802
475.59   7.809
475.79   7.816
476.00   7.824
476.20   7.831
476.40   7.838
476.61   7.846
476.81   7.853
477.01   7.860
477.21   7.867
477.42   7.875
477.62   7.882
477.82   7.889
478.03   7.896
478.23   7.903
478.43   7.911
478.64   7.918
478.84   7.926
479.04   7.934
479.25   7.942
479.45   7.949
479.65   7.957
479.86   7.965
480.06   7.973
480.26   7.981
480.47   7.989
480.67   7.997
480.87   8.005
481.08   8.013
481.28   8.021
481.48   8.029
481.69   8.037
481.89   8.045
482.09   8.052
482.29   8.059
482.50   8.066
482.70   8.073
482.90   8.081
483.11   8.088
483.31   8.095
483.51   8.102
483.72   8.109
483.92   8.116
484.12   8.124
484.33   8.131
484.53   8.139
484.73   8.146
484.94   8.154
485.14   8.161
485.34   8.169
485.55   8.176
485.75   8.183
485.95   8.191
486.16   8.198
486.36   8.206
486.56   8.213
486.77   8.221
486.97   8.228
487.17   8.235
487.37   8.243
487.58   8.250
487.78   8.257
487.98   8.264
488.19   8.272
488.39   8.279
488.59   8.287
488.80   8.294
489.00   8.302
489.20   8.309
489.41   8.317
489.61   8.324
489.81   8.332
490.02   8.339
490.22   8.347
490.42   8.354
490.63   8.362
490.83   8.369
491.03   8.377
491.24   8.384
491.44   8.391
491.64   8.398
491.85   8.404
492.05   8.409
493.67   8.457
493.88   8.465
494.08   8.472
494.28   8.480
494.49   8.488
494.69   8.496
494.89   8.504
495.10   8.512
495.30   8.520
495.50   8.528
495.71   8.536
495.91   8.544
496.11   8.551
496.32   8.559
496.52   8.566
496.72   8.573
496.93   8.580
497.13   8.586
497.33   8.592
497.53   8.598
497.74   8.604
497.94   8.611
498.14   8.617
498.35   8.624
498.55   8.631
498.75   8.638
498.96   8.645
499.16   8.652
499.36   8.660
499.57   8.667
499.77   8.674
499.97   8.681
500.18   8.688
500.38   8.695
500.58   8.702
500.79   8.709
500.99   8.716
501.19   8.723
501.40   8.730
501.60   8.737
501.80   8.744
502.01   8.751
502.21   8.758
502.41   8.765
502.61   8.771
502.82   8.778
503.02   8.785
503.22   8.792
503.43   8.799
503.63   8.806
503.83   8.812
504.04   8.819
504.24   8.826
504.44   8.833
504.65   8.840
504.85   8.846
505.05   8.853
505.26   8.860
505.46   8.866
505.66   8.873
505.87   8.880
506.07   8.886
506.27   8.893
506.48   8.900
506.68   8.906
506.88   8.913
507.09   8.919
507.29   8.926
507.49   8.932
507.69   8.939
507.90   8.945
508.10   8.952
508.30   8.958
508.51   8.964
508.71   8.971
508.91   8.977
509.12   8.984
509.32   8.990
509.52   8.997
509.73   9.003
509.93   9.010
510.13   9.016
510.34   9.023
510.54   9.029
510.74   9.036
510.95   9.043
511.15   9.049
