  
  DOI/GTN-P Deep Borehole Array, Arctic Alaska 
             U.S. Geological Survey 
            Processed Temperature Log 
                    28-Aug-2013 
________________________________________________ 
  
Temperature Log Information: 
  Well name:   J.W. Dalton 
  File name:   JWD_03AUG26_c_d 
  Log date:    26-AUG-2003 
  
Contact Information: 
  Gary Clow 
  U.S. Geological Survey 
  clow@usgs.gov 
  
Definitions: 
  Depth:        Depth below local ground surface (m) 
  Temperature:  ITS-90 temperature (°C) 
________________________________________________ 
             
 Depth  Temperature 
 27.56  -9.896
 27.65  -9.896
 27.74  -9.896
 27.84  -9.897
 27.93  -9.897
 28.01  -9.898
 28.10  -9.899
 28.18  -9.900
 28.27  -9.901
 28.35  -9.902
 28.43  -9.903
 28.51  -9.905
 28.60  -9.906
 28.76  -9.908
 28.84  -9.910
 28.99  -9.912
 29.06  -9.914
 29.14  -9.915
 29.21  -9.917
 29.28  -9.919
 29.35  -9.920
 29.42  -9.922
 29.49  -9.924
 29.56  -9.925
 29.63  -9.927
 29.70  -9.929
 29.85  -9.932
 29.92  -9.934
 29.99  -9.936
 30.06  -9.938
 30.13  -9.939
 30.20  -9.941
 30.27  -9.942
 30.34  -9.944
 30.42  -9.945
 30.49  -9.946
 30.56  -9.947
 30.63  -9.948
 30.70  -9.949
 30.78  -9.950
 30.85  -9.950
 30.91  -9.951
 30.99  -9.953
 31.06  -9.954
 31.13  -9.955
 31.21  -9.956
 31.28  -9.957
 31.35  -9.958
 31.42  -9.959
 31.49  -9.961
 31.56  -9.962
 31.63  -9.963
 31.70  -9.965
 31.77  -9.966
 31.84  -9.968
 31.92  -9.969
 31.99  -9.971
 32.06  -9.972
 32.13  -9.973
 32.20  -9.975
 32.27  -9.976
 32.34  -9.977
 32.41  -9.979
 32.48  -9.980
 32.56  -9.981
 32.63  -9.982
 32.70  -9.982
 32.77  -9.983
 32.84  -9.984
 32.91  -9.984
 32.98  -9.985
 33.05  -9.985
 33.12  -9.985
 33.19  -9.986
 33.26  -9.986
 33.33  -9.986
 33.41  -9.987
 33.48  -9.987
 33.55  -9.987
 33.62  -9.987
 33.69  -9.987
 33.76  -9.988
 33.83  -9.988
 33.90  -9.988
 33.98  -9.988
 34.05  -9.988
 34.12  -9.989
 34.18  -9.989
 34.26  -9.989
 34.33  -9.989
 34.40  -9.989
 34.47  -9.989
 34.54  -9.989
 34.61  -9.989
 34.68  -9.989
 34.75  -9.989
 34.82  -9.989
 34.89  -9.989
 34.96  -9.989
 35.04  -9.989
 35.11  -9.989
 35.18  -9.989
 35.25  -9.989
 35.32  -9.990
 35.39  -9.990
 35.46  -9.990
 35.53  -9.990
 35.60  -9.990
 35.67  -9.990
 35.75  -9.990
 35.82  -9.990
 35.89  -9.990
 35.96  -9.989
 36.03  -9.989
 36.10  -9.989
 36.17  -9.989
 36.24  -9.989
 36.31  -9.989
 36.38  -9.989
 36.46  -9.989
 36.53  -9.989
 36.60  -9.989
 36.67  -9.989
 36.74  -9.989
 36.81  -9.989
 36.88  -9.989
 36.95  -9.989
 37.02  -9.989
 37.09  -9.989
 37.17  -9.989
 37.24  -9.988
 37.31  -9.988
 37.38  -9.988
 37.45  -9.988
 37.52  -9.988
 37.59  -9.988
 37.66  -9.988
 37.74  -9.988
 37.81  -9.988
 37.88  -9.988
 37.95  -9.988
 38.02  -9.988
 38.09  -9.988
 38.16  -9.988
 38.23  -9.988
 38.31  -9.988
 38.38  -9.988
 38.45  -9.987
 38.52  -9.987
 38.59  -9.987
 38.67  -9.987
 38.74  -9.987
 38.81  -9.987
 38.88  -9.987
 38.95  -9.987
 39.02  -9.987
 39.09  -9.986
 39.16  -9.986
 39.23  -9.986
 39.30  -9.986
 39.37  -9.986
 39.44  -9.986
 39.51  -9.986
 39.58  -9.986
 39.66  -9.985
 39.73  -9.985
 39.80  -9.985
 39.87  -9.985
 39.94  -9.985
 40.01  -9.985
 40.08  -9.985
 40.15  -9.985
 40.22  -9.984
 40.29  -9.984
 40.36  -9.984
 40.44  -9.984
 40.51  -9.983
 40.58  -9.983
 40.65  -9.983
 40.72  -9.982
 40.79  -9.982
 40.86  -9.981
 40.93  -9.981
 41.00  -9.981
 41.07  -9.980
 41.14  -9.980
 41.21  -9.979
 41.28  -9.979
 41.35  -9.978
 41.43  -9.978
 41.50  -9.977
 41.57  -9.977
 41.64  -9.976
 41.71  -9.976
 41.78  -9.976
 41.85  -9.975
 41.92  -9.975
 41.99  -9.974
 42.06  -9.974
 42.13  -9.974
 42.20  -9.974
 42.27  -9.973
 42.34  -9.973
 42.42  -9.973
 42.49  -9.972
 42.56  -9.972
 42.63  -9.972
 42.70  -9.971
 42.77  -9.971
 42.84  -9.971
 42.91  -9.970
 42.98  -9.970
 43.05  -9.969
 43.13  -9.969
 43.20  -9.969
 43.26  -9.968
 43.33  -9.968
 43.41  -9.967
 43.47  -9.967
 43.54  -9.967
 43.61  -9.966
 43.68  -9.966
 43.75  -9.965
 43.82  -9.965
 43.90  -9.965
 43.96  -9.964
 44.03  -9.964
 44.10  -9.964
 44.17  -9.963
 44.24  -9.963
 44.31  -9.962
 44.38  -9.962
 44.45  -9.962
 44.52  -9.961
 44.60  -9.961
 44.67  -9.961
 44.73  -9.960
 44.80  -9.960
 44.87  -9.959
 44.94  -9.959
 45.01  -9.958
 45.09  -9.958
 45.16  -9.957
 45.23  -9.957
 45.33  -9.956
 45.43  -9.955
 45.52  -9.955
 45.62  -9.954
 45.71  -9.954
 45.82  -9.953
 45.93  -9.952
 46.04  -9.952
 46.15  -9.951
 46.26  -9.950
 46.37  -9.950
 46.48  -9.949
 46.58  -9.948
 46.69  -9.948
 46.79  -9.947
 46.90  -9.946
 47.01  -9.945
 47.11  -9.945
 47.22  -9.944
 47.33  -9.943
 47.43  -9.942
 47.54  -9.942
 47.64  -9.941
 47.75  -9.940
 47.86  -9.940
 47.96  -9.939
 48.07  -9.938
 48.18  -9.938
 48.29  -9.937
 48.39  -9.937
 48.50  -9.936
 48.61  -9.936
 48.71  -9.935
 48.82  -9.935
 48.93  -9.935
 49.03  -9.934
 49.14  -9.934
 49.25  -9.934
 49.35  -9.934
 49.46  -9.933
 49.57  -9.933
 49.67  -9.933
 49.88  -9.932
 49.99  -9.932
 50.09  -9.931
 50.20  -9.930
 50.31  -9.930
 50.42  -9.929
 50.52  -9.928
 50.63  -9.928
 50.73  -9.927
 50.84  -9.926
 50.95  -9.926
 51.06  -9.925
 51.16  -9.924
 51.27  -9.923
 51.37  -9.923
 51.47  -9.922
 51.58  -9.921
 51.69  -9.920
 51.80  -9.920
 51.90  -9.919
 52.01  -9.918
 52.12  -9.918
 52.22  -9.917
 52.32  -9.916
 52.43  -9.916
 52.54  -9.915
 52.64  -9.914
 52.75  -9.914
 52.85  -9.913
 52.96  -9.912
 53.06  -9.912
 53.17  -9.911
 53.28  -9.911
 53.38  -9.910
 53.49  -9.909
 53.60  -9.909
 53.70  -9.908
 53.81  -9.907
 53.91  -9.907
 54.02  -9.906
 54.13  -9.905
 54.23  -9.905
 54.34  -9.904
 54.44  -9.904
 54.54  -9.903
 54.65  -9.902
 54.76  -9.902
 54.86  -9.901
 54.97  -9.901
 55.07  -9.900
 55.18  -9.900
 55.28  -9.899
 55.39  -9.899
 55.50  -9.898
 55.60  -9.898
 55.71  -9.898
 55.81  -9.897
 55.92  -9.897
 56.02  -9.896
 56.13  -9.896
 56.24  -9.895
 56.34  -9.895
 56.44  -9.895
 56.55  -9.894
 56.65  -9.893
 56.76  -9.893
 56.86  -9.892
 56.97  -9.891
 57.07  -9.890
 57.18  -9.889
 57.29  -9.888
 57.39  -9.887
 57.50  -9.886
 57.61  -9.884
 57.71  -9.883
 57.82  -9.882
 57.92  -9.881
 58.03  -9.880
 58.13  -9.879
 58.24  -9.878
 58.35  -9.877
 58.45  -9.876
 58.55  -9.875
 58.66  -9.874
 58.77  -9.874
 58.88  -9.873
 58.98  -9.872
 59.09  -9.872
 59.19  -9.871
 59.30  -9.871
 59.40  -9.871
 59.51  -9.870
 59.62  -9.870
 59.72  -9.869
 59.83  -9.869
 59.93  -9.868
 60.04  -9.868
 60.14  -9.867
 60.25  -9.866
 60.35  -9.865
 60.46  -9.865
 60.56  -9.864
 60.66  -9.863
 60.77  -9.862
 60.87  -9.861
 60.97  -9.860
 61.08  -9.859
 61.19  -9.858
 61.29  -9.857
 61.39  -9.856
 61.50  -9.855
 61.61  -9.854
 61.71  -9.853
 61.82  -9.853
 61.92  -9.852
 62.03  -9.851
 62.13  -9.851
 62.24  -9.850
 62.34  -9.849
 62.45  -9.849
 62.55  -9.848
 62.65  -9.848
 62.76  -9.847
 62.86  -9.846
 62.97  -9.846
 63.07  -9.845
 63.17  -9.844
 63.27  -9.844
 63.38  -9.843
 63.49  -9.842
 63.59  -9.841
 63.70  -9.840
 63.80  -9.839
 63.91  -9.838
 64.01  -9.837
 64.11  -9.836
 64.22  -9.835
 64.32  -9.834
 64.43  -9.833
 64.53  -9.832
 64.63  -9.830
 64.74  -9.829
 64.84  -9.828
 64.95  -9.827
 65.05  -9.826
 65.15  -9.825
 65.26  -9.824
 65.36  -9.823
 65.47  -9.822
 65.57  -9.821
 65.67  -9.820
 65.77  -9.819
 65.88  -9.818
 65.98  -9.817
 66.08  -9.816
 66.19  -9.815
 66.29  -9.814
 66.39  -9.813
 66.49  -9.812
 66.59  -9.811
 66.69  -9.810
 66.80  -9.809
 66.90  -9.808
 67.00  -9.807
 67.10  -9.806
 67.20  -9.804
 67.30  -9.803
 67.40  -9.802
 67.50  -9.801
 67.60  -9.800
 67.70  -9.799
 67.81  -9.798
 67.91  -9.797
 68.01  -9.796
 68.11  -9.795
 68.21  -9.794
 68.31  -9.792
 68.41  -9.791
 68.51  -9.790
 68.61  -9.789
 68.71  -9.788
 68.81  -9.787
 68.92  -9.785
 69.01  -9.784
 69.11  -9.783
 69.21  -9.782
 69.32  -9.780
 69.42  -9.779
 69.52  -9.778
 69.62  -9.777
 69.72  -9.776
 69.82  -9.774
 69.92  -9.773
 70.02  -9.772
 70.12  -9.771
 70.22  -9.769
 70.32  -9.768
 70.42  -9.767
 70.52  -9.766
 70.62  -9.765
 70.72  -9.763
 70.82  -9.762
 70.92  -9.761
 71.02  -9.760
 71.12  -9.759
 71.22  -9.757
 71.32  -9.756
 71.42  -9.755
 71.52  -9.754
 71.62  -9.753
 71.72  -9.751
 71.82  -9.750
 71.93  -9.749
 72.03  -9.748
 72.13  -9.746
 72.23  -9.745
 72.33  -9.744
 72.43  -9.742
 72.53  -9.741
 72.63  -9.740
 72.73  -9.739
 72.83  -9.737
 72.93  -9.736
 73.03  -9.735
 73.14  -9.733
 73.24  -9.732
 73.34  -9.731
 73.44  -9.730
 73.54  -9.728
 73.64  -9.727
 73.74  -9.726
 73.84  -9.725
 73.94  -9.723
 74.04  -9.722
 74.14  -9.721
 74.25  -9.720
 74.35  -9.718
 74.45  -9.717
 74.55  -9.716
 74.65  -9.714
 74.75  -9.713
 74.85  -9.712
 74.95  -9.710
 75.05  -9.709
 75.15  -9.707
 75.25  -9.706
 75.35  -9.704
 75.45  -9.703
 75.55  -9.701
 75.66  -9.699
 75.76  -9.698
 75.86  -9.696
 75.96  -9.695
 76.06  -9.693
 76.16  -9.691
 76.26  -9.690
 76.36  -9.688
 76.46  -9.687
 76.57  -9.685
 76.67  -9.683
 76.77  -9.682
 76.87  -9.680
 76.97  -9.679
 77.07  -9.677
 77.18  -9.676
 77.27  -9.674
 77.37  -9.673
 77.48  -9.671
 77.57  -9.670
 77.67  -9.668
 77.78  -9.667
 77.87  -9.665
 77.97  -9.664
 78.08  -9.662
 78.18  -9.660
 78.28  -9.659
 78.38  -9.657
 78.48  -9.655
 78.58  -9.653
 78.68  -9.651
 78.78  -9.649
 78.88  -9.647
 78.98  -9.645
 79.08  -9.644
 79.18  -9.642
 79.28  -9.640
 79.38  -9.638
 79.48  -9.636
 79.58  -9.635
 79.68  -9.633
 79.79  -9.632
 79.89  -9.630
 79.99  -9.629
 80.09  -9.628
 80.19  -9.626
 80.29  -9.625
 80.39  -9.624
 80.49  -9.623
 80.59  -9.622
 80.70  -9.621
 80.80  -9.619
 80.90  -9.618
 81.00  -9.617
 81.10  -9.616
 81.20  -9.614
 81.30  -9.613
 81.40  -9.611
 81.50  -9.610
 81.60  -9.608
 81.70  -9.606
 81.80  -9.604
 81.90  -9.602
 82.00  -9.600
 82.10  -9.598
 82.21  -9.596
 82.30  -9.594
 82.40  -9.593
 82.50  -9.591
 82.60  -9.589
 82.70  -9.587
 82.80  -9.585
 82.90  -9.583
 83.00  -9.581
 83.10  -9.580
 83.20  -9.578
 83.30  -9.577
 83.40  -9.575
 83.50  -9.574
 83.60  -9.572
 83.70  -9.571
 83.80  -9.569
 83.90  -9.568
 84.00  -9.566
 84.11  -9.565
 84.21  -9.563
 84.31  -9.562
 84.41  -9.560
 84.51  -9.559
 84.61  -9.557
 84.71  -9.556
 84.81  -9.554
 84.91  -9.553
 85.01  -9.551
 85.11  -9.550
 85.21  -9.548
 85.31  -9.547
 85.42  -9.545
 85.52  -9.544
 85.62  -9.542
 85.72  -9.541
 85.82  -9.539
 85.92  -9.538
 86.02  -9.536
 86.12  -9.535
 86.23  -9.533
 86.32  -9.531
 86.42  -9.529
 86.53  -9.528
 86.63  -9.526
 86.72  -9.524
 86.83  -9.522
 86.93  -9.520
 87.02  -9.518
 87.13  -9.516
 87.23  -9.514
 87.33  -9.513
 87.43  -9.511
 87.53  -9.509
 87.64  -9.507
 87.73  -9.504
 87.84  -9.502
 87.94  -9.500
 88.04  -9.498
 88.14  -9.496
 88.24  -9.494
 88.34  -9.491
 88.44  -9.489
 88.54  -9.487
 88.64  -9.485
 88.74  -9.483
 88.84  -9.480
 88.94  -9.478
 89.04  -9.476
 89.14  -9.474
 89.24  -9.472
 89.34  -9.470
 89.44  -9.468
 89.54  -9.466
 89.64  -9.464
 89.74  -9.463
 89.84  -9.461
 89.94  -9.459
 90.04  -9.458
 90.14  -9.456
 90.24  -9.454
 90.34  -9.453
 90.44  -9.451
 90.54  -9.450
 90.64  -9.448
 90.74  -9.446
 90.84  -9.445
 90.94  -9.443
 91.04  -9.442
 91.15  -9.440
 91.25  -9.438
 91.34  -9.437
 91.45  -9.435
 91.55  -9.433
 91.65  -9.431
 91.75  -9.430
 91.84  -9.428
 91.94  -9.426
 92.04  -9.425
 92.14  -9.423
 92.24  -9.421
 92.34  -9.419
 92.45  -9.417
 92.55  -9.415
 92.65  -9.413
 92.74  -9.411
 92.84  -9.409
 92.94  -9.407
 93.05  -9.405
 93.15  -9.403
 93.25  -9.401
 93.35  -9.399
 93.45  -9.397
 93.55  -9.395
 93.65  -9.392
 93.75  -9.390
 93.85  -9.388
 93.95  -9.386
 94.05  -9.383
 94.15  -9.381
 94.25  -9.379
 94.35  -9.376
 94.45  -9.374
 94.55  -9.372
 94.65  -9.369
 94.74  -9.367
 94.84  -9.364
 94.94  -9.362
 95.05  -9.360
 95.15  -9.357
 95.24  -9.355
 95.34  -9.353
 95.44  -9.350
 95.54  -9.348
 95.64  -9.346
 95.74  -9.343
 95.84  -9.341
 95.94  -9.339
 96.04  -9.337
 96.14  -9.335
 96.24  -9.333
 96.34  -9.331
 96.44  -9.329
 96.54  -9.327
 96.64  -9.325
 96.74  -9.323
 96.84  -9.321
 96.94  -9.319
 97.04  -9.317
 97.14  -9.315
 97.24  -9.313
 97.33  -9.312
 97.44  -9.310
 97.54  -9.308
 97.64  -9.306
 97.74  -9.304
 97.84  -9.302
 97.94  -9.301
 98.04  -9.299
 98.14  -9.297
 98.24  -9.295
 98.34  -9.293
 98.44  -9.292
 98.53  -9.290
 98.63  -9.288
 98.73  -9.286
 98.84  -9.284
 98.93  -9.282
 99.03  -9.280
 99.13  -9.278
 99.23  -9.276
 99.33  -9.274
 99.43  -9.272
 99.53  -9.270
 99.63  -9.268
 99.73  -9.266
 99.83  -9.263
 99.93  -9.261
100.02  -9.259
100.12  -9.257
100.22  -9.255
100.32  -9.252
100.42  -9.250
100.52  -9.248
100.62  -9.246
100.73  -9.243
100.83  -9.241
100.93  -9.239
101.02  -9.236
101.12  -9.234
101.23  -9.231
101.33  -9.229
101.43  -9.227
101.53  -9.224
101.62  -9.222
101.72  -9.219
101.82  -9.217
101.92  -9.215
102.02  -9.213
102.12  -9.210
102.21  -9.208
102.31  -9.206
102.40  -9.205
102.50  -9.203
102.59  -9.201
102.69  -9.199
102.79  -9.197
102.88  -9.196
102.98  -9.194
103.08  -9.192
103.18  -9.190
103.27  -9.188
103.37  -9.187
103.47  -9.185
103.57  -9.183
103.66  -9.181
103.76  -9.179
103.86  -9.176
103.96  -9.174
104.05  -9.172
104.15  -9.169
104.24  -9.167
104.34  -9.165
104.44  -9.162
104.54  -9.160
104.63  -9.157
104.73  -9.155
104.83  -9.153
104.92  -9.150
105.02  -9.148
105.12  -9.146
105.21  -9.143
105.31  -9.141
105.41  -9.139
105.50  -9.137
105.60  -9.135
105.70  -9.133
105.79  -9.132
105.89  -9.130
105.99  -9.128
106.08  -9.126
106.18  -9.124
106.28  -9.122
106.38  -9.121
106.47  -9.119
106.57  -9.117
106.66  -9.115
106.76  -9.113
106.86  -9.111
106.95  -9.109
107.05  -9.107
107.15  -9.105
107.25  -9.103
107.34  -9.101
107.44  -9.099
107.54  -9.097
107.64  -9.095
107.73  -9.093
107.83  -9.091
107.93  -9.089
108.02  -9.087
108.12  -9.085
108.21  -9.083
108.31  -9.081
108.41  -9.079
108.51  -9.077
108.60  -9.075
108.70  -9.073
108.80  -9.072
108.90  -9.070
108.99  -9.068
109.09  -9.066
109.19  -9.064
109.28  -9.063
109.38  -9.061
109.48  -9.059
109.58  -9.057
109.68  -9.055
109.77  -9.053
109.87  -9.052
109.96  -9.050
110.06  -9.048
110.16  -9.046
110.25  -9.045
110.35  -9.043
110.45  -9.041
110.54  -9.039
110.64  -9.038
110.74  -9.036
110.83  -9.034
110.93  -9.032
111.03  -9.030
111.12  -9.028
111.22  -9.027
111.32  -9.025
111.42  -9.023
111.51  -9.020
111.61  -9.018
111.71  -9.016
111.81  -9.014
111.90  -9.011
112.00  -9.009
112.10  -9.006
112.20  -9.004
112.29  -9.002
112.39  -8.999
112.49  -8.997
112.59  -8.994
112.69  -8.992
112.78  -8.989
112.88  -8.987
112.98  -8.984
113.07  -8.982
113.17  -8.979
113.27  -8.977
113.37  -8.975
113.47  -8.972
113.56  -8.970
113.66  -8.967
113.75  -8.965
113.85  -8.963
113.95  -8.960
114.05  -8.958
114.14  -8.956
114.24  -8.953
114.34  -8.951
114.43  -8.948
114.53  -8.946
114.64  -8.944
114.74  -8.942
114.85  -8.939
114.95  -8.937
115.05  -8.935
115.16  -8.932
115.27  -8.930
115.37  -8.928
115.47  -8.926
115.58  -8.923
115.68  -8.921
115.79  -8.919
115.89  -8.917
116.00  -8.915
116.10  -8.912
116.21  -8.910
116.31  -8.908
116.42  -8.905
116.52  -8.903
116.62  -8.901
116.73  -8.898
116.83  -8.896
116.94  -8.893
117.04  -8.891
117.15  -8.889
117.26  -8.886
117.36  -8.884
117.46  -8.881
117.57  -8.879
117.67  -8.876
117.78  -8.874
117.88  -8.871
117.99  -8.869
118.09  -8.867
118.19  -8.864
118.30  -8.862
118.40  -8.859
118.51  -8.857
118.61  -8.854
118.72  -8.852
118.82  -8.850
118.93  -8.847
119.03  -8.845
119.13  -8.842
119.24  -8.840
119.35  -8.837
119.45  -8.835
119.55  -8.832
119.66  -8.829
119.76  -8.826
119.87  -8.823
119.97  -8.821
120.07  -8.818
120.18  -8.815
120.29  -8.812
120.39  -8.809
120.49  -8.806
120.60  -8.803
120.71  -8.800
120.81  -8.797
120.92  -8.794
121.02  -8.792
121.12  -8.789
121.23  -8.787
121.33  -8.785
121.44  -8.783
121.54  -8.781
121.65  -8.779
121.75  -8.777
121.85  -8.776
121.96  -8.774
122.07  -8.773
122.17  -8.771
122.27  -8.769
122.38  -8.768
122.48  -8.766
122.59  -8.765
122.69  -8.763
122.79  -8.761
122.90  -8.759
123.00  -8.757
123.11  -8.755
123.21  -8.753
123.32  -8.750
123.42  -8.748
123.52  -8.746
123.63  -8.743
123.73  -8.741
123.84  -8.738
123.94  -8.735
124.04  -8.733
124.15  -8.730
124.25  -8.728
124.36  -8.725
124.46  -8.722
124.56  -8.720
124.67  -8.717
124.77  -8.714
124.87  -8.712
124.98  -8.709
125.08  -8.706
125.19  -8.704
125.29  -8.701
125.40  -8.698
125.50  -8.695
125.60  -8.693
125.71  -8.690
125.81  -8.687
125.92  -8.684
126.02  -8.682
126.12  -8.679
126.22  -8.676
126.33  -8.674
126.44  -8.671
126.54  -8.668
126.64  -8.666
126.74  -8.664
126.85  -8.661
126.95  -8.659
127.06  -8.656
127.16  -8.654
127.27  -8.651
127.37  -8.649
127.47  -8.646
127.58  -8.644
127.68  -8.642
127.79  -8.639
127.89  -8.637
127.99  -8.635
128.09  -8.633
128.20  -8.630
128.31  -8.628
128.41  -8.626
128.51  -8.624
128.61  -8.622
128.72  -8.619
128.82  -8.617
128.92  -8.615
129.03  -8.613
129.13  -8.610
129.24  -8.608
129.34  -8.606
129.45  -8.603
129.55  -8.601
129.65  -8.598
129.76  -8.595
129.86  -8.592
129.96  -8.589
130.07  -8.585
130.17  -8.582
130.28  -8.579
130.38  -8.576
130.48  -8.572
130.59  -8.569
130.69  -8.566
130.79  -8.563
130.90  -8.559
131.00  -8.556
131.11  -8.553
131.21  -8.550
131.32  -8.548
131.42  -8.545
131.52  -8.542
131.62  -8.540
131.73  -8.538
131.83  -8.535
131.94  -8.533
132.04  -8.531
132.15  -8.529
132.25  -8.526
132.35  -8.524
132.46  -8.522
132.56  -8.520
132.66  -8.517
132.77  -8.515
132.87  -8.513
132.97  -8.510
133.08  -8.508
133.18  -8.505
133.28  -8.502
133.39  -8.500
133.49  -8.497
133.59  -8.494
133.70  -8.491
133.80  -8.489
133.90  -8.486
134.01  -8.483
134.11  -8.480
134.21  -8.478
134.32  -8.475
134.42  -8.472
134.53  -8.470
134.63  -8.468
134.73  -8.465
134.83  -8.463
134.94  -8.461
135.04  -8.459
135.15  -8.457
135.25  -8.455
135.35  -8.452
135.45  -8.450
135.56  -8.448
135.66  -8.446
135.77  -8.444
135.87  -8.441
135.97  -8.439
136.07  -8.437
136.17  -8.434
136.28  -8.432
136.38  -8.429
136.48  -8.426
136.59  -8.423
136.69  -8.420
136.79  -8.417
136.89  -8.414
136.99  -8.411
137.09  -8.407
137.19  -8.404
137.29  -8.401
137.39  -8.398
137.49  -8.395
137.59  -8.392
137.69  -8.388
137.79  -8.385
137.89  -8.382
137.99  -8.379
138.09  -8.376
138.19  -8.373
138.29  -8.370
138.39  -8.367
138.49  -8.364
138.59  -8.361
138.69  -8.358
138.79  -8.355
138.89  -8.352
138.99  -8.349
139.09  -8.346
139.19  -8.343
139.30  -8.340
139.40  -8.337
139.49  -8.334
139.60  -8.331
139.69  -8.328
139.80  -8.325
139.90  -8.322
140.00  -8.318
140.10  -8.315
140.20  -8.312
140.30  -8.309
140.40  -8.306
140.50  -8.303
140.60  -8.300
140.70  -8.297
140.80  -8.294
140.90  -8.291
141.00  -8.288
141.10  -8.285
141.20  -8.282
141.30  -8.280
141.40  -8.277
141.50  -8.274
141.60  -8.272
141.71  -8.269
141.80  -8.266
141.90  -8.264
142.01  -8.261
142.11  -8.259
142.21  -8.256
142.31  -8.254
142.41  -8.251
142.51  -8.248
142.61  -8.246
142.71  -8.244
142.81  -8.241
142.91  -8.239
143.02  -8.236
143.12  -8.234
143.21  -8.232
143.31  -8.229
143.41  -8.227
143.52  -8.224
143.62  -8.222
143.72  -8.220
143.82  -8.217
143.92  -8.215
144.02  -8.212
144.12  -8.210
144.22  -8.207
144.32  -8.205
144.42  -8.202
144.52  -8.199
144.62  -8.197
144.72  -8.194
144.83  -8.191
144.93  -8.188
145.03  -8.186
145.12  -8.183
145.22  -8.180
145.33  -8.177
145.43  -8.174
145.53  -8.171
145.63  -8.169
145.73  -8.166
145.83  -8.163
145.93  -8.160
146.04  -8.157
146.14  -8.155
146.23  -8.152
146.34  -8.149
146.44  -8.147
146.54  -8.144
146.64  -8.141
146.74  -8.138
146.84  -8.136
146.94  -8.133
147.04  -8.130
147.14  -8.128
147.24  -8.125
147.35  -8.122
147.44  -8.120
147.55  -8.117
147.64  -8.114
147.75  -8.112
147.85  -8.109
147.95  -8.107
148.05  -8.104
148.15  -8.102
148.25  -8.099
148.35  -8.096
148.45  -8.094
148.55  -8.091
148.65  -8.089
148.75  -8.086
148.86  -8.084
148.96  -8.081
149.06  -8.079
149.16  -8.076
149.26  -8.074
149.36  -8.071
149.46  -8.068
149.57  -8.066
149.67  -8.063
149.77  -8.061
149.87  -8.058
149.97  -8.055
150.07  -8.053
150.17  -8.050
150.28  -8.048
150.38  -8.045
150.47  -8.043
150.58  -8.040
150.68  -8.038
150.78  -8.035
150.88  -8.033
150.98  -8.030
151.08  -8.028
151.18  -8.026
151.29  -8.023
151.39  -8.021
151.49  -8.019
151.59  -8.017
151.69  -8.014
151.79  -8.012
151.89  -8.010
151.99  -8.007
152.09  -8.005
152.19  -8.003
152.30  -8.000
152.40  -7.998
152.50  -7.995
152.60  -7.993
152.70  -7.990
152.80  -7.987
152.90  -7.985
153.00  -7.982
153.10  -7.980
153.21  -7.977
153.31  -7.974
153.40  -7.972
153.50  -7.969
153.61  -7.966
153.71  -7.964
153.81  -7.961
153.91  -7.959
154.01  -7.956
154.11  -7.954
154.21  -7.951
154.31  -7.949
154.42  -7.947
154.52  -7.944
154.62  -7.942
154.72  -7.940
154.82  -7.937
154.92  -7.935
155.02  -7.932
155.12  -7.930
155.22  -7.928
155.32  -7.925
155.42  -7.923
155.53  -7.920
155.63  -7.918
155.73  -7.915
155.83  -7.913
155.93  -7.910
156.03  -7.907
156.13  -7.905
156.23  -7.902
156.33  -7.899
156.43  -7.897
156.54  -7.894
156.64  -7.891
156.74  -7.889
156.84  -7.886
156.94  -7.883
157.04  -7.881
157.14  -7.878
157.24  -7.876
157.35  -7.873
157.45  -7.871
157.55  -7.868
157.65  -7.866
157.75  -7.864
157.85  -7.861
157.95  -7.859
158.05  -7.857
158.15  -7.854
158.25  -7.852
158.36  -7.849
158.46  -7.847
158.56  -7.844
158.66  -7.842
158.76  -7.840
158.86  -7.837
158.96  -7.834
159.06  -7.832
159.16  -7.829
159.26  -7.827
159.37  -7.824
159.46  -7.821
159.56  -7.819
159.67  -7.816
159.77  -7.814
159.87  -7.811
159.97  -7.808
160.07  -7.806
160.17  -7.803
160.27  -7.800
160.38  -7.797
160.48  -7.794
160.58  -7.792
160.68  -7.789
160.78  -7.786
160.88  -7.783
160.98  -7.780
161.09  -7.777
161.19  -7.774
161.29  -7.771
161.39  -7.768
161.49  -7.765
161.59  -7.762
161.69  -7.759
161.80  -7.757
161.89  -7.754
161.99  -7.752
162.10  -7.749
162.20  -7.747
162.30  -7.745
162.40  -7.743
162.50  -7.741
162.60  -7.739
162.70  -7.738
162.80  -7.736
162.90  -7.734
163.00  -7.732
163.11  -7.730
163.20  -7.729
163.30  -7.727
163.41  -7.725
163.51  -7.723
163.61  -7.721
163.71  -7.719
163.81  -7.717
163.91  -7.715
164.01  -7.713
164.11  -7.711
164.21  -7.708
164.31  -7.706
164.41  -7.704
164.51  -7.701
164.61  -7.699
164.72  -7.697
164.82  -7.695
164.92  -7.692
165.02  -7.690
165.12  -7.687
165.22  -7.685
165.32  -7.683
165.42  -7.680
165.52  -7.678
165.62  -7.676
165.72  -7.673
165.82  -7.671
165.93  -7.668
166.03  -7.666
166.13  -7.663
166.23  -7.661
166.33  -7.659
166.43  -7.656
166.53  -7.654
166.63  -7.651
166.73  -7.648
166.83  -7.646
166.93  -7.643
167.03  -7.641
167.13  -7.638
167.24  -7.636
167.34  -7.633
167.44  -7.630
167.54  -7.628
167.64  -7.625
167.74  -7.622
167.84  -7.620
167.94  -7.617
168.04  -7.614
168.14  -7.612
168.24  -7.609
168.34  -7.607
168.45  -7.604
168.55  -7.602
168.64  -7.599
168.75  -7.597
168.85  -7.594
168.95  -7.592
169.05  -7.590
169.15  -7.587
169.25  -7.585
169.35  -7.582
169.45  -7.580
169.55  -7.578
169.65  -7.575
169.75  -7.573
169.85  -7.571
169.95  -7.568
170.05  -7.566
170.15  -7.563
170.26  -7.561
170.35  -7.558
170.45  -7.556
170.55  -7.553
170.65  -7.551
170.75  -7.548
170.85  -7.546
170.94  -7.543
171.04  -7.541
171.14  -7.538
171.24  -7.536
171.34  -7.533
171.43  -7.531
171.53  -7.528
171.63  -7.526
171.73  -7.523
171.82  -7.521
171.92  -7.519
172.02  -7.517
172.11  -7.514
172.21  -7.512
172.31  -7.510
172.41  -7.508
172.51  -7.505
172.60  -7.503
172.70  -7.501
172.80  -7.499
172.90  -7.497
172.99  -7.495
173.09  -7.492
173.19  -7.490
173.29  -7.488
173.38  -7.486
173.48  -7.483
173.58  -7.481
173.68  -7.479
173.78  -7.477
173.87  -7.475
173.97  -7.472
174.07  -7.470
174.16  -7.468
174.26  -7.466
174.36  -7.463
174.46  -7.461
174.56  -7.459
174.65  -7.457
174.75  -7.455
174.85  -7.453
174.95  -7.451
175.04  -7.449
175.14  -7.447
175.24  -7.445
175.34  -7.443
175.44  -7.441
175.53  -7.439
175.63  -7.437
175.73  -7.435
175.83  -7.433
175.92  -7.431
176.02  -7.429
176.12  -7.427
176.22  -7.425
176.31  -7.422
176.41  -7.420
176.51  -7.417
176.61  -7.414
176.71  -7.412
176.80  -7.409
176.90  -7.406
177.00  -7.403
177.09  -7.400
177.19  -7.397
177.29  -7.394
177.39  -7.391
177.49  -7.389
177.59  -7.386
177.68  -7.383
177.78  -7.380
177.88  -7.378
177.98  -7.375
178.08  -7.373
178.17  -7.371
178.27  -7.369
178.37  -7.367
178.47  -7.365
178.57  -7.363
178.66  -7.361
178.76  -7.360
178.86  -7.358
178.96  -7.356
179.05  -7.354
179.15  -7.352
179.25  -7.350
179.35  -7.348
179.45  -7.346
179.55  -7.344
179.64  -7.342
179.74  -7.340
179.84  -7.338
179.94  -7.336
180.04  -7.334
180.14  -7.331
180.23  -7.329
180.33  -7.327
180.43  -7.325
180.53  -7.323
180.62  -7.321
180.72  -7.319
180.82  -7.316
180.92  -7.314
181.01  -7.312
181.11  -7.309
181.21  -7.307
181.31  -7.304
181.41  -7.302
181.51  -7.299
181.61  -7.296
181.70  -7.294
181.80  -7.291
181.90  -7.289
182.00  -7.286
182.10  -7.283
182.20  -7.281
182.29  -7.278
182.39  -7.276
182.49  -7.274
182.59  -7.272
182.69  -7.270
182.79  -7.269
182.88  -7.268
182.98  -7.267
183.08  -7.266
183.18  -7.265
183.28  -7.264
183.38  -7.263
183.47  -7.262
183.57  -7.261
183.67  -7.260
183.77  -7.259
183.86  -7.258
183.96  -7.257
184.06  -7.255
184.16  -7.254
184.26  -7.252
184.35  -7.250
184.45  -7.248
184.55  -7.246
184.64  -7.244
184.74  -7.241
184.84  -7.239
184.94  -7.236
185.04  -7.234
185.13  -7.231
185.23  -7.229
185.33  -7.226
185.43  -7.224
185.53  -7.221
185.62  -7.218
185.72  -7.216
185.82  -7.214
185.91  -7.211
186.01  -7.209
186.11  -7.207
186.21  -7.205
186.31  -7.203
186.41  -7.200
186.50  -7.198
186.60  -7.196
186.70  -7.194
186.80  -7.192
186.89  -7.190
186.99  -7.187
187.09  -7.185
187.19  -7.183
187.29  -7.181
187.39  -7.179
187.48  -7.177
187.58  -7.174
187.68  -7.172
187.78  -7.170
187.88  -7.168
187.97  -7.166
188.07  -7.164
188.17  -7.162
188.27  -7.160
188.36  -7.158
188.46  -7.156
188.56  -7.154
188.66  -7.151
188.75  -7.149
188.85  -7.147
188.95  -7.145
189.05  -7.143
189.15  -7.141
189.24  -7.139
189.34  -7.137
189.44  -7.135
189.54  -7.133
189.64  -7.131
189.73  -7.129
189.83  -7.127
189.93  -7.125
190.03  -7.123
190.12  -7.121
190.22  -7.119
190.32  -7.116
190.42  -7.114
190.51  -7.112
190.61  -7.110
190.71  -7.108
190.81  -7.106
190.91  -7.104
191.00  -7.102
191.10  -7.100
191.20  -7.097
191.30  -7.095
191.40  -7.093
191.50  -7.091
191.59  -7.089
191.69  -7.087
191.79  -7.085
191.89  -7.082
191.99  -7.080
192.08  -7.078
192.18  -7.076
192.28  -7.074
192.37  -7.071
192.47  -7.069
192.57  -7.067
192.67  -7.065
192.76  -7.062
192.86  -7.060
192.96  -7.058
193.06  -7.056
193.16  -7.054
193.25  -7.052
193.35  -7.049
193.45  -7.047
193.54  -7.045
193.64  -7.043
193.74  -7.041
193.84  -7.039
193.94  -7.037
194.03  -7.036
194.13  -7.034
194.23  -7.032
194.33  -7.030
194.42  -7.028
194.52  -7.026
194.62  -7.024
194.72  -7.023
194.81  -7.021
194.91  -7.019
195.01  -7.017
195.11  -7.015
195.20  -7.014
195.30  -7.012
195.40  -7.010
195.50  -7.009
195.60  -7.007
195.69  -7.005
195.79  -7.003
195.88  -7.002
195.98  -7.000
196.08  -6.998
196.18  -6.997
196.27  -6.995
196.37  -6.993
196.47  -6.992
196.57  -6.990
196.66  -6.988
196.76  -6.986
196.86  -6.984
196.95  -6.982
197.05  -6.980
197.15  -6.978
197.25  -6.976
197.35  -6.974
197.44  -6.972
197.54  -6.970
197.64  -6.967
197.73  -6.965
197.83  -6.963
197.93  -6.961
198.03  -6.959
198.13  -6.957
198.22  -6.956
198.32  -6.954
198.42  -6.952
198.52  -6.951
198.61  -6.949
198.71  -6.947
198.81  -6.946
198.91  -6.944
199.00  -6.943
199.10  -6.941
199.20  -6.940
199.29  -6.938
199.39  -6.937
199.49  -6.935
199.59  -6.934
199.69  -6.932
199.78  -6.931
199.88  -6.929
199.98  -6.928
200.08  -6.926
200.18  -6.924
200.27  -6.923
200.36  -6.921
200.46  -6.919
200.56  -6.918
200.66  -6.916
200.76  -6.914
200.85  -6.912
200.95  -6.911
201.05  -6.909
201.14  -6.907
201.24  -6.905
201.34  -6.903
201.44  -6.901
201.53  -6.899
201.63  -6.897
201.73  -6.895
201.83  -6.893
201.92  -6.891
202.02  -6.889
202.12  -6.887
202.21  -6.884
202.31  -6.882
202.41  -6.880
202.51  -6.878
202.61  -6.876
202.70  -6.874
202.80  -6.872
202.90  -6.870
203.00  -6.868
203.11  -6.866
203.21  -6.864
203.31  -6.863
203.42  -6.861
203.52  -6.859
203.62  -6.858
203.72  -6.856
203.82  -6.854
203.92  -6.853
204.03  -6.851
204.13  -6.849
204.24  -6.848
204.34  -6.846
204.45  -6.845
204.55  -6.843
204.66  -6.841
204.76  -6.840
204.87  -6.838
204.97  -6.836
205.08  -6.835
205.19  -6.833
205.29  -6.831
205.40  -6.830
205.50  -6.828
205.60  -6.826
205.71  -6.825
205.82  -6.823
205.92  -6.821
206.03  -6.820
206.13  -6.818
206.23  -6.817
206.34  -6.815
206.45  -6.813
206.55  -6.812
206.65  -6.810
206.76  -6.809
206.86  -6.807
206.97  -6.806
207.08  -6.804
207.18  -6.803
207.29  -6.801
207.39  -6.800
207.50  -6.798
207.60  -6.797
207.71  -6.795
207.81  -6.793
207.92  -6.792
208.03  -6.790
208.13  -6.788
208.24  -6.787
208.34  -6.785
208.45  -6.783
208.55  -6.781
208.66  -6.779
208.76  -6.778
208.87  -6.776
208.97  -6.774
209.08  -6.772
209.18  -6.770
209.29  -6.768
209.39  -6.766
209.50  -6.765
209.60  -6.763
209.71  -6.761
209.81  -6.759
209.92  -6.757
210.02  -6.755
210.13  -6.754
210.23  -6.752
210.34  -6.750
210.45  -6.748
210.55  -6.746
210.65  -6.745
210.76  -6.743
210.87  -6.741
210.97  -6.739
211.08  -6.738
211.18  -6.736
211.29  -6.734
211.39  -6.732
211.50  -6.730
211.61  -6.729
211.71  -6.727
211.82  -6.725
211.92  -6.724
212.03  -6.722
212.13  -6.720
212.24  -6.718
212.34  -6.717
212.45  -6.715
212.56  -6.713
212.66  -6.712
212.76  -6.710
212.87  -6.709
212.97  -6.707
213.08  -6.706
213.19  -6.704
213.29  -6.703
213.40  -6.701
213.50  -6.700
213.61  -6.698
213.72  -6.697
213.82  -6.696
213.93  -6.694
214.03  -6.693
214.13  -6.691
214.24  -6.690
214.35  -6.689
214.46  -6.687
214.56  -6.686
214.67  -6.684
214.77  -6.683
214.88  -6.681
214.99  -6.680
215.09  -6.678
215.19  -6.676
215.30  -6.675
215.41  -6.673
215.52  -6.671
215.62  -6.670
215.73  -6.668
215.83  -6.667
215.94  -6.665
216.05  -6.663
216.15  -6.662
216.26  -6.660
216.36  -6.658
216.47  -6.657
216.58  -6.655
216.68  -6.653
216.79  -6.652
216.89  -6.650
217.00  -6.648
217.10  -6.647
217.21  -6.645
217.31  -6.644
217.42  -6.642
217.52  -6.640
217.63  -6.639
217.74  -6.637
217.85  -6.635
217.95  -6.634
218.06  -6.632
218.16  -6.631
218.27  -6.629
218.38  -6.628
218.48  -6.626
218.59  -6.625
218.69  -6.623
218.80  -6.622
218.91  -6.620
219.01  -6.619
219.12  -6.617
219.22  -6.616
219.33  -6.614
219.44  -6.613
219.54  -6.611
219.65  -6.610
219.75  -6.608
219.86  -6.606
219.97  -6.605
220.07  -6.603
220.18  -6.601
220.28  -6.600
220.39  -6.598
220.49  -6.596
220.60  -6.594
220.71  -6.593
220.81  -6.591
220.91  -6.589
221.02  -6.587
221.13  -6.585
221.23  -6.584
221.34  -6.582
221.44  -6.580
221.55  -6.578
221.66  -6.576
221.77  -6.574
221.87  -6.572
221.98  -6.570
222.08  -6.568
222.19  -6.566
222.29  -6.564
222.40  -6.562
222.51  -6.560
222.61  -6.558
222.72  -6.556
222.83  -6.554
222.93  -6.552
223.04  -6.550
223.15  -6.548
223.25  -6.547
223.36  -6.545
223.47  -6.544
223.57  -6.542
223.68  -6.541
223.78  -6.539
223.89  -6.538
224.00  -6.536
224.10  -6.535
224.21  -6.533
224.31  -6.532
224.42  -6.530
224.53  -6.529
224.63  -6.527
224.74  -6.526
224.84  -6.524
224.95  -6.523
225.06  -6.521
225.16  -6.519
225.27  -6.518
225.38  -6.516
225.48  -6.514
225.59  -6.512
225.69  -6.510
225.80  -6.509
225.91  -6.507
226.01  -6.505
226.12  -6.503
226.23  -6.501
226.33  -6.499
226.44  -6.498
226.54  -6.496
226.65  -6.494
226.76  -6.492
226.86  -6.489
226.97  -6.487
227.08  -6.485
227.18  -6.483
227.29  -6.481
227.39  -6.479
227.50  -6.477
227.60  -6.475
227.71  -6.473
227.82  -6.470
227.93  -6.468
228.03  -6.466
228.14  -6.464
228.24  -6.463
228.35  -6.461
228.46  -6.459
228.56  -6.458
228.67  -6.456
228.78  -6.455
228.88  -6.453
228.99  -6.452
229.09  -6.450
229.20  -6.449
229.31  -6.447
229.41  -6.446
229.52  -6.445
229.62  -6.443
229.73  -6.442
229.83  -6.440
229.94  -6.439
230.04  -6.437
230.15  -6.435
230.26  -6.434
230.36  -6.432
230.47  -6.430
230.57  -6.428
230.68  -6.426
230.79  -6.424
230.89  -6.423
231.00  -6.421
231.10  -6.419
231.21  -6.417
231.32  -6.415
231.42  -6.414
231.53  -6.412
231.63  -6.410
231.74  -6.408
231.85  -6.406
231.95  -6.405
232.06  -6.403
232.16  -6.401
232.27  -6.400
232.37  -6.398
232.48  -6.396
232.58  -6.395
232.69  -6.393
232.79  -6.391
232.90  -6.390
233.01  -6.388
233.11  -6.387
233.22  -6.385
233.32  -6.384
233.43  -6.382
233.53  -6.381
233.64  -6.380
233.75  -6.379
233.85  -6.377
233.96  -6.376
234.06  -6.375
234.17  -6.374
234.28  -6.372
234.38  -6.371
234.49  -6.370
234.59  -6.369
234.70  -6.368
234.80  -6.366
234.91  -6.365
235.02  -6.364
235.12  -6.362
235.23  -6.361
235.33  -6.359
235.43  -6.358
235.53  -6.356
235.63  -6.355
235.73  -6.353
235.84  -6.351
235.94  -6.350
236.05  -6.348
236.15  -6.346
236.25  -6.345
236.35  -6.343
236.45  -6.341
236.56  -6.339
236.66  -6.338
236.76  -6.336
236.86  -6.334
236.96  -6.332
237.07  -6.330
237.17  -6.328
237.27  -6.326
237.37  -6.324
237.48  -6.322
237.58  -6.320
237.68  -6.317
237.78  -6.315
237.89  -6.313
237.98  -6.311
238.09  -6.309
238.19  -6.307
238.29  -6.306
238.40  -6.304
238.50  -6.302
238.60  -6.301
238.71  -6.299
238.81  -6.298
238.91  -6.296
239.01  -6.295
239.11  -6.293
239.22  -6.292
239.32  -6.290
239.42  -6.289
239.52  -6.287
239.63  -6.286
239.73  -6.284
239.83  -6.283
239.93  -6.281
240.03  -6.280
240.13  -6.278
240.24  -6.276
240.34  -6.275
240.44  -6.273
240.54  -6.271
240.65  -6.269
240.75  -6.268
240.85  -6.266
240.96  -6.264
241.06  -6.263
241.16  -6.261
241.26  -6.259
241.36  -6.257
241.47  -6.256
241.57  -6.254
241.67  -6.252
241.78  -6.250
241.88  -6.249
241.98  -6.247
242.09  -6.245
242.19  -6.243
242.29  -6.241
242.39  -6.240
242.49  -6.238
242.60  -6.236
242.70  -6.234
242.80  -6.232
242.90  -6.231
243.01  -6.229
243.11  -6.227
243.22  -6.225
243.32  -6.223
243.42  -6.222
243.52  -6.220
243.63  -6.218
243.73  -6.217
243.83  -6.215
243.93  -6.213
244.03  -6.212
244.14  -6.210
244.24  -6.208
244.34  -6.206
244.44  -6.205
244.55  -6.203
244.65  -6.201
244.75  -6.199
244.86  -6.198
244.96  -6.196
245.06  -6.194
245.16  -6.192
245.27  -6.190
245.37  -6.188
245.47  -6.186
245.57  -6.184
245.68  -6.182
245.78  -6.180
245.89  -6.178
245.99  -6.176
246.09  -6.175
246.19  -6.173
246.29  -6.171
246.40  -6.169
246.50  -6.167
246.60  -6.165
246.70  -6.163
246.81  -6.161
246.91  -6.159
247.01  -6.157
247.12  -6.155
247.22  -6.153
247.32  -6.151
247.42  -6.149
247.53  -6.147
247.63  -6.146
247.73  -6.144
247.83  -6.142
247.94  -6.140
248.04  -6.138
248.14  -6.136
248.24  -6.135
248.35  -6.133
248.45  -6.131
248.55  -6.130
248.66  -6.128
248.76  -6.127
248.86  -6.125
248.96  -6.124
249.07  -6.122
249.17  -6.121
249.27  -6.119
249.37  -6.118
249.48  -6.116
249.58  -6.114
249.68  -6.113
249.79  -6.111
249.89  -6.110
249.99  -6.108
250.09  -6.106
250.20  -6.105
250.30  -6.103
250.40  -6.101
250.51  -6.100
250.61  -6.098
250.71  -6.096
250.81  -6.095
250.92  -6.093
251.02  -6.091
251.12  -6.090
251.22  -6.088
251.33  -6.086
251.43  -6.084
251.53  -6.083
251.63  -6.081
251.74  -6.079
251.84  -6.077
251.94  -6.075
252.04  -6.073
252.15  -6.071
252.25  -6.069
252.35  -6.068
252.45  -6.066
252.56  -6.064
252.66  -6.062
252.76  -6.060
252.86  -6.058
252.97  -6.057
253.07  -6.055
253.17  -6.054
253.27  -6.052
253.37  -6.051
253.48  -6.049
253.58  -6.048
253.68  -6.047
253.79  -6.045
253.89  -6.044
253.99  -6.043
254.09  -6.042
254.20  -6.041
254.30  -6.039
254.40  -6.038
254.50  -6.037
254.60  -6.035
254.71  -6.034
254.81  -6.033
254.91  -6.031
255.01  -6.029
255.12  -6.028
255.22  -6.026
255.32  -6.024
255.42  -6.023
255.52  -6.021
255.63  -6.019
255.73  -6.018
255.83  -6.016
255.93  -6.014
256.03  -6.013
256.13  -6.011
256.24  -6.009
256.34  -6.008
256.44  -6.006
256.55  -6.005
256.65  -6.003
256.75  -6.002
256.85  -6.001
256.96  -5.999
257.06  -5.998
257.16  -5.996
257.26  -5.995
257.36  -5.994
257.46  -5.992
257.56  -5.991
257.67  -5.989
257.76  -5.988
257.87  -5.986
257.97  -5.985
258.07  -5.983
258.17  -5.982
258.27  -5.980
258.38  -5.978
258.48  -5.977
258.58  -5.975
258.68  -5.973
258.78  -5.972
258.88  -5.970
258.98  -5.968
259.09  -5.966
259.19  -5.965
259.29  -5.963
259.39  -5.961
259.49  -5.960
259.59  -5.958
259.69  -5.956
259.80  -5.955
259.90  -5.953
260.00  -5.952
260.10  -5.950
260.20  -5.949
260.30  -5.948
260.41  -5.946
260.51  -5.945
260.61  -5.943
260.71  -5.942
260.81  -5.940
260.91  -5.939
261.02  -5.937
261.12  -5.936
261.22  -5.934
261.32  -5.933
261.42  -5.931
261.52  -5.929
261.63  -5.928
261.73  -5.926
261.83  -5.924
261.93  -5.923
262.03  -5.921
262.13  -5.919
262.24  -5.917
262.34  -5.916
262.44  -5.914
262.54  -5.912
262.64  -5.910
262.74  -5.909
262.84  -5.907
262.94  -5.905
263.04  -5.903
263.14  -5.901
263.25  -5.899
263.35  -5.898
263.45  -5.896
263.55  -5.894
263.65  -5.892
263.75  -5.890
263.85  -5.888
263.95  -5.886
264.05  -5.885
264.16  -5.883
264.26  -5.881
264.36  -5.879
264.46  -5.877
264.56  -5.875
264.66  -5.873
264.76  -5.872
264.86  -5.870
264.96  -5.868
265.07  -5.866
265.17  -5.864
265.27  -5.862
265.37  -5.861
265.47  -5.859
265.57  -5.857
265.68  -5.855
265.78  -5.853
265.88  -5.851
265.98  -5.850
266.08  -5.848
266.18  -5.846
266.27  -5.844
266.37  -5.843
266.47  -5.841
266.57  -5.839
266.66  -5.837
266.76  -5.836
266.86  -5.834
266.96  -5.832
267.06  -5.830
267.15  -5.829
267.25  -5.827
267.35  -5.825
267.45  -5.823
267.55  -5.821
267.65  -5.819
267.74  -5.817
267.94  -5.813
268.04  -5.811
268.13  -5.809
268.23  -5.807
268.33  -5.805
268.43  -5.803
268.53  -5.801
268.63  -5.798
268.73  -5.796
268.82  -5.794
268.92  -5.792
269.02  -5.789
269.12  -5.787
269.22  -5.785
269.32  -5.783
269.42  -5.780
269.51  -5.778
269.61  -5.776
269.71  -5.773
269.81  -5.771
269.91  -5.768
270.01  -5.766
270.11  -5.764
270.20  -5.761
270.30  -5.759
270.40  -5.756
270.50  -5.754
270.60  -5.751
270.70  -5.749
270.80  -5.746
270.90  -5.744
271.00  -5.741
271.10  -5.738
271.19  -5.736
271.29  -5.733
271.39  -5.730
271.49  -5.727
271.59  -5.725
271.69  -5.722
271.78  -5.719
271.88  -5.716
271.98  -5.714
272.08  -5.711
272.18  -5.708
272.28  -5.706
272.37  -5.703
272.47  -5.700
272.57  -5.698
272.67  -5.695
272.77  -5.693
272.87  -5.691
272.96  -5.688
273.06  -5.686
273.16  -5.683
273.26  -5.681
273.36  -5.678
273.46  -5.676
273.55  -5.673
273.65  -5.671
273.75  -5.668
273.85  -5.666
273.95  -5.663
274.04  -5.660
274.15  -5.657
274.24  -5.654
274.34  -5.651
274.44  -5.648
274.54  -5.644
274.64  -5.641
274.74  -5.638
274.83  -5.635
274.93  -5.632
275.03  -5.628
275.13  -5.625
275.23  -5.622
275.32  -5.619
275.42  -5.615
275.52  -5.612
275.62  -5.609
275.72  -5.606
275.82  -5.604
275.92  -5.601
276.01  -5.598
276.11  -5.595
276.21  -5.592
276.31  -5.589
276.41  -5.586
276.50  -5.584
276.60  -5.581
276.70  -5.578
276.80  -5.575
276.90  -5.572
277.00  -5.569
277.10  -5.565
277.20  -5.562
277.30  -5.559
277.39  -5.555
277.50  -5.552
277.59  -5.548
277.69  -5.544
277.79  -5.541
277.89  -5.537
277.99  -5.533
278.09  -5.530
278.19  -5.526
278.29  -5.522
278.39  -5.519
278.49  -5.515
278.58  -5.511
278.68  -5.507
278.78  -5.504
278.88  -5.500
278.98  -5.496
279.08  -5.493
279.18  -5.489
279.28  -5.486
279.38  -5.482
279.48  -5.479
279.58  -5.475
279.68  -5.471
279.77  -5.468
279.88  -5.464
279.98  -5.461
280.08  -5.457
280.17  -5.454
280.27  -5.451
280.37  -5.447
280.47  -5.444
280.57  -5.441
280.67  -5.438
280.77  -5.435
280.87  -5.432
280.97  -5.430
281.07  -5.427
281.17  -5.424
281.26  -5.421
281.36  -5.418
281.46  -5.415
281.56  -5.412
281.66  -5.409
281.76  -5.406
281.86  -5.402
281.96  -5.399
282.06  -5.395
282.16  -5.392
282.26  -5.388
282.36  -5.384
282.45  -5.380
282.55  -5.377
282.65  -5.373
282.75  -5.369
282.85  -5.365
282.95  -5.361
283.05  -5.357
283.15  -5.353
283.25  -5.349
283.35  -5.346
283.45  -5.342
283.55  -5.338
283.65  -5.335
283.74  -5.331
283.84  -5.328
283.94  -5.324
284.04  -5.321
284.14  -5.318
284.24  -5.315
284.34  -5.312
284.44  -5.309
284.54  -5.306
284.64  -5.303
284.74  -5.300
284.84  -5.297
284.94  -5.294
285.03  -5.290
285.13  -5.287
285.23  -5.283
285.33  -5.280
285.43  -5.276
285.53  -5.272
285.63  -5.269
285.73  -5.265
285.83  -5.261
285.93  -5.257
286.03  -5.253
286.13  -5.249
286.23  -5.246
286.33  -5.242
286.43  -5.238
286.53  -5.234
286.62  -5.230
286.72  -5.226
286.82  -5.223
286.92  -5.219
287.02  -5.215
287.12  -5.212
287.22  -5.208
287.32  -5.204
287.42  -5.201
287.52  -5.197
287.62  -5.193
287.72  -5.189
287.81  -5.186
287.92  -5.182
288.02  -5.178
288.11  -5.174
288.21  -5.171
288.31  -5.167
288.41  -5.163
288.51  -5.159
288.61  -5.155
288.71  -5.151
288.81  -5.147
288.91  -5.143
289.01  -5.140
289.11  -5.136
289.21  -5.132
289.31  -5.128
289.41  -5.124
289.51  -5.120
289.61  -5.117
289.71  -5.113
289.81  -5.109
289.91  -5.106
290.00  -5.102
290.10  -5.099
290.20  -5.095
290.30  -5.092
290.40  -5.089
290.50  -5.085
290.60  -5.082
290.70  -5.079
290.80  -5.075
290.90  -5.072
291.00  -5.069
291.10  -5.066
291.20  -5.062
291.30  -5.059
291.40  -5.056
291.50  -5.053
291.59  -5.050
291.70  -5.046
291.80  -5.043
291.89  -5.040
291.99  -5.037
292.09  -5.034
292.19  -5.031
292.29  -5.028
292.39  -5.025
292.48  -5.022
292.58  -5.018
292.68  -5.015
292.78  -5.012
292.88  -5.008
292.98  -5.005
293.08  -5.001
293.18  -4.998
293.28  -4.994
293.38  -4.990
293.47  -4.986
293.57  -4.982
293.67  -4.978
293.77  -4.974
293.87  -4.970
293.97  -4.966
294.07  -4.962
294.17  -4.958
294.27  -4.954
294.37  -4.950
294.47  -4.946
294.57  -4.942
294.66  -4.938
294.76  -4.934
294.86  -4.930
294.96  -4.927
295.06  -4.923
295.16  -4.919
295.26  -4.915
295.36  -4.911
295.46  -4.908
295.56  -4.904
295.65  -4.900
295.75  -4.896
295.85  -4.892
295.94  -4.889
296.04  -4.885
296.14  -4.881
296.23  -4.877
296.33  -4.873
296.42  -4.869
296.52  -4.865
296.62  -4.861
296.71  -4.858
296.80  -4.854
296.90  -4.850
297.00  -4.846
297.10  -4.842
297.19  -4.838
297.29  -4.834
297.38  -4.831
297.48  -4.827
297.57  -4.823
297.67  -4.819
297.76  -4.816
297.86  -4.812
297.95  -4.808
298.05  -4.805
298.14  -4.801
298.24  -4.798
298.33  -4.794
298.43  -4.791
298.53  -4.787
298.62  -4.783
298.72  -4.780
298.81  -4.776
298.91  -4.773
299.00  -4.769
299.10  -4.766
299.20  -4.762
299.29  -4.759
299.39  -4.755
299.48  -4.752
299.58  -4.748
299.68  -4.744
299.77  -4.741
299.86  -4.737
299.96  -4.734
300.06  -4.730
300.16  -4.727
300.25  -4.723
300.34  -4.719
300.44  -4.716
300.54  -4.712
300.63  -4.709
300.73  -4.705
300.83  -4.701
300.92  -4.697
301.02  -4.694
301.11  -4.690
301.21  -4.686
301.30  -4.682
301.40  -4.679
301.49  -4.675
301.59  -4.671
301.69  -4.667
301.78  -4.663
301.87  -4.660
301.97  -4.656
302.06  -4.652
302.16  -4.648
302.26  -4.644
302.35  -4.641
302.45  -4.637
302.55  -4.633
302.64  -4.629
302.74  -4.626
302.83  -4.622
302.93  -4.618
303.02  -4.615
303.12  -4.611
303.22  -4.607
303.31  -4.604
303.40  -4.600
303.50  -4.596
303.60  -4.593
303.69  -4.589
303.79  -4.585
303.89  -4.582
303.98  -4.578
304.08  -4.575
304.17  -4.571
304.27  -4.567
304.36  -4.564
304.46  -4.560
304.55  -4.557
304.65  -4.553
304.74  -4.550
304.84  -4.546
304.94  -4.543
305.03  -4.539
305.13  -4.536
305.23  -4.532
305.32  -4.529
305.42  -4.525
305.52  -4.522
305.61  -4.518
305.71  -4.514
305.80  -4.511
305.90  -4.507
305.99  -4.503
306.09  -4.500
306.19  -4.496
306.28  -4.493
306.38  -4.489
306.47  -4.485
306.57  -4.482
306.66  -4.478
306.76  -4.474
306.86  -4.471
306.95  -4.467
307.05  -4.464
307.14  -4.460
307.24  -4.457
307.34  -4.453
307.43  -4.450
307.53  -4.446
307.62  -4.443
307.72  -4.439
307.82  -4.435
307.91  -4.432
308.01  -4.428
308.10  -4.424
308.20  -4.421
308.29  -4.417
308.39  -4.414
308.49  -4.410
308.58  -4.407
308.68  -4.404
308.78  -4.400
308.87  -4.397
308.97  -4.394
309.06  -4.390
309.16  -4.387
309.25  -4.384
309.35  -4.380
309.45  -4.377
309.54  -4.373
309.63  -4.370
309.73  -4.366
309.82  -4.362
309.92  -4.358
310.02  -4.353
310.11  -4.349
310.21  -4.344
310.31  -4.339
310.40  -4.334
310.50  -4.328
310.60  -4.323
310.69  -4.318
310.79  -4.313
310.89  -4.308
310.98  -4.303
311.08  -4.298
311.17  -4.293
311.27  -4.288
311.36  -4.283
311.46  -4.278
311.56  -4.274
311.65  -4.270
311.75  -4.266
311.84  -4.263
311.94  -4.259
312.04  -4.256
312.13  -4.252
312.23  -4.249
312.32  -4.246
312.42  -4.243
312.52  -4.239
312.61  -4.236
312.71  -4.233
312.81  -4.230
312.90  -4.226
313.00  -4.223
313.10  -4.220
313.19  -4.216
313.28  -4.213
313.38  -4.209
313.47  -4.206
313.57  -4.202
313.67  -4.198
313.76  -4.195
313.86  -4.191
313.95  -4.187
314.05  -4.184
314.15  -4.180
314.24  -4.176
314.34  -4.173
314.43  -4.169
314.72  -4.156
314.81  -4.151
314.90  -4.146
315.00  -4.142
315.10  -4.137
315.19  -4.132
315.29  -4.127
315.38  -4.122
315.47  -4.118
315.57  -4.113
315.67  -4.108
315.76  -4.103
315.86  -4.099
315.95  -4.094
316.05  -4.090
316.14  -4.086
316.24  -4.082
316.33  -4.078
316.42  -4.074
316.52  -4.071
316.62  -4.067
316.71  -4.064
316.81  -4.061
316.90  -4.057
316.99  -4.054
317.09  -4.050
317.18  -4.047
317.28  -4.043
317.38  -4.040
317.47  -4.036
317.57  -4.033
317.66  -4.029
317.76  -4.026
317.85  -4.022
317.94  -4.018
318.04  -4.014
318.14  -4.011
318.23  -4.007
318.33  -4.003
318.42  -3.999
318.52  -3.995
318.61  -3.991
318.71  -3.987
318.80  -3.982
318.89  -3.978
318.99  -3.974
319.09  -3.970
319.18  -3.966
319.27  -3.962
319.37  -3.958
319.47  -3.954
319.56  -3.950
319.66  -3.946
319.75  -3.943
319.85  -3.939
319.94  -3.935
320.04  -3.931
320.13  -3.927
320.23  -3.923
320.33  -3.919
320.42  -3.915
320.52  -3.911
320.61  -3.907
320.71  -3.903
320.80  -3.899
320.90  -3.896
320.99  -3.892
321.09  -3.888
321.18  -3.885
321.28  -3.881
321.37  -3.877
321.47  -3.874
321.56  -3.870
321.66  -3.866
321.75  -3.863
321.85  -3.859
321.94  -3.855
322.04  -3.851
322.13  -3.847
322.23  -3.843
322.32  -3.839
322.42  -3.835
322.51  -3.830
322.61  -3.826
322.70  -3.822
322.80  -3.817
322.89  -3.813
322.98  -3.808
323.17  -3.800
323.27  -3.795
323.37  -3.791
323.46  -3.786
323.55  -3.782
323.65  -3.777
323.74  -3.773
323.84  -3.769
323.93  -3.765
324.03  -3.760
324.12  -3.756
324.22  -3.752
324.31  -3.748
324.40  -3.744
324.50  -3.740
324.59  -3.736
324.68  -3.732
324.77  -3.728
324.87  -3.724
324.96  -3.720
325.05  -3.716
325.14  -3.712
325.23  -3.708
325.32  -3.703
325.41  -3.699
325.51  -3.696
325.60  -3.692
325.69  -3.688
325.78  -3.684
325.87  -3.680
325.96  -3.676
326.05  -3.672
326.15  -3.668
326.24  -3.665
326.33  -3.661
326.42  -3.657
326.51  -3.654
326.60  -3.650
326.69  -3.647
326.78  -3.644
326.88  -3.641
326.97  -3.637
327.06  -3.634
327.15  -3.631
327.24  -3.628
327.33  -3.625
327.42  -3.622
327.51  -3.619
327.61  -3.616
327.70  -3.613
327.79  -3.610
327.88  -3.607
327.97  -3.604
328.16  -3.597
328.25  -3.593
328.34  -3.590
328.44  -3.586
328.53  -3.582
328.62  -3.579
328.71  -3.575
328.80  -3.571
328.89  -3.567
328.98  -3.563
329.07  -3.559
329.17  -3.556
329.26  -3.552
329.35  -3.548
329.44  -3.544
329.53  -3.540
329.62  -3.536
329.72  -3.533
329.81  -3.529
329.90  -3.525
329.99  -3.522
330.08  -3.518
330.17  -3.514
330.27  -3.511
330.36  -3.507
330.45  -3.504
330.54  -3.500
330.63  -3.496
330.72  -3.493
330.82  -3.489
330.91  -3.485
331.00  -3.481
331.09  -3.477
331.18  -3.473
331.28  -3.469
331.37  -3.465
331.46  -3.461
331.55  -3.457
331.64  -3.453
331.73  -3.449
331.82  -3.445
331.91  -3.441
332.00  -3.437
332.10  -3.433
332.19  -3.429
332.28  -3.425
332.37  -3.421
332.46  -3.418
332.56  -3.414
332.65  -3.411
332.74  -3.409
332.83  -3.406
332.92  -3.403
333.02  -3.400
333.11  -3.398
333.20  -3.395
333.29  -3.393
333.38  -3.390
333.47  -3.387
333.57  -3.384
333.66  -3.382
333.75  -3.379
333.84  -3.376
333.93  -3.373
334.03  -3.369
334.12  -3.365
334.21  -3.361
334.31  -3.357
334.39  -3.353
334.49  -3.349
334.58  -3.345
334.68  -3.340
334.77  -3.336
334.86  -3.331
334.95  -3.327
335.05  -3.323
335.14  -3.318
335.23  -3.314
335.33  -3.309
335.42  -3.305
335.51  -3.301
335.60  -3.296
335.69  -3.292
335.79  -3.288
335.88  -3.284
335.97  -3.281
336.06  -3.277
336.16  -3.273
336.25  -3.269
336.34  -3.265
336.44  -3.261
336.53  -3.257
336.62  -3.253
336.71  -3.250
336.81  -3.246
336.90  -3.242
336.99  -3.239
337.08  -3.235
337.18  -3.231
337.27  -3.228
337.36  -3.225
337.46  -3.221
337.55  -3.218
337.64  -3.214
337.73  -3.211
337.83  -3.208
337.92  -3.204
338.01  -3.201
338.10  -3.198
338.20  -3.194
338.29  -3.191
338.38  -3.188
338.47  -3.185
338.57  -3.181
338.66  -3.178
338.75  -3.175
338.85  -3.172
338.94  -3.168
339.03  -3.165
339.12  -3.162
339.22  -3.158
339.31  -3.155
339.40  -3.152
339.49  -3.149
339.58  -3.145
339.68  -3.142
339.77  -3.138
339.86  -3.135
339.96  -3.131
340.05  -3.127
340.14  -3.122
340.23  -3.118
340.33  -3.114
340.42  -3.109
340.51  -3.105
340.61  -3.100
340.70  -3.096
340.79  -3.091
340.89  -3.087
340.98  -3.083
341.07  -3.078
341.16  -3.074
341.26  -3.069
341.35  -3.065
341.44  -3.061
341.54  -3.057
341.63  -3.054
341.72  -3.050
341.82  -3.046
341.91  -3.043
342.00  -3.039
342.09  -3.036
342.19  -3.032
342.28  -3.028
342.37  -3.025
342.46  -3.021
342.56  -3.017
342.65  -3.014
342.75  -3.010
342.84  -3.006
342.93  -3.002
343.02  -2.998
343.12  -2.993
343.21  -2.989
343.30  -2.984
343.39  -2.980
343.49  -2.975
343.58  -2.971
343.67  -2.966
343.77  -2.962
343.86  -2.957
343.95  -2.953
344.04  -2.949
344.14  -2.944
344.23  -2.940
344.32  -2.936
344.41  -2.931
344.51  -2.927
344.60  -2.923
344.70  -2.919
344.79  -2.915
344.88  -2.911
344.98  -2.907
345.07  -2.904
345.16  -2.900
345.26  -2.896
345.35  -2.892
345.44  -2.889
345.54  -2.885
345.63  -2.882
345.72  -2.878
345.82  -2.875
345.91  -2.872
346.00  -2.869
346.09  -2.865
346.18  -2.862
346.27  -2.859
346.37  -2.856
346.46  -2.853
346.55  -2.850
346.65  -2.847
346.74  -2.844
346.83  -2.841
346.93  -2.837
347.02  -2.834
347.11  -2.831
347.21  -2.827
347.30  -2.824
347.39  -2.820
347.48  -2.816
347.58  -2.812
347.67  -2.808
347.76  -2.804
347.86  -2.800
347.95  -2.795
348.04  -2.791
348.14  -2.786
348.23  -2.781
348.32  -2.777
348.41  -2.772
348.51  -2.767
348.60  -2.762
348.69  -2.757
348.79  -2.752
348.88  -2.748
348.97  -2.743
349.06  -2.738
349.16  -2.734
349.25  -2.729
349.34  -2.724
349.43  -2.720
349.53  -2.715
349.62  -2.711
349.71  -2.706
349.81  -2.701
349.90  -2.697
349.99  -2.692
350.08  -2.688
350.18  -2.684
350.27  -2.680
350.36  -2.676
350.45  -2.672
350.54  -2.668
350.64  -2.665
350.73  -2.662
350.82  -2.658
350.92  -2.655
351.01  -2.651
351.10  -2.648
351.19  -2.645
351.29  -2.642
351.38  -2.638
351.47  -2.635
351.57  -2.632
351.66  -2.628
351.75  -2.624
351.84  -2.620
351.94  -2.616
352.03  -2.612
352.12  -2.608
352.21  -2.603
352.30  -2.599
352.39  -2.594
352.49  -2.590
352.58  -2.585
352.67  -2.581
352.76  -2.577
352.85  -2.572
352.93  -2.568
353.03  -2.563
353.12  -2.559
353.20  -2.554
353.29  -2.549
353.38  -2.545
353.47  -2.540
353.56  -2.536
353.65  -2.532
353.74  -2.527
353.83  -2.523
353.92  -2.518
354.01  -2.514
354.10  -2.510
354.19  -2.506
354.27  -2.502
354.36  -2.498
354.45  -2.493
354.54  -2.489
354.63  -2.485
354.72  -2.480
354.81  -2.476
354.90  -2.471
354.99  -2.467
355.08  -2.462
355.17  -2.457
355.25  -2.453
355.34  -2.448
355.43  -2.444
355.52  -2.439
355.61  -2.434
355.70  -2.430
355.79  -2.425
355.88  -2.421
355.97  -2.416
356.06  -2.412
356.15  -2.407
356.24  -2.402
356.33  -2.398
356.42  -2.393
356.51  -2.388
356.60  -2.383
356.68  -2.379
356.77  -2.374
356.86  -2.370
356.95  -2.365
357.04  -2.360
357.13  -2.356
357.22  -2.351
357.31  -2.347
357.40  -2.342
357.49  -2.338
357.58  -2.334
357.67  -2.330
357.76  -2.326
357.85  -2.322
357.94  -2.318
358.03  -2.314
358.12  -2.310
358.21  -2.306
358.30  -2.302
358.39  -2.298
358.48  -2.294
358.57  -2.290
358.65  -2.286
358.74  -2.283
358.84  -2.279
358.93  -2.275
359.02  -2.272
359.10  -2.268
359.19  -2.265
359.28  -2.261
359.37  -2.258
359.46  -2.254
359.55  -2.251
359.64  -2.247
359.73  -2.243
359.82  -2.240
359.91  -2.236
360.00  -2.232
360.09  -2.229
360.18  -2.225
360.27  -2.221
360.36  -2.217
360.45  -2.213
360.54  -2.208
360.63  -2.204
360.72  -2.200
360.81  -2.195
360.90  -2.191
360.99  -2.186
361.08  -2.182
361.17  -2.177
361.26  -2.172
361.35  -2.167
361.44  -2.162
361.52  -2.157
361.62  -2.152
361.71  -2.147
361.79  -2.142
361.88  -2.137
361.97  -2.132
362.06  -2.127
362.15  -2.123
362.24  -2.118
362.33  -2.114
362.42  -2.109
362.51  -2.105
362.60  -2.101
362.69  -2.097
362.78  -2.092
362.86  -2.088
362.95  -2.084
363.04  -2.080
363.13  -2.076
363.22  -2.072
363.31  -2.068
363.40  -2.064
363.49  -2.060
363.58  -2.056
363.67  -2.051
363.76  -2.047
363.85  -2.043
363.94  -2.039
364.03  -2.035
364.12  -2.031
364.21  -2.027
364.30  -2.023
364.39  -2.019
364.48  -2.015
364.57  -2.011
364.66  -2.007
364.75  -2.002
364.84  -1.998
364.93  -1.994
365.03  -1.989
365.12  -1.985
365.22  -1.981
365.32  -1.976
365.42  -1.972
365.52  -1.967
365.63  -1.962
365.73  -1.958
365.83  -1.953
365.94  -1.948
366.05  -1.944
366.15  -1.939
366.25  -1.934
366.36  -1.929
366.46  -1.924
366.57  -1.919
366.67  -1.914
366.77  -1.908
366.88  -1.903
366.98  -1.898
367.09  -1.893
367.19  -1.887
367.29  -1.882
367.40  -1.877
367.50  -1.871
367.61  -1.866
367.71  -1.860
367.81  -1.855
367.92  -1.849
368.03  -1.844
368.13  -1.838
368.23  -1.833
368.33  -1.827
368.44  -1.822
368.55  -1.816
368.65  -1.811
368.75  -1.805
368.86  -1.800
368.96  -1.794
369.06  -1.789
369.17  -1.784
369.27  -1.779
369.38  -1.774
369.48  -1.768
369.59  -1.763
369.80  -1.753
369.90  -1.748
370.00  -1.743
370.11  -1.737
370.21  -1.732
370.31  -1.727
370.42  -1.722
370.52  -1.717
370.62  -1.713
370.73  -1.708
370.83  -1.703
370.94  -1.698
371.04  -1.693
371.14  -1.689
371.25  -1.684
371.35  -1.679
371.46  -1.675
371.56  -1.670
371.66  -1.666
371.77  -1.662
371.87  -1.657
371.97  -1.653
372.08  -1.649
372.18  -1.644
372.29  -1.640
372.39  -1.636
372.49  -1.631
372.60  -1.627
372.70  -1.623
372.80  -1.619
372.90  -1.614
373.01  -1.610
373.11  -1.605
373.22  -1.601
373.32  -1.596
373.42  -1.592
373.52  -1.587
373.63  -1.582
373.73  -1.577
373.83  -1.572
373.93  -1.567
374.04  -1.562
374.14  -1.557
374.24  -1.552
374.35  -1.546
374.45  -1.541
374.55  -1.536
374.65  -1.531
374.76  -1.526
374.86  -1.521
374.96  -1.516
375.07  -1.511
375.17  -1.506
375.27  -1.500
375.38  -1.495
375.48  -1.490
375.59  -1.485
375.69  -1.480
375.79  -1.475
375.89  -1.469
376.00  -1.464
376.10  -1.459
376.20  -1.454
376.31  -1.449
376.41  -1.444
376.51  -1.439
376.62  -1.434
376.72  -1.430
376.82  -1.425
376.93  -1.420
377.03  -1.415
377.13  -1.410
377.24  -1.406
377.34  -1.401
377.44  -1.396
377.55  -1.391
377.65  -1.387
377.75  -1.382
377.85  -1.377
377.96  -1.372
378.06  -1.367
378.16  -1.361
378.26  -1.356
378.36  -1.351
378.47  -1.346
378.57  -1.341
378.67  -1.335
378.77  -1.330
378.87  -1.325
378.98  -1.320
379.08  -1.314
379.18  -1.309
379.28  -1.304
379.38  -1.299
379.47  -1.294
379.57  -1.289
379.67  -1.284
379.77  -1.279
379.87  -1.274
379.97  -1.269
380.06  -1.264
380.16  -1.260
380.26  -1.255
380.36  -1.250
380.46  -1.246
380.56  -1.241
380.65  -1.236
380.75  -1.232
380.85  -1.227
380.95  -1.222
381.05  -1.217
381.15  -1.211
381.25  -1.206
381.35  -1.200
381.45  -1.194
381.55  -1.189
381.64  -1.183
381.74  -1.177
381.84  -1.171
381.94  -1.165
382.04  -1.160
382.14  -1.154
382.24  -1.148
382.34  -1.143
382.44  -1.137
382.54  -1.131
382.63  -1.126
382.73  -1.121
382.83  -1.115
382.93  -1.110
383.03  -1.105
383.13  -1.100
383.23  -1.095
383.33  -1.090
383.43  -1.085
383.52  -1.080
383.63  -1.076
383.73  -1.071
383.82  -1.066
383.92  -1.061
384.02  -1.057
384.12  -1.052
384.22  -1.048
384.32  -1.044
384.42  -1.040
384.51  -1.036
384.61  -1.032
384.71  -1.028
384.81  -1.025
384.91  -1.021
385.01  -1.017
385.10  -1.013
385.20  -1.010
385.30  -1.006
385.40  -1.002
385.50  -0.998
385.60  -0.994
385.69  -0.990
385.79  -0.986
385.89  -0.981
385.99  -0.977
386.09  -0.972
386.19  -0.967
386.29  -0.962
386.39  -0.957
386.48  -0.951
386.58  -0.946
386.68  -0.941
386.78  -0.935
386.88  -0.930
386.98  -0.925
387.08  -0.919
387.18  -0.914
387.28  -0.909
387.38  -0.903
387.47  -0.899
387.58  -0.894
387.68  -0.889
387.78  -0.885
387.88  -0.880
387.98  -0.876
388.08  -0.871
388.18  -0.866
388.28  -0.862
388.38  -0.857
388.48  -0.852
388.58  -0.847
388.68  -0.842
388.78  -0.837
388.88  -0.832
388.98  -0.827
389.08  -0.821
389.18  -0.816
389.28  -0.811
389.38  -0.805
389.48  -0.800
389.58  -0.795
389.68  -0.789
389.78  -0.784
389.88  -0.778
389.99  -0.773
390.09  -0.767
390.19  -0.762
390.29  -0.757
390.39  -0.751
390.48  -0.746
390.59  -0.741
390.69  -0.735
390.79  -0.730
390.89  -0.725
390.99  -0.720
391.09  -0.715
391.19  -0.710
391.29  -0.706
391.39  -0.701
391.50  -0.696
391.59  -0.691
391.70  -0.687
391.80  -0.682
391.90  -0.678
392.00  -0.673
392.10  -0.668
392.20  -0.664
392.30  -0.660
392.40  -0.655
392.50  -0.651
392.60  -0.646
392.71  -0.642
392.80  -0.638
392.90  -0.633
393.00  -0.629
393.10  -0.625
393.20  -0.620
393.31  -0.616
393.40  -0.612
393.50  -0.607
393.61  -0.603
393.71  -0.599
393.81  -0.594
393.91  -0.590
394.01  -0.585
394.11  -0.580
394.21  -0.576
394.31  -0.571
394.41  -0.567
394.51  -0.562
394.61  -0.557
394.71  -0.552
394.82  -0.547
394.91  -0.543
395.02  -0.538
395.12  -0.533
395.22  -0.528
395.32  -0.523
395.42  -0.518
395.52  -0.513
395.62  -0.507
395.72  -0.502
395.82  -0.497
395.93  -0.491
396.03  -0.486
396.12  -0.481
396.22  -0.475
396.32  -0.470
396.43  -0.464
396.53  -0.458
396.62  -0.453
396.72  -0.447
396.83  -0.442
396.93  -0.436
397.02  -0.431
397.12  -0.426
397.22  -0.422
397.33  -0.417
397.42  -0.413
397.52  -0.408
397.63  -0.404
397.73  -0.400
397.83  -0.396
397.93  -0.391
398.03  -0.387
398.13  -0.383
398.23  -0.379
398.34  -0.374
398.43  -0.370
398.53  -0.366
398.63  -0.361
398.74  -0.357
398.83  -0.352
398.93  -0.348
399.03  -0.343
399.13  -0.338
399.24  -0.334
399.34  -0.329
399.43  -0.324
399.53  -0.320
399.64  -0.315
399.73  -0.310
399.84  -0.305
399.93  -0.301
400.03  -0.296
400.14  -0.291
400.23  -0.286
400.33  -0.281
400.44  -0.276
400.54  -0.271
400.64  -0.266
400.74  -0.261
400.83  -0.256
400.93  -0.251
401.04  -0.246
401.13  -0.241
401.23  -0.236
401.33  -0.231
401.43  -0.226
401.54  -0.221
401.63  -0.216
401.73  -0.211
401.83  -0.206
401.93  -0.202
402.03  -0.197
402.13  -0.193
402.23  -0.189
402.34  -0.185
402.44  -0.180
402.54  -0.176
402.64  -0.172
402.74  -0.168
402.84  -0.164
402.94  -0.160
403.04  -0.155
403.14  -0.151
403.24  -0.147
403.34  -0.142
403.44  -0.138
403.53  -0.133
403.63  -0.128
403.74  -0.122
403.84  -0.117
403.94  -0.112
404.04  -0.106
404.14  -0.101
404.24  -0.095
404.34  -0.090
404.44  -0.084
404.53  -0.079
404.63  -0.073
404.74  -0.068
404.83  -0.062
404.93  -0.057
405.03  -0.052
405.14  -0.047
405.23  -0.042
405.32  -0.038
405.42  -0.033
405.52  -0.029
405.61  -0.025
405.71  -0.020
405.80  -0.016
405.90  -0.011
405.99  -0.007
406.09  -0.003
406.19   0.002
406.28   0.006
406.38   0.011
406.47   0.015
406.57   0.020
406.67   0.024
406.76   0.029
406.85   0.033
406.95   0.038
407.05   0.043
407.14   0.047
407.24   0.052
407.34   0.057
407.43   0.062
407.53   0.067
407.62   0.071
407.72   0.076
407.82   0.081
407.92   0.086
408.01   0.091
408.10   0.096
408.20   0.102
408.30   0.107
408.39   0.112
408.49   0.118
408.58   0.123
408.68   0.128
408.78   0.134
408.88   0.139
408.97   0.144
409.07   0.149
409.16   0.154
409.26   0.159
409.36   0.164
409.45   0.169
409.55   0.174
409.65   0.178
409.74   0.183
409.83   0.187
409.93   0.191
410.03   0.195
410.13   0.199
410.22   0.203
410.31   0.207
410.41   0.211
410.51   0.214
410.60   0.218
410.70   0.222
410.80   0.226
410.89   0.229
410.99   0.233
411.09   0.237
411.18   0.241
411.28   0.245
411.38   0.249
411.47   0.253
411.56   0.257
411.66   0.261
411.75   0.265
411.85   0.269
411.95   0.273
412.04   0.278
412.14   0.282
412.24   0.286
412.34   0.290
412.43   0.294
412.52   0.298
412.62   0.303
412.72   0.307
412.81   0.311
412.91   0.315
413.00   0.319
413.10   0.323
413.20   0.326
413.29   0.330
413.39   0.334
413.48   0.338
413.58   0.342
413.68   0.345
413.77   0.349
413.86   0.353
413.96   0.356
414.06   0.360
414.16   0.364
414.25   0.367
414.34   0.371
414.44   0.375
414.54   0.378
414.63   0.382
414.73   0.386
414.82   0.390
414.92   0.394
415.02   0.398
415.11   0.402
415.20   0.406
415.30   0.410
415.40   0.414
415.49   0.419
415.59   0.423
415.69   0.428
415.78   0.432
415.88   0.437
415.98   0.442
416.07   0.447
416.16   0.452
416.26   0.457
416.36   0.462
416.45   0.468
416.55   0.473
416.64   0.478
416.74   0.483
416.84   0.488
416.93   0.493
417.02   0.499
417.12   0.504
417.22   0.509
417.32   0.514
417.41   0.519
417.51   0.524
417.61   0.529
417.70   0.534
417.79   0.539
417.89   0.543
417.99   0.548
418.09   0.552
418.18   0.557
418.27   0.561
418.37   0.565
418.47   0.569
418.57   0.573
418.66   0.577
418.75   0.581
418.85   0.585
418.95   0.589
419.05   0.593
419.14   0.596
419.24   0.600
419.34   0.604
419.44   0.607
419.53   0.611
419.62   0.615
419.72   0.618
419.81   0.622
419.91   0.625
420.01   0.629
420.10   0.632
420.20   0.636
420.30   0.640
420.39   0.644
420.49   0.648
420.58   0.653
420.68   0.657
420.78   0.662
420.88   0.667
420.97   0.672
421.07   0.677
421.17   0.682
421.26   0.687
421.36   0.692
421.45   0.697
421.55   0.702
421.65   0.707
421.74   0.712
421.83   0.716
421.93   0.721
422.03   0.726
422.13   0.730
422.22   0.734
422.31   0.739
422.41   0.743
422.51   0.747
422.61   0.751
422.70   0.755
422.80   0.760
422.89   0.764
422.99   0.768
423.09   0.772
423.18   0.776
423.27   0.780
423.37   0.784
423.47   0.788
423.56   0.792
423.65   0.796
423.75   0.800
423.85   0.804
423.95   0.808
424.03   0.813
424.13   0.817
424.23   0.821
424.33   0.824
424.42   0.828
424.52   0.832
424.61   0.836
424.71   0.840
424.81   0.844
424.90   0.848
425.00   0.853
425.09   0.857
425.19   0.861
425.29   0.866
425.38   0.871
425.48   0.875
425.57   0.880
425.67   0.884
425.76   0.889
425.86   0.894
425.96   0.898
426.05   0.903
426.15   0.907
426.24   0.911
426.34   0.916
426.43   0.920
426.53   0.924
426.63   0.928
426.72   0.932
426.82   0.936
426.91   0.939
427.01   0.943
427.11   0.947
427.20   0.950
427.30   0.954
427.40   0.958
427.50   0.961
427.59   0.965
427.69   0.969
427.79   0.972
427.88   0.976
427.98   0.980
428.07   0.984
428.17   0.988
428.27   0.992
428.37   0.996
428.46   1.000
428.55   1.004
428.65   1.008
428.75   1.013
428.85   1.017
428.94   1.021
429.04   1.026
429.14   1.030
429.23   1.034
429.33   1.038
429.42   1.043
429.52   1.047
429.62   1.051
429.71   1.055
429.81   1.060
429.90   1.064
430.00   1.068
430.09   1.073
430.18   1.077
430.27   1.081
430.36   1.085
430.46   1.089
430.55   1.093
430.64   1.097
430.73   1.101
430.82   1.105
430.91   1.109
431.01   1.113
431.10   1.117
431.19   1.121
431.28   1.125
431.38   1.128
431.47   1.132
431.56   1.136
431.65   1.139
431.75   1.143
431.84   1.147
431.93   1.150
432.02   1.154
432.12   1.157
432.21   1.161
432.30   1.165
432.40   1.168
432.49   1.172
432.58   1.175
432.68   1.179
432.77   1.182
432.86   1.186
432.95   1.189
433.05   1.193
433.14   1.196
433.23   1.200
433.33   1.203
433.42   1.206
433.52   1.210
433.61   1.213
433.70   1.216
433.79   1.219
433.89   1.222
433.98   1.225
434.07   1.229
434.16   1.232
434.26   1.235
434.35   1.239
434.44   1.242
434.53   1.246
434.63   1.249
434.72   1.253
434.81   1.257
434.90   1.260
434.99   1.264
435.08   1.268
435.18   1.272
435.27   1.275
435.36   1.279
435.45   1.283
435.55   1.288
435.64   1.292
435.73   1.296
435.82   1.301
435.91   1.305
436.00   1.310
436.10   1.314
436.19   1.319
436.28   1.323
436.37   1.327
436.46   1.331
436.56   1.335
436.65   1.339
436.74   1.343
436.84   1.347
436.93   1.351
437.02   1.354
437.11   1.358
437.21   1.361
437.30   1.364
437.40   1.367
437.49   1.371
437.58   1.374
437.67   1.377
437.77   1.380
437.86   1.383
437.95   1.386
438.04   1.389
438.14   1.392
438.23   1.395
438.32   1.398
438.42   1.401
438.51   1.404
438.60   1.407
438.70   1.411
438.79   1.414
438.88   1.418
438.98   1.422
439.07   1.425
439.16   1.429
439.26   1.433
439.35   1.437
439.45   1.440
439.54   1.444
439.63   1.448
439.72   1.452
439.82   1.456
439.91   1.460
440.01   1.464
440.10   1.468
440.19   1.472
440.29   1.476
440.38   1.479
440.48   1.483
440.57   1.487
440.66   1.490
440.75   1.494
440.85   1.497
440.94   1.501
441.03   1.504
441.13   1.508
441.22   1.511
441.31   1.514
441.41   1.518
441.50   1.521
441.59   1.524
441.69   1.527
441.78   1.530
441.87   1.533
441.97   1.536
442.06   1.539
442.15   1.542
442.25   1.545
442.34   1.549
442.43   1.552
442.53   1.556
442.62   1.559
442.71   1.562
442.81   1.566
442.90   1.570
442.99   1.573
443.08   1.577
443.18   1.581
443.27   1.584
443.37   1.588
443.46   1.592
443.55   1.596
443.64   1.599
443.74   1.603
443.83   1.607
443.92   1.611
444.02   1.615
444.11   1.619
444.20   1.623
444.30   1.627
444.39   1.631
444.48   1.634
444.57   1.638
444.67   1.642
444.76   1.645
444.85   1.648
444.95   1.652
445.04   1.655
445.13   1.659
445.22   1.662
445.32   1.665
445.41   1.669
445.51   1.672
445.60   1.676
445.69   1.679
445.78   1.683
445.87   1.686
445.97   1.690
446.06   1.693
446.15   1.697
446.25   1.700
446.34   1.703
446.43   1.707
446.53   1.710
446.62   1.714
446.71   1.718
446.80   1.721
446.90   1.725
446.99   1.729
447.08   1.732
447.18   1.736
447.27   1.740
447.36   1.744
447.46   1.748
447.55   1.752
447.64   1.756
447.74   1.760
447.83   1.764
447.92   1.768
448.01   1.773
448.11   1.777
448.19   1.781
448.29   1.785
448.39   1.789
448.48   1.794
448.57   1.798
448.67   1.802
448.76   1.806
448.85   1.809
448.94   1.813
449.04   1.816
449.13   1.819
449.23   1.822
449.32   1.825
449.41   1.828
449.50   1.831
449.60   1.833
449.69   1.836
449.79   1.839
449.88   1.841
449.97   1.844
450.06   1.847
450.16   1.849
450.25   1.852
450.35   1.854
450.44   1.857
450.54   1.859
450.63   1.862
450.72   1.864
450.81   1.867
450.90   1.869
451.00   1.872
451.09   1.874
451.19   1.877
451.28   1.880
451.37   1.883
451.46   1.885
451.55   1.888
451.65   1.891
451.74   1.894
451.83   1.898
451.93   1.901
452.02   1.904
452.11   1.908
452.20   1.912
452.30   1.915
452.39   1.919
452.48   1.923
452.57   1.927
452.67   1.931
452.76   1.935
452.86   1.939
452.95   1.943
453.04   1.947
453.13   1.951
453.22   1.954
453.32   1.958
453.41   1.962
453.50   1.965
453.59   1.969
453.68   1.972
453.77   1.975
453.86   1.979
453.95   1.982
454.04   1.985
454.13   1.988
454.22   1.991
454.31   1.994
454.40   1.997
454.49   2.001
454.58   2.004
454.67   2.007
454.75   2.010
454.84   2.013
454.93   2.017
455.02   2.020
455.11   2.024
455.20   2.027
455.29   2.031
455.38   2.035
455.47   2.038
455.55   2.042
455.64   2.046
455.73   2.049
455.82   2.053
455.91   2.056
456.00   2.060
456.09   2.063
456.18   2.067
456.27   2.070
456.36   2.073
456.45   2.075
456.54   2.078
456.63   2.081
456.72   2.083
456.81   2.086
456.90   2.088
456.99   2.091
457.08   2.093
457.17   2.096
457.26   2.099
457.35   2.101
457.44   2.104
457.53   2.107
457.62   2.110
457.70   2.113
457.80   2.116
457.89   2.120
457.97   2.124
458.07   2.128
458.15   2.131
458.24   2.135
458.33   2.139
