  
  DOI/GTN-P Deep Borehole Array, Arctic Alaska 
             U.S. Geological Survey 
            Processed Temperature Log 
                    28-Aug-2013 
________________________________________________ 
  
Temperature Log Information: 
  Well name:   Kugrua 
  File name:   KAG_02AUG24_c_d 
  Log date:    24-AUG-2002 
  
Contact Information: 
  Gary Clow 
  U.S. Geological Survey 
  clow@usgs.gov 
  
Definitions: 
  Depth:        Depth below local ground surface (m) 
  Temperature:  ITS-90 temperature (°C) 
________________________________________________ 
             
 Depth  Temperature 
 10.49  -8.084
 10.60  -8.084
 10.74  -8.083
 10.88  -8.082
 11.02  -8.081
 11.15  -8.080
 11.29  -8.079
 11.41  -8.077
 11.53  -8.076
 11.64  -8.074
 11.75  -8.072
 11.87  -8.071
 11.98  -8.069
 12.09  -8.067
 12.20  -8.065
 12.43  -8.060
 12.55  -8.058
 12.66  -8.055
 12.77  -8.053
 12.88  -8.050
 13.00  -8.047
 13.11  -8.044
 13.23  -8.041
 13.45  -8.035
 13.56  -8.032
 13.68  -8.029
 13.80  -8.026
 13.93  -8.022
 14.05  -8.019
 14.17  -8.016
 14.28  -8.012
 14.40  -8.009
 14.53  -8.005
 14.66  -8.002
 14.79  -7.999
 14.91  -7.995
 15.03  -7.992
 15.16  -7.989
 15.29  -7.986
 15.42  -7.982
 15.54  -7.979
 15.66  -7.976
 15.80  -7.972
 15.93  -7.969
 16.06  -7.966
 16.18  -7.962
 16.42  -7.956
 16.54  -7.952
 16.68  -7.949
 16.81  -7.946
 16.92  -7.942
 17.04  -7.938
 17.17  -7.935
 17.31  -7.931
 17.43  -7.928
 17.55  -7.924
 17.67  -7.921
 17.80  -7.917
 17.93  -7.914
 18.06  -7.910
 18.18  -7.907
 18.30  -7.904
 18.43  -7.900
 18.56  -7.897
 18.69  -7.894
 18.82  -7.891
 18.94  -7.888
 19.06  -7.885
 19.19  -7.883
 19.33  -7.880
 19.45  -7.877
 19.57  -7.875
 19.70  -7.872
 19.83  -7.869
 19.96  -7.867
 20.09  -7.865
 20.22  -7.862
 20.34  -7.860
 20.46  -7.858
 20.60  -7.855
 20.73  -7.853
 20.86  -7.851
 20.98  -7.849
 21.10  -7.847
 21.23  -7.845
 21.36  -7.843
 21.49  -7.841
 21.62  -7.839
 21.74  -7.837
 21.87  -7.835
 22.00  -7.833
 22.13  -7.831
 22.25  -7.830
 22.38  -7.828
 22.50  -7.827
 22.63  -7.825
 22.77  -7.824
 22.89  -7.823
 23.02  -7.821
 23.14  -7.820
 23.27  -7.819
 23.40  -7.819
 23.53  -7.818
 23.66  -7.817
 23.78  -7.816
 23.91  -7.816
 24.04  -7.815
 24.17  -7.814
 24.30  -7.814
 24.42  -7.813
 24.54  -7.813
 24.67  -7.812
 24.81  -7.812
 24.93  -7.811
 25.06  -7.811
 25.18  -7.810
 25.31  -7.810
 25.44  -7.810
 25.57  -7.809
 25.70  -7.809
 25.82  -7.809
 25.95  -7.808
 26.08  -7.808
 26.21  -7.808
 26.34  -7.808
 26.46  -7.807
 26.59  -7.807
 26.72  -7.807
 26.85  -7.807
 26.98  -7.806
 27.10  -7.806
 27.23  -7.806
 27.36  -7.806
 27.49  -7.806
 27.62  -7.805
 27.74  -7.805
 27.87  -7.805
 28.00  -7.805
 28.13  -7.805
 28.26  -7.804
 28.39  -7.804
 28.51  -7.804
 28.64  -7.804
 28.77  -7.804
 28.90  -7.804
 29.02  -7.804
 29.15  -7.804
 29.28  -7.804
 29.40  -7.803
 29.54  -7.803
 29.66  -7.803
 29.79  -7.803
 29.91  -7.803
 30.04  -7.803
 30.17  -7.804
 30.30  -7.804
 30.43  -7.804
 30.55  -7.804
 30.68  -7.804
 30.81  -7.804
 30.94  -7.804
 31.07  -7.803
 31.19  -7.803
 31.32  -7.803
 31.45  -7.803
 31.58  -7.803
 31.71  -7.803
 31.84  -7.803
 31.96  -7.803
 32.09  -7.803
 32.22  -7.803
 32.35  -7.803
 32.48  -7.803
 32.60  -7.802
 32.72  -7.802
 32.85  -7.802
 32.97  -7.802
 33.10  -7.802
 33.22  -7.802
 33.34  -7.802
 33.47  -7.802
 33.59  -7.802
 33.72  -7.802
 33.84  -7.802
 33.96  -7.801
 34.09  -7.801
 34.22  -7.801
 34.35  -7.801
 34.47  -7.801
 34.59  -7.801
 34.71  -7.801
 34.84  -7.801
 34.97  -7.801
 35.09  -7.801
 35.21  -7.800
 35.33  -7.800
 35.46  -7.800
 35.59  -7.800
 35.71  -7.800
 35.83  -7.800
 35.95  -7.800
 36.07  -7.800
 36.20  -7.800
 36.33  -7.799
 36.45  -7.799
 36.57  -7.799
 36.69  -7.799
 36.82  -7.799
 36.95  -7.798
 37.07  -7.798
 37.19  -7.798
 37.31  -7.798
 37.44  -7.798
 37.57  -7.797
 37.69  -7.797
 37.81  -7.797
 37.93  -7.796
 38.05  -7.796
 38.18  -7.796
 38.31  -7.795
 38.43  -7.795
 38.55  -7.794
 38.67  -7.794
 38.80  -7.794
 38.93  -7.793
 39.05  -7.793
 39.17  -7.792
 39.29  -7.792
 39.42  -7.791
 39.55  -7.791
 39.67  -7.790
 39.79  -7.790
 39.91  -7.789
 40.04  -7.789
 40.17  -7.788
 40.29  -7.788
 40.42  -7.787
 40.54  -7.786
 40.66  -7.786
 40.79  -7.785
 40.92  -7.784
 41.04  -7.784
 41.16  -7.783
 41.28  -7.782
 41.41  -7.781
 41.54  -7.781
 41.66  -7.780
 41.78  -7.779
 41.90  -7.778
 42.03  -7.777
 42.16  -7.776
 42.28  -7.775
 42.40  -7.774
 42.53  -7.774
 42.65  -7.773
 42.78  -7.772
 42.91  -7.770
 43.03  -7.769
 43.15  -7.768
 43.27  -7.767
 43.40  -7.766
 43.53  -7.765
 43.65  -7.764
 43.77  -7.763
 43.90  -7.761
 44.02  -7.760
 44.15  -7.759
 44.28  -7.758
 44.40  -7.756
 44.52  -7.755
 44.65  -7.754
 44.77  -7.752
 44.90  -7.751
 45.02  -7.750
 45.14  -7.748
 45.27  -7.747
 45.39  -7.746
 45.52  -7.744
 45.64  -7.743
 45.76  -7.741
 45.89  -7.740
 46.02  -7.738
 46.15  -7.737
 46.27  -7.735
 46.39  -7.734
 46.51  -7.732
 46.64  -7.731
 46.77  -7.729
 46.89  -7.728
 47.01  -7.726
 47.14  -7.724
 47.26  -7.723
 47.39  -7.721
 47.52  -7.719
 47.64  -7.718
 47.76  -7.716
 47.88  -7.714
 48.01  -7.713
 48.14  -7.711
 48.26  -7.709
 48.38  -7.707
 48.50  -7.705
 48.63  -7.704
 48.76  -7.702
 48.89  -7.700
 49.01  -7.698
 49.13  -7.696
 49.25  -7.694
 49.38  -7.693
 49.51  -7.691
 49.63  -7.689
 49.75  -7.687
 49.88  -7.685
 50.00  -7.683
 50.13  -7.681
 50.25  -7.679
 50.37  -7.677
 50.49  -7.675
 50.62  -7.674
 50.75  -7.672
 50.88  -7.670
 51.00  -7.668
 51.12  -7.666
 51.25  -7.664
 51.37  -7.662
 51.50  -7.660
 51.62  -7.658
 51.74  -7.656
 51.87  -7.655
 52.00  -7.653
 52.12  -7.651
 52.25  -7.649
 52.36  -7.647
 52.49  -7.645
 52.62  -7.643
 52.75  -7.641
 52.87  -7.639
 52.99  -7.637
 53.11  -7.635
 53.24  -7.633
 53.37  -7.630
 53.49  -7.628
 53.61  -7.626
 53.74  -7.624
 53.86  -7.622
 53.99  -7.619
 54.12  -7.617
 54.24  -7.615
 54.37  -7.613
 54.49  -7.610
 54.62  -7.608
 54.74  -7.606
 54.86  -7.603
 54.99  -7.601
 55.11  -7.599
 55.24  -7.596
 55.37  -7.594
 55.49  -7.591
 55.61  -7.589
 55.74  -7.587
 55.86  -7.584
 55.99  -7.582
 56.12  -7.579
 56.24  -7.577
 56.36  -7.574
 56.49  -7.571
 56.62  -7.569
 56.74  -7.566
 56.86  -7.563
 56.98  -7.561
 57.11  -7.558
 57.24  -7.555
 57.37  -7.552
 57.49  -7.549
 57.61  -7.546
 57.74  -7.543
 57.86  -7.540
 57.99  -7.536
 58.11  -7.533
 58.23  -7.530
 58.36  -7.527
 58.48  -7.524
 58.61  -7.521
 58.74  -7.518
 58.86  -7.515
 58.98  -7.512
 59.11  -7.509
 59.23  -7.507
 59.36  -7.504
 59.49  -7.501
 59.61  -7.499
 59.73  -7.496
 59.86  -7.493
 59.99  -7.491
 60.11  -7.488
 60.23  -7.485
 60.36  -7.482
 60.48  -7.480
 60.61  -7.477
 60.73  -7.474
 60.85  -7.472
 60.98  -7.469
 61.10  -7.466
 61.23  -7.463
 61.36  -7.460
 61.48  -7.457
 61.60  -7.454
 61.73  -7.451
 61.85  -7.448
 61.98  -7.445
 62.10  -7.442
 62.22  -7.439
 62.35  -7.436
 62.47  -7.433
 62.60  -7.430
 62.72  -7.427
 62.85  -7.424
 62.97  -7.421
 63.10  -7.418
 63.23  -7.415
 63.35  -7.412
 63.47  -7.409
 63.59  -7.406
 63.72  -7.403
 63.85  -7.400
 63.97  -7.397
 64.09  -7.394
 64.21  -7.391
 64.34  -7.388
 64.47  -7.385
 64.59  -7.382
 64.72  -7.379
 64.84  -7.376
 64.96  -7.373
 65.09  -7.370
 65.22  -7.367
 65.34  -7.364
 65.46  -7.361
 65.58  -7.359
 65.71  -7.356
 65.84  -7.353
 65.96  -7.350
 66.08  -7.347
 66.20  -7.344
 66.33  -7.341
 66.46  -7.338
 66.58  -7.335
 66.71  -7.332
 66.83  -7.329
 66.95  -7.326
 67.08  -7.323
 67.20  -7.320
 67.33  -7.317
 67.45  -7.314
 67.57  -7.311
 67.70  -7.308
 67.83  -7.305
 67.95  -7.302
 68.07  -7.299
 68.19  -7.296
 68.32  -7.293
 68.45  -7.290
 68.57  -7.287
 68.69  -7.284
 68.82  -7.281
 68.94  -7.278
 69.07  -7.274
 69.19  -7.271
 69.31  -7.268
 69.43  -7.265
 69.55  -7.262
 69.68  -7.259
 69.80  -7.256
 69.92  -7.253
 70.04  -7.250
 70.16  -7.247
 70.28  -7.244
 70.41  -7.241
 70.53  -7.238
 70.64  -7.235
 70.76  -7.232
 70.89  -7.229
 71.01  -7.226
 71.13  -7.223
 71.25  -7.220
 71.37  -7.217
 71.49  -7.214
 71.61  -7.211
 71.74  -7.208
 71.86  -7.205
 71.97  -7.202
 72.09  -7.199
 72.22  -7.196
 72.34  -7.193
 72.46  -7.190
 72.58  -7.187
 72.70  -7.184
 72.82  -7.181
 72.95  -7.178
 73.07  -7.175
 73.19  -7.172
 73.30  -7.168
 73.43  -7.165
 73.55  -7.162
 73.67  -7.159
 73.79  -7.156
 73.91  -7.153
 74.04  -7.149
 74.16  -7.146
 74.28  -7.143
 74.40  -7.140
 74.52  -7.136
 74.64  -7.133
 74.76  -7.129
 74.89  -7.126
 75.01  -7.122
 75.13  -7.119
 75.25  -7.115
 75.37  -7.112
 75.50  -7.108
 75.62  -7.104
 75.74  -7.101
 75.86  -7.097
 75.98  -7.093
 76.10  -7.090
 76.23  -7.086
 76.35  -7.082
 76.47  -7.078
 76.59  -7.075
 76.71  -7.071
 76.84  -7.067
 76.95  -7.063
 77.07  -7.060
 77.20  -7.056
 77.32  -7.052
 77.45  -7.048
 77.57  -7.045
 77.69  -7.041
 77.81  -7.037
 77.93  -7.033
 78.06  -7.030
 78.18  -7.026
 78.30  -7.022
 78.42  -7.018
 78.55  -7.015
 78.67  -7.011
 78.79  -7.007
 78.91  -7.004
 79.03  -7.000
 79.16  -6.996
 79.28  -6.993
 79.40  -6.989
 79.53  -6.985
 79.64  -6.982
 79.77  -6.978
 79.89  -6.974
 80.02  -6.971
 80.14  -6.967
 80.26  -6.963
 80.38  -6.960
 80.51  -6.956
 80.63  -6.952
 80.75  -6.948
 80.87  -6.944
 80.99  -6.940
 81.12  -6.936
 81.24  -6.933
 81.37  -6.929
 81.49  -6.925
 81.61  -6.921
 81.73  -6.917
 81.85  -6.913
 81.98  -6.909
 82.10  -6.905
 82.22  -6.901
 82.34  -6.896
 82.47  -6.892
 82.59  -6.888
 82.71  -6.884
 82.83  -6.880
 82.96  -6.876
 83.08  -6.872
 83.20  -6.868
 83.32  -6.864
 83.45  -6.860
 83.57  -6.856
 83.70  -6.851
 83.82  -6.847
 83.94  -6.843
 84.06  -6.839
 84.18  -6.835
 84.30  -6.831
 84.43  -6.827
 84.56  -6.823
 84.68  -6.818
 84.80  -6.814
 84.92  -6.810
 85.05  -6.806
 85.17  -6.802
 85.29  -6.798
 85.41  -6.794
 85.54  -6.790
 85.66  -6.786
 85.78  -6.781
 85.90  -6.777
 86.02  -6.773
 86.15  -6.769
 86.28  -6.765
 86.40  -6.761
 86.52  -6.758
 86.64  -6.754
 86.76  -6.750
 86.89  -6.746
 87.01  -6.743
 87.13  -6.739
 87.26  -6.735
 87.38  -6.731
 87.50  -6.728
 87.62  -6.724
 87.75  -6.720
 87.87  -6.717
 87.99  -6.713
 88.11  -6.709
 88.23  -6.705
 88.36  -6.702
 88.48  -6.698
 88.60  -6.694
 88.73  -6.689
 88.85  -6.685
 88.97  -6.681
 89.09  -6.677
 89.22  -6.673
 89.34  -6.669
 89.47  -6.664
 89.59  -6.660
 89.71  -6.656
 89.84  -6.652
 89.96  -6.648
 90.08  -6.644
 90.20  -6.640
 90.33  -6.636
 90.45  -6.632
 90.57  -6.628
 90.70  -6.624
 90.82  -6.621
 90.94  -6.617
 91.07  -6.614
 91.19  -6.610
 91.31  -6.607
 91.44  -6.603
 91.56  -6.600
 91.68  -6.596
 91.80  -6.593
 91.93  -6.589
 92.05  -6.585
 92.17  -6.582
 92.30  -6.578
 92.42  -6.574
 92.54  -6.570
 92.67  -6.567
 92.79  -6.563
 92.92  -6.559
 93.04  -6.555
 93.16  -6.551
 93.28  -6.547
 93.41  -6.543
 93.53  -6.538
 93.65  -6.534
 93.77  -6.530
 93.90  -6.526
 94.02  -6.522
 94.14  -6.518
 94.27  -6.515
 94.39  -6.511
 94.51  -6.507
 94.64  -6.504
 94.76  -6.500
 94.88  -6.497
 95.01  -6.493
 95.13  -6.489
 95.25  -6.486
 95.38  -6.482
 95.50  -6.479
 95.62  -6.475
 95.74  -6.471
 95.87  -6.467
 95.99  -6.464
 96.12  -6.459
 96.24  -6.455
 96.36  -6.451
 96.49  -6.446
 96.61  -6.441
 96.73  -6.436
 96.86  -6.432
 96.98  -6.427
 97.10  -6.421
 97.23  -6.416
 97.35  -6.411
 97.47  -6.406
 97.60  -6.401
 97.72  -6.396
 97.84  -6.391
 97.96  -6.386
 98.09  -6.381
 98.21  -6.376
 98.33  -6.371
 98.46  -6.367
 98.58  -6.363
 98.70  -6.358
 98.83  -6.354
 98.95  -6.350
 99.08  -6.346
 99.20  -6.341
 99.32  -6.337
 99.44  -6.333
 99.57  -6.329
 99.69  -6.325
 99.82  -6.320
 99.94  -6.316
100.06  -6.312
100.18  -6.308
100.31  -6.303
100.43  -6.299
100.55  -6.294
100.67  -6.290
100.79  -6.285
100.92  -6.281
101.04  -6.276
101.17  -6.272
101.29  -6.267
101.41  -6.263
101.54  -6.258
101.66  -6.254
101.79  -6.249
101.91  -6.244
102.03  -6.240
102.15  -6.235
102.28  -6.231
102.40  -6.226
102.52  -6.221
102.65  -6.217
102.77  -6.212
102.89  -6.207
103.02  -6.203
103.14  -6.198
103.27  -6.193
103.39  -6.188
103.51  -6.183
103.64  -6.179
103.76  -6.174
103.88  -6.169
104.01  -6.164
104.13  -6.160
104.25  -6.155
104.38  -6.151
104.50  -6.147
104.62  -6.143
104.75  -6.139
104.87  -6.134
104.99  -6.130
105.11  -6.126
105.23  -6.121
105.35  -6.117
105.47  -6.112
105.60  -6.107
105.71  -6.102
105.83  -6.097
105.95  -6.092
106.07  -6.088
106.19  -6.084
106.31  -6.079
106.43  -6.075
106.55  -6.071
106.67  -6.067
106.79  -6.063
106.91  -6.059
107.03  -6.055
107.15  -6.051
107.27  -6.047
107.38  -6.043
107.50  -6.038
107.62  -6.034
107.74  -6.030
107.86  -6.026
107.99  -6.022
108.11  -6.017
108.22  -6.013
108.34  -6.009
108.46  -6.005
108.59  -6.001
108.71  -5.996
108.82  -5.992
108.94  -5.988
109.06  -5.984
109.18  -5.979
109.30  -5.975
109.42  -5.971
109.54  -5.966
109.66  -5.962
109.78  -5.957
109.90  -5.952
110.02  -5.947
110.14  -5.942
110.26  -5.937
110.38  -5.932
110.50  -5.927
110.62  -5.922
110.74  -5.916
110.86  -5.911
110.98  -5.906
111.10  -5.900
111.22  -5.895
111.34  -5.889
111.45  -5.884
111.57  -5.879
111.69  -5.873
111.81  -5.868
111.93  -5.862
112.06  -5.857
112.17  -5.852
112.29  -5.847
112.41  -5.842
112.53  -5.836
112.65  -5.831
112.77  -5.826
112.89  -5.821
113.01  -5.816
113.13  -5.811
113.25  -5.805
113.37  -5.800
113.49  -5.795
113.61  -5.790
113.73  -5.785
113.85  -5.780
113.97  -5.775
114.09  -5.770
114.21  -5.765
114.33  -5.760
114.45  -5.755
114.57  -5.750
114.69  -5.745
114.81  -5.740
114.93  -5.735
115.05  -5.730
115.17  -5.725
115.29  -5.720
115.41  -5.715
115.53  -5.710
115.65  -5.705
115.77  -5.701
115.89  -5.696
116.01  -5.691
116.13  -5.687
116.25  -5.683
116.37  -5.678
116.48  -5.674
116.61  -5.669
116.73  -5.664
116.85  -5.659
116.97  -5.654
117.08  -5.649
117.21  -5.644
117.33  -5.639
117.45  -5.634
117.57  -5.629
117.68  -5.624
117.80  -5.620
117.92  -5.615
118.04  -5.611
118.17  -5.606
118.28  -5.602
118.40  -5.597
118.52  -5.593
118.65  -5.588
118.77  -5.584
118.88  -5.579
119.00  -5.575
119.12  -5.570
119.24  -5.566
119.37  -5.561
119.48  -5.557
119.60  -5.552
119.72  -5.548
119.84  -5.543
119.96  -5.539
120.08  -5.534
120.20  -5.530
120.32  -5.525
120.44  -5.520
120.56  -5.516
120.68  -5.511
120.80  -5.507
120.92  -5.502
121.04  -5.498
121.16  -5.493
121.28  -5.489
121.40  -5.484
121.52  -5.480
121.64  -5.475
121.76  -5.471
121.88  -5.466
122.00  -5.462
122.12  -5.457
122.23  -5.453
122.36  -5.449
122.48  -5.444
122.60  -5.440
122.72  -5.435
122.84  -5.431
122.96  -5.426
123.08  -5.422
123.19  -5.418
123.31  -5.413
123.43  -5.408
123.56  -5.404
123.67  -5.399
123.79  -5.395
123.91  -5.390
124.03  -5.385
124.15  -5.381
124.27  -5.376
124.39  -5.371
124.51  -5.366
124.63  -5.362
124.75  -5.357
124.87  -5.352
124.99  -5.348
125.11  -5.343
125.23  -5.338
125.35  -5.334
125.47  -5.329
125.59  -5.324
125.71  -5.320
125.83  -5.315
125.95  -5.311
126.07  -5.306
126.19  -5.301
126.31  -5.297
126.42  -5.292
126.54  -5.287
126.66  -5.283
126.78  -5.278
126.90  -5.273
127.02  -5.268
127.14  -5.263
127.26  -5.258
127.38  -5.253
127.51  -5.248
127.62  -5.242
127.74  -5.237
127.86  -5.232
127.98  -5.226
128.11  -5.221
128.22  -5.215
128.34  -5.210
128.46  -5.204
128.58  -5.199
128.70  -5.194
128.82  -5.188
128.94  -5.183
129.06  -5.177
129.18  -5.172
129.30  -5.167
129.42  -5.162
129.53  -5.157
129.66  -5.152
129.77  -5.147
129.90  -5.142
130.01  -5.137
130.13  -5.132
130.25  -5.127
130.37  -5.122
130.49  -5.117
130.61  -5.112
130.73  -5.107
130.85  -5.102
130.97  -5.097
131.09  -5.092
131.21  -5.087
131.33  -5.081
131.45  -5.076
131.57  -5.071
131.69  -5.065
131.81  -5.060
131.92  -5.055
132.04  -5.049
132.16  -5.044
132.28  -5.039
132.40  -5.033
132.52  -5.028
132.64  -5.023
132.76  -5.017
132.88  -5.012
133.00  -5.007
133.12  -5.003
133.24  -4.998
133.35  -4.994
133.47  -4.989
133.60  -4.985
133.71  -4.980
133.83  -4.975
133.95  -4.970
134.07  -4.965
134.19  -4.960
134.31  -4.955
134.43  -4.950
134.55  -4.945
134.67  -4.940
134.79  -4.935
134.90  -4.930
135.02  -4.924
135.14  -4.919
135.26  -4.914
135.38  -4.909
135.50  -4.903
135.62  -4.898
135.74  -4.893
135.86  -4.887
135.98  -4.882
136.10  -4.876
136.22  -4.871
136.33  -4.866
136.45  -4.861
136.57  -4.856
136.69  -4.851
136.81  -4.847
136.93  -4.843
137.04  -4.839
137.16  -4.835
137.28  -4.832
137.40  -4.828
137.52  -4.825
137.64  -4.821
137.76  -4.818
137.88  -4.814
138.00  -4.811
138.12  -4.807
138.24  -4.803
138.36  -4.799
138.47  -4.795
138.59  -4.790
138.71  -4.784
138.83  -4.778
138.95  -4.771
139.07  -4.765
139.19  -4.758
139.31  -4.751
139.43  -4.744
139.54  -4.737
139.66  -4.729
139.78  -4.722
139.90  -4.716
140.01  -4.709
140.13  -4.702
140.25  -4.695
140.36  -4.689
140.48  -4.683
140.59  -4.677
140.71  -4.671
140.82  -4.666
140.94  -4.661
141.05  -4.656
141.17  -4.652
141.28  -4.647
141.40  -4.643
141.52  -4.639
141.63  -4.635
141.75  -4.632
141.86  -4.628
141.98  -4.625
142.10  -4.621
142.21  -4.617
142.33  -4.613
142.44  -4.608
142.56  -4.603
142.67  -4.598
142.79  -4.593
142.91  -4.587
143.02  -4.582
143.13  -4.576
143.25  -4.570
143.37  -4.565
143.48  -4.560
143.60  -4.554
143.71  -4.549
143.83  -4.544
143.94  -4.538
144.06  -4.533
144.18  -4.528
144.29  -4.523
144.41  -4.518
144.53  -4.513
144.64  -4.508
144.76  -4.503
144.87  -4.499
144.99  -4.494
145.11  -4.489
145.22  -4.484
145.34  -4.479
145.45  -4.474
145.57  -4.469
145.69  -4.465
145.80  -4.460
145.92  -4.455
146.04  -4.450
146.15  -4.445
146.27  -4.440
146.39  -4.435
146.50  -4.430
146.62  -4.425
146.73  -4.420
146.85  -4.414
146.97  -4.409
147.08  -4.404
147.20  -4.399
147.31  -4.394
147.43  -4.389
147.55  -4.384
147.66  -4.379
147.78  -4.374
147.89  -4.368
148.00  -4.363
148.12  -4.358
148.24  -4.353
148.36  -4.348
148.47  -4.342
148.59  -4.337
148.70  -4.332
148.82  -4.327
148.94  -4.321
149.06  -4.316
149.17  -4.311
149.28  -4.306
149.40  -4.300
149.52  -4.295
149.64  -4.290
149.75  -4.285
149.87  -4.279
149.99  -4.274
150.10  -4.269
150.21  -4.263
150.33  -4.258
150.45  -4.253
150.57  -4.247
150.68  -4.242
150.80  -4.237
150.91  -4.232
151.03  -4.227
151.15  -4.221
151.27  -4.216
151.38  -4.211
151.50  -4.206
151.61  -4.202
151.73  -4.197
151.85  -4.192
151.96  -4.188
152.08  -4.183
152.20  -4.179
152.32  -4.175
152.43  -4.170
152.55  -4.166
152.66  -4.162
152.78  -4.158
152.90  -4.153
153.02  -4.149
153.13  -4.145
153.25  -4.141
153.36  -4.137
153.48  -4.133
153.60  -4.128
153.72  -4.124
153.83  -4.120
153.95  -4.116
154.07  -4.112
154.18  -4.107
154.30  -4.103
154.42  -4.099
154.53  -4.095
154.65  -4.090
154.77  -4.086
154.89  -4.082
155.00  -4.077
155.12  -4.073
155.23  -4.069
155.35  -4.064
155.47  -4.059
155.58  -4.055
155.70  -4.050
155.81  -4.045
155.93  -4.040
156.05  -4.035
156.16  -4.030
156.28  -4.025
156.40  -4.019
156.52  -4.014
156.63  -4.009
156.75  -4.004
156.87  -3.999
156.98  -3.994
157.10  -3.989
157.22  -3.984
157.33  -3.979
157.45  -3.975
157.57  -3.970
157.68  -3.965
157.80  -3.961
157.92  -3.956
158.03  -3.952
158.15  -3.947
158.26  -3.942
158.38  -3.938
158.50  -3.933
158.62  -3.928
158.74  -3.923
158.85  -3.919
158.97  -3.914
159.09  -3.909
159.20  -3.905
159.32  -3.900
159.44  -3.895
159.55  -3.891
159.67  -3.886
159.79  -3.881
159.90  -3.877
160.02  -3.872
160.14  -3.867
160.26  -3.862
160.37  -3.856
160.49  -3.851
160.60  -3.846
160.72  -3.840
160.84  -3.835
160.96  -3.830
161.07  -3.824
161.19  -3.819
161.30  -3.814
161.42  -3.809
161.54  -3.803
161.65  -3.798
161.77  -3.793
161.88  -3.788
162.00  -3.782
162.12  -3.777
162.24  -3.772
162.36  -3.766
162.47  -3.761
162.59  -3.756
162.71  -3.751
162.83  -3.746
162.94  -3.740
163.06  -3.735
163.17  -3.730
163.29  -3.725
163.41  -3.720
163.53  -3.715
163.64  -3.710
163.76  -3.706
163.88  -3.701
163.99  -3.696
164.11  -3.692
164.23  -3.687
164.34  -3.683
164.46  -3.678
164.58  -3.674
164.70  -3.669
164.81  -3.665
164.93  -3.660
165.05  -3.656
165.17  -3.652
165.28  -3.648
165.40  -3.643
165.51  -3.639
165.63  -3.634
165.75  -3.630
165.86  -3.625
165.98  -3.620
166.10  -3.616
166.22  -3.611
166.33  -3.606
166.45  -3.602
166.56  -3.597
166.68  -3.592
166.80  -3.588
166.92  -3.583
167.04  -3.579
167.15  -3.574
167.27  -3.569
167.38  -3.565
167.50  -3.560
167.62  -3.556
167.74  -3.551
167.85  -3.546
167.97  -3.541
168.09  -3.537
168.21  -3.532
168.32  -3.527
168.44  -3.523
168.55  -3.518
168.67  -3.513
168.79  -3.508
168.90  -3.504
169.02  -3.499
169.14  -3.494
169.25  -3.489
169.37  -3.485
169.49  -3.480
169.60  -3.475
169.72  -3.470
169.84  -3.466
169.95  -3.461
170.07  -3.456
170.19  -3.451
170.31  -3.447
170.42  -3.442
170.54  -3.437
170.66  -3.432
170.77  -3.427
170.89  -3.422
171.00  -3.418
171.12  -3.413
171.24  -3.408
171.36  -3.403
171.47  -3.398
171.59  -3.394
171.71  -3.389
171.82  -3.384
171.94  -3.380
172.06  -3.375
172.17  -3.371
172.29  -3.367
172.41  -3.362
172.53  -3.358
172.64  -3.354
172.76  -3.350
172.87  -3.347
172.99  -3.343
173.11  -3.339
173.22  -3.335
173.34  -3.331
173.46  -3.327
173.58  -3.323
173.69  -3.319
173.80  -3.315
173.92  -3.311
174.03  -3.307
174.15  -3.303
174.26  -3.299
174.37  -3.295
174.49  -3.291
174.60  -3.286
174.71  -3.282
174.83  -3.278
174.94  -3.273
175.05  -3.269
175.16  -3.264
175.28  -3.260
175.39  -3.256
175.50  -3.251
175.62  -3.246
175.73  -3.242
175.85  -3.237
175.96  -3.233
176.07  -3.228
176.18  -3.223
176.30  -3.218
176.41  -3.213
176.53  -3.208
176.64  -3.203
176.75  -3.198
176.86  -3.194
176.98  -3.189
177.09  -3.184
177.20  -3.179
177.32  -3.174
177.43  -3.169
177.54  -3.165
177.66  -3.160
177.77  -3.156
177.88  -3.151
178.00  -3.147
178.11  -3.143
178.22  -3.139
178.34  -3.135
178.45  -3.131
178.56  -3.127
178.67  -3.123
178.79  -3.119
178.90  -3.115
179.01  -3.112
179.13  -3.108
179.24  -3.104
179.35  -3.100
179.47  -3.096
179.58  -3.092
179.69  -3.088
179.81  -3.084
179.92  -3.080
180.03  -3.076
180.15  -3.072
180.26  -3.067
180.37  -3.063
180.49  -3.059
180.60  -3.055
180.72  -3.051
180.83  -3.047
180.94  -3.042
181.05  -3.038
181.17  -3.034
181.28  -3.029
181.40  -3.025
181.51  -3.021
181.63  -3.016
181.74  -3.012
181.85  -3.007
181.96  -3.003
182.08  -2.998
182.19  -2.993
182.30  -2.989
182.42  -2.984
182.53  -2.980
182.64  -2.975
182.76  -2.970
182.87  -2.966
182.99  -2.961
183.10  -2.956
183.21  -2.952
183.33  -2.947
183.44  -2.943
183.55  -2.938
183.67  -2.934
183.78  -2.929
183.90  -2.925
184.01  -2.920
184.12  -2.916
184.24  -2.911
184.35  -2.907
184.46  -2.902
184.58  -2.898
184.69  -2.894
184.80  -2.890
184.92  -2.886
185.03  -2.882
185.14  -2.878
185.26  -2.874
185.37  -2.870
185.49  -2.867
185.60  -2.863
185.71  -2.860
185.83  -2.856
185.94  -2.853
186.05  -2.849
186.17  -2.846
186.28  -2.842
186.39  -2.839
186.51  -2.835
186.62  -2.832
186.74  -2.829
186.85  -2.825
186.96  -2.822
187.08  -2.818
187.19  -2.815
187.30  -2.812
187.41  -2.808
187.53  -2.805
187.64  -2.801
187.75  -2.798
187.87  -2.794
187.98  -2.791
188.09  -2.787
188.21  -2.784
188.32  -2.780
188.44  -2.777
188.55  -2.773
188.66  -2.769
188.78  -2.766
188.89  -2.762
189.01  -2.758
189.12  -2.754
189.23  -2.751
189.35  -2.747
189.46  -2.743
189.57  -2.739
189.69  -2.735
189.80  -2.730
189.92  -2.726
190.03  -2.722
190.14  -2.718
190.26  -2.714
190.37  -2.710
190.48  -2.706
190.60  -2.702
190.71  -2.698
190.82  -2.694
190.94  -2.690
191.05  -2.686
191.16  -2.682
191.28  -2.678
191.39  -2.674
191.50  -2.671
191.62  -2.667
191.73  -2.663
191.85  -2.659
191.96  -2.655
192.07  -2.651
192.19  -2.648
192.30  -2.644
192.41  -2.640
192.53  -2.637
192.64  -2.633
192.76  -2.629
192.87  -2.626
192.98  -2.622
193.10  -2.619
193.21  -2.615
193.32  -2.612
193.44  -2.608
193.55  -2.605
193.67  -2.601
193.78  -2.598
193.89  -2.594
194.01  -2.591
194.12  -2.587
194.23  -2.584
194.35  -2.581
194.46  -2.577
194.57  -2.574
194.69  -2.570
194.80  -2.567
194.91  -2.563
195.02  -2.560
195.14  -2.557
195.26  -2.553
195.37  -2.550
195.48  -2.546
195.59  -2.543
195.71  -2.539
195.82  -2.535
195.93  -2.532
196.05  -2.528
196.16  -2.524
196.27  -2.520
196.39  -2.516
196.50  -2.512
196.61  -2.508
196.73  -2.504
196.84  -2.500
196.95  -2.496
197.07  -2.492
197.18  -2.488
197.29  -2.484
197.41  -2.480
197.52  -2.476
197.63  -2.473
197.75  -2.469
197.86  -2.465
197.97  -2.462
198.09  -2.458
198.20  -2.455
198.31  -2.452
198.42  -2.448
198.54  -2.445
198.65  -2.442
198.77  -2.438
198.88  -2.435
198.99  -2.431
199.11  -2.428
199.22  -2.424
199.33  -2.421
199.45  -2.417
199.56  -2.414
199.67  -2.410
199.79  -2.406
199.90  -2.402
200.01  -2.398
200.13  -2.394
200.24  -2.390
200.35  -2.386
200.46  -2.382
200.58  -2.378
200.69  -2.374
200.81  -2.369
200.92  -2.365
201.03  -2.361
201.14  -2.357
201.26  -2.353
201.37  -2.349
201.49  -2.346
201.60  -2.342
201.71  -2.338
201.83  -2.334
201.94  -2.331
202.05  -2.327
202.16  -2.323
202.28  -2.320
202.39  -2.316
202.50  -2.312
202.62  -2.308
202.73  -2.304
202.84  -2.301
202.96  -2.297
203.07  -2.293
203.18  -2.289
203.29  -2.284
203.41  -2.280
203.52  -2.276
203.64  -2.271
203.75  -2.267
203.86  -2.263
203.97  -2.258
204.09  -2.254
204.20  -2.250
204.32  -2.245
204.43  -2.241
204.54  -2.237
204.65  -2.233
204.77  -2.228
204.88  -2.224
204.99  -2.220
205.11  -2.217
205.22  -2.213
205.34  -2.209
205.45  -2.206
205.56  -2.202
205.67  -2.198
205.79  -2.195
205.90  -2.191
206.01  -2.188
206.13  -2.184
206.24  -2.181
206.35  -2.177
206.46  -2.174
206.58  -2.170
206.69  -2.167
206.80  -2.163
206.90  -2.159
207.02  -2.155
207.12  -2.151
207.23  -2.147
207.35  -2.144
207.45  -2.140
207.56  -2.136
207.67  -2.132
207.78  -2.128
207.89  -2.124
208.00  -2.120
208.11  -2.116
208.23  -2.112
208.33  -2.109
208.44  -2.105
208.56  -2.101
208.66  -2.097
208.77  -2.094
208.88  -2.090
208.99  -2.086
209.10  -2.083
209.21  -2.079
209.32  -2.076
209.43  -2.072
209.54  -2.069
209.65  -2.065
209.76  -2.061
209.87  -2.058
209.98  -2.054
210.09  -2.051
210.20  -2.047
210.31  -2.043
210.42  -2.040
210.53  -2.036
210.64  -2.032
210.75  -2.029
210.86  -2.025
210.97  -2.021
211.08  -2.018
211.19  -2.014
211.30  -2.010
211.41  -2.007
211.52  -2.003
211.63  -1.999
211.74  -1.996
211.85  -1.992
211.96  -1.989
212.07  -1.985
212.18  -1.981
212.29  -1.978
212.40  -1.974
212.51  -1.971
212.62  -1.967
212.73  -1.964
212.84  -1.960
212.95  -1.956
213.06  -1.953
213.17  -1.949
213.28  -1.946
213.39  -1.942
213.50  -1.939
213.61  -1.935
213.73  -1.932
213.84  -1.928
213.95  -1.925
214.05  -1.922
214.16  -1.918
214.28  -1.915
214.39  -1.911
214.50  -1.908
214.61  -1.905
214.72  -1.901
214.83  -1.898
214.94  -1.895
215.05  -1.891
215.16  -1.888
215.27  -1.885
215.38  -1.881
215.50  -1.878
215.61  -1.874
215.72  -1.870
215.83  -1.867
215.94  -1.863
216.05  -1.859
216.16  -1.856
216.27  -1.852
216.38  -1.848
216.49  -1.845
216.60  -1.841
216.71  -1.837
216.82  -1.834
216.93  -1.830
217.04  -1.827
217.15  -1.823
217.26  -1.820
217.37  -1.817
217.48  -1.813
217.59  -1.810
217.71  -1.807
217.82  -1.804
217.93  -1.801
218.04  -1.798
218.15  -1.795
218.26  -1.793
218.37  -1.790
218.48  -1.787
218.59  -1.784
218.70  -1.781
218.82  -1.778
218.93  -1.775
219.04  -1.772
219.15  -1.769
219.26  -1.766
219.37  -1.763
219.48  -1.760
219.59  -1.757
219.70  -1.754
219.82  -1.751
219.93  -1.748
220.04  -1.745
220.15  -1.742
220.26  -1.739
220.37  -1.736
220.48  -1.733
220.59  -1.730
220.71  -1.727
220.82  -1.724
220.93  -1.721
221.04  -1.718
221.15  -1.715
221.26  -1.713
221.37  -1.710
221.48  -1.707
221.59  -1.704
221.70  -1.702
221.82  -1.699
221.93  -1.696
222.04  -1.694
222.15  -1.691
222.26  -1.688
222.37  -1.685
222.49  -1.682
222.60  -1.679
222.70  -1.676
222.82  -1.674
222.93  -1.670
223.04  -1.667
223.15  -1.664
223.26  -1.661
223.37  -1.658
223.48  -1.655
223.60  -1.652
223.71  -1.649
223.82  -1.645
223.93  -1.642
224.04  -1.639
224.16  -1.635
224.27  -1.632
224.38  -1.629
224.49  -1.625
224.60  -1.622
224.71  -1.618
224.82  -1.614
224.93  -1.611
225.05  -1.607
225.16  -1.603
225.27  -1.600
225.38  -1.596
225.49  -1.592
225.61  -1.588
225.71  -1.585
225.83  -1.581
225.94  -1.578
226.05  -1.574
226.16  -1.571
226.27  -1.567
226.38  -1.564
226.49  -1.561
226.61  -1.558
226.72  -1.555
226.83  -1.552
226.94  -1.549
227.05  -1.546
227.16  -1.543
227.28  -1.540
227.39  -1.537
227.50  -1.535
227.61  -1.532
227.72  -1.529
227.83  -1.526
227.94  -1.523
228.06  -1.520
228.17  -1.517
228.28  -1.514
228.39  -1.511
228.50  -1.508
228.62  -1.505
228.73  -1.502
228.84  -1.498
228.95  -1.495
229.06  -1.492
229.17  -1.489
229.29  -1.486
229.40  -1.483
229.51  -1.480
229.62  -1.477
229.73  -1.474
229.85  -1.471
229.96  -1.468
230.07  -1.465
230.18  -1.462
230.29  -1.459
230.41  -1.456
230.52  -1.453
230.63  -1.450
230.74  -1.447
230.85  -1.444
230.96  -1.441
231.07  -1.438
231.18  -1.435
231.30  -1.431
231.41  -1.428
231.52  -1.425
231.64  -1.422
231.74  -1.418
231.85  -1.415
231.97  -1.412
232.08  -1.408
232.19  -1.405
232.30  -1.401
232.41  -1.398
232.53  -1.394
232.64  -1.391
232.75  -1.387
232.86  -1.384
232.97  -1.380
233.08  -1.376
233.19  -1.373
233.30  -1.369
233.42  -1.365
233.53  -1.361
233.64  -1.357
233.75  -1.352
233.86  -1.348
233.97  -1.344
234.09  -1.340
234.20  -1.336
234.31  -1.332
234.42  -1.327
234.53  -1.323
234.64  -1.319
234.75  -1.315
234.86  -1.311
234.98  -1.307
235.09  -1.303
235.20  -1.299
235.31  -1.295
235.42  -1.291
235.54  -1.287
235.65  -1.283
235.75  -1.280
235.87  -1.276
235.98  -1.272
236.09  -1.269
236.20  -1.265
236.31  -1.262
236.43  -1.259
236.54  -1.255
236.65  -1.252
236.76  -1.249
236.87  -1.245
236.98  -1.242
237.10  -1.239
237.21  -1.235
237.32  -1.232
237.43  -1.228
237.54  -1.225
237.65  -1.222
237.77  -1.218
237.88  -1.214
237.99  -1.211
238.10  -1.207
238.22  -1.203
238.33  -1.200
238.43  -1.196
238.54  -1.192
238.65  -1.188
238.76  -1.184
238.87  -1.181
238.97  -1.177
239.08  -1.173
239.19  -1.169
239.29  -1.166
239.40  -1.162
239.51  -1.158
239.62  -1.155
239.73  -1.151
239.83  -1.147
239.94  -1.144
240.05  -1.140
240.16  -1.136
240.26  -1.133
240.37  -1.129
240.48  -1.125
240.58  -1.122
240.69  -1.118
240.80  -1.114
240.91  -1.111
241.02  -1.107
241.12  -1.104
241.23  -1.100
241.34  -1.097
241.45  -1.093
241.56  -1.090
241.67  -1.086
241.77  -1.083
241.88  -1.079
241.99  -1.076
242.09  -1.073
242.20  -1.070
242.31  -1.066
242.42  -1.063
242.53  -1.060
242.63  -1.057
242.75  -1.054
242.85  -1.051
242.96  -1.048
243.07  -1.045
243.18  -1.042
243.28  -1.039
243.39  -1.036
243.50  -1.033
243.61  -1.030
243.71  -1.027
243.82  -1.024
243.93  -1.021
244.04  -1.018
244.15  -1.015
244.25  -1.012
244.36  -1.009
244.47  -1.006
244.58  -1.003
244.69  -1.000
244.80  -0.997
244.91  -0.994
245.02  -0.991
245.12  -0.988
245.23  -0.985
245.34  -0.982
245.45  -0.979
245.56  -0.976
245.67  -0.973
245.78  -0.971
245.88  -0.968
245.99  -0.965
246.10  -0.962
246.21  -0.959
246.32  -0.956
246.43  -0.953
246.53  -0.950
246.64  -0.947
246.75  -0.945
246.86  -0.942
246.97  -0.939
247.08  -0.936
247.19  -0.933
247.30  -0.930
247.40  -0.927
247.51  -0.925
247.62  -0.922
247.73  -0.919
247.84  -0.916
247.95  -0.914
248.05  -0.911
248.16  -0.908
248.27  -0.905
248.38  -0.902
248.49  -0.900
248.60  -0.897
248.71  -0.894
248.81  -0.891
248.92  -0.888
249.03  -0.885
249.14  -0.881
249.25  -0.878
249.36  -0.875
249.47  -0.871
249.57  -0.868
249.68  -0.864
249.79  -0.860
249.90  -0.857
250.00  -0.853
250.11  -0.850
250.22  -0.846
250.33  -0.842
250.44  -0.839
250.55  -0.835
250.66  -0.832
250.76  -0.829
250.87  -0.826
250.98  -0.823
251.09  -0.820
251.20  -0.817
251.30  -0.815
251.41  -0.812
251.52  -0.810
251.63  -0.807
251.74  -0.805
251.85  -0.802
251.96  -0.800
252.07  -0.797
252.17  -0.795
252.28  -0.792
252.39  -0.790
252.50  -0.787
252.61  -0.785
252.71  -0.782
252.82  -0.779
252.93  -0.777
253.04  -0.774
253.15  -0.771
253.26  -0.769
253.37  -0.766
253.47  -0.763
253.58  -0.761
253.69  -0.758
253.80  -0.756
253.91  -0.753
254.02  -0.750
254.13  -0.748
254.23  -0.745
254.34  -0.742
254.45  -0.740
254.56  -0.737
254.67  -0.734
254.78  -0.732
254.88  -0.729
254.99  -0.726
255.10  -0.723
255.21  -0.721
255.32  -0.718
255.43  -0.715
255.54  -0.712
255.64  -0.710
255.75  -0.707
255.86  -0.704
255.97  -0.701
256.08  -0.698
256.19  -0.695
256.29  -0.692
256.40  -0.690
256.51  -0.687
256.62  -0.684
256.72  -0.681
256.83  -0.678
256.94  -0.675
257.05  -0.672
257.16  -0.669
257.26  -0.666
257.37  -0.663
257.48  -0.660
257.59  -0.657
257.70  -0.654
257.80  -0.651
257.91  -0.647
258.02  -0.644
258.13  -0.641
258.24  -0.638
258.34  -0.635
258.45  -0.632
258.56  -0.629
258.67  -0.625
258.78  -0.622
258.88  -0.619
258.99  -0.616
259.10  -0.613
259.21  -0.610
259.32  -0.607
259.43  -0.605
259.53  -0.602
259.64  -0.599
259.75  -0.597
259.86  -0.594
259.97  -0.592
260.07  -0.589
260.18  -0.587
260.29  -0.585
260.40  -0.582
260.51  -0.580
260.61  -0.578
260.72  -0.575
260.83  -0.573
260.94  -0.571
261.05  -0.568
261.15  -0.566
261.26  -0.564
261.37  -0.562
261.47  -0.559
261.58  -0.557
261.69  -0.555
261.80  -0.553
261.91  -0.550
262.01  -0.548
262.12  -0.546
262.23  -0.543
262.33  -0.541
262.44  -0.539
262.55  -0.536
262.66  -0.534
262.77  -0.531
262.87  -0.529
262.98  -0.526
263.09  -0.523
263.20  -0.521
263.30  -0.518
263.41  -0.515
263.52  -0.512
263.62  -0.509
263.74  -0.506
263.84  -0.503
263.95  -0.500
264.06  -0.497
264.16  -0.494
264.27  -0.491
264.38  -0.488
264.49  -0.485
264.59  -0.482
264.71  -0.479
264.81  -0.476
264.92  -0.473
265.03  -0.470
265.13  -0.467
265.24  -0.464
265.35  -0.461
265.46  -0.458
265.56  -0.454
265.67  -0.451
265.78  -0.448
265.89  -0.445
265.99  -0.442
266.10  -0.439
266.21  -0.436
266.31  -0.433
266.42  -0.429
266.53  -0.426
266.63  -0.423
266.74  -0.420
266.85  -0.417
266.96  -0.414
267.07  -0.411
267.17  -0.407
267.28  -0.404
267.39  -0.401
267.49  -0.398
267.60  -0.395
267.71  -0.392
267.82  -0.389
267.92  -0.385
268.04  -0.382
268.14  -0.379
268.25  -0.376
268.35  -0.373
268.46  -0.370
268.57  -0.366
268.68  -0.363
268.79  -0.360
268.89  -0.357
269.00  -0.354
269.11  -0.351
269.21  -0.348
269.31  -0.345
269.42  -0.342
269.52  -0.339
269.63  -0.336
269.73  -0.333
269.84  -0.330
269.94  -0.327
270.04  -0.324
270.15  -0.322
270.25  -0.319
270.35  -0.316
270.46  -0.314
270.56  -0.311
270.66  -0.309
270.77  -0.306
270.87  -0.304
270.97  -0.301
271.08  -0.299
271.18  -0.296
271.29  -0.294
271.39  -0.291
271.50  -0.289
271.60  -0.286
271.71  -0.284
271.81  -0.282
271.91  -0.279
272.02  -0.277
272.12  -0.274
272.23  -0.272
272.33  -0.270
272.44  -0.267
272.54  -0.265
272.64  -0.263
272.74  -0.260
272.85  -0.258
272.96  -0.256
273.06  -0.253
273.16  -0.251
273.27  -0.248
273.37  -0.246
273.48  -0.243
273.58  -0.241
273.68  -0.238
273.79  -0.236
273.89  -0.233
274.00  -0.230
274.10  -0.228
274.20  -0.225
274.31  -0.223
274.41  -0.220
274.52  -0.217
274.62  -0.215
274.73  -0.212
274.83  -0.210
274.93  -0.207
275.04  -0.204
275.14  -0.202
275.24  -0.199
275.35  -0.197
275.45  -0.194
275.56  -0.191
275.66  -0.189
275.77  -0.186
275.87  -0.184
275.98  -0.181
276.08  -0.178
276.18  -0.176
276.28  -0.173
276.39  -0.171
276.49  -0.168
276.60  -0.166
276.70  -0.163
276.81  -0.160
276.91  -0.158
277.02  -0.155
277.12  -0.153
277.22  -0.150
277.33  -0.148
277.43  -0.146
277.54  -0.143
277.64  -0.140
277.75  -0.138
277.85  -0.136
277.95  -0.133
278.06  -0.130
278.16  -0.128
278.27  -0.125
278.37  -0.123
278.48  -0.120
278.58  -0.118
278.69  -0.115
278.79  -0.113
278.90  -0.110
279.00  -0.108
279.11  -0.105
279.21  -0.103
279.32  -0.100
279.42  -0.097
279.52  -0.095
279.63  -0.092
279.73  -0.089
279.84  -0.087
279.94  -0.084
280.05  -0.081
280.15  -0.079
280.26  -0.076
280.37  -0.073
280.47  -0.070
280.57  -0.068
280.68  -0.065
280.79  -0.062
280.89  -0.059
281.00  -0.056
281.10  -0.053
281.21  -0.051
281.31  -0.048
281.42  -0.045
281.52  -0.042
281.63  -0.039
281.73  -0.037
281.84  -0.034
281.94  -0.031
282.05  -0.028
282.15  -0.026
282.26  -0.023
282.36  -0.020
282.47  -0.017
282.57  -0.015
282.68  -0.012
282.78  -0.009
282.89  -0.006
282.99  -0.003
283.10  -0.000
283.20   0.003
283.31   0.006
283.41   0.009
283.52   0.012
283.62   0.015
283.73   0.018
283.84   0.021
283.94   0.024
284.04   0.028
284.15   0.031
284.25   0.034
284.36   0.037
284.47   0.040
284.57   0.043
284.68   0.046
284.78   0.049
284.89   0.052
284.99   0.055
285.10   0.058
285.20   0.061
285.31   0.064
285.42   0.067
285.52   0.070
285.63   0.072
285.74   0.075
285.84   0.078
285.94   0.081
286.05   0.084
286.16   0.087
286.26   0.090
286.37   0.093
286.47   0.095
286.58   0.098
286.68   0.102
286.79   0.105
286.90   0.108
287.00   0.111
287.10   0.114
287.21   0.117
287.32   0.120
287.42   0.123
287.53   0.126
287.63   0.130
287.74   0.133
287.85   0.136
287.95   0.139
288.06   0.143
288.16   0.146
288.27   0.149
288.37   0.152
288.48   0.156
288.58   0.159
288.69   0.163
288.79   0.166
288.90   0.169
289.00   0.173
289.10   0.176
289.21   0.180
289.32   0.183
289.42   0.187
289.53   0.190
289.63   0.194
289.73   0.197
289.84   0.200
289.94   0.204
290.05   0.207
290.15   0.210
290.26   0.214
290.36   0.217
290.47   0.220
290.57   0.223
290.68   0.227
290.78   0.230
290.89   0.233
290.99   0.236
291.10   0.240
291.20   0.243
291.30   0.246
291.41   0.249
291.52   0.252
291.62   0.256
291.72   0.259
291.83   0.262
291.93   0.266
292.04   0.269
292.14   0.272
292.24   0.276
292.35   0.279
292.45   0.282
292.56   0.286
292.67   0.289
292.77   0.292
292.87   0.295
292.98   0.299
293.08   0.302
293.19   0.306
293.30   0.309
293.40   0.312
293.50   0.316
293.61   0.319
293.71   0.322
293.82   0.326
293.92   0.329
294.03   0.333
294.13   0.336
294.24   0.339
294.34   0.343
294.45   0.346
294.55   0.350
294.65   0.353
294.76   0.356
294.86   0.360
294.97   0.363
295.07   0.367
295.28   0.373
295.39   0.377
295.49   0.380
295.59   0.384
295.70   0.387
295.80   0.390
295.91   0.394
296.01   0.397
296.11   0.400
296.22   0.404
296.32   0.407
296.43   0.411
296.53   0.414
296.64   0.417
296.74   0.421
296.85   0.424
296.95   0.427
297.05   0.431
297.16   0.434
297.26   0.437
297.36   0.441
297.47   0.444
297.58   0.447
297.68   0.450
297.79   0.454
297.89   0.457
297.99   0.460
298.10   0.464
298.20   0.467
298.30   0.470
298.41   0.473
298.51   0.476
298.62   0.480
298.73   0.483
298.83   0.486
298.93   0.489
299.03   0.492
299.13   0.496
299.23   0.499
299.33   0.502
299.43   0.505
299.54   0.508
299.64   0.511
299.73   0.514
299.84   0.517
299.94   0.520
300.03   0.523
300.14   0.526
300.24   0.529
300.34   0.532
300.44   0.535
300.54   0.538
300.64   0.541
300.74   0.543
300.84   0.546
300.94   0.549
301.04   0.552
301.14   0.555
301.24   0.558
301.34   0.560
301.45   0.563
301.55   0.566
301.65   0.569
301.75   0.571
301.85   0.574
301.95   0.577
302.05   0.579
302.15   0.582
302.25   0.585
302.35   0.587
302.45   0.590
302.55   0.593
302.65   0.595
302.75   0.598
302.86   0.601
302.96   0.603
303.06   0.606
303.16   0.609
303.26   0.611
303.36   0.614
303.46   0.616
303.56   0.619
303.66   0.621
303.76   0.624
303.86   0.627
303.97   0.629
304.07   0.632
304.17   0.634
304.27   0.637
304.37   0.639
304.47   0.642
304.57   0.644
304.68   0.647
304.78   0.650
304.88   0.652
304.98   0.655
305.08   0.658
305.18   0.660
305.28   0.663
305.38   0.666
305.48   0.668
305.58   0.671
305.69   0.674
305.79   0.677
305.89   0.679
305.99   0.682
306.09   0.685
306.19   0.688
306.29   0.691
306.39   0.693
306.49   0.696
306.60   0.699
306.70   0.701
306.80   0.704
306.90   0.707
307.00   0.710
307.10   0.712
307.21   0.715
307.31   0.718
307.41   0.721
307.51   0.724
307.61   0.727
307.71   0.730
307.82   0.733
307.92   0.736
308.02   0.739
308.12   0.742
308.22   0.745
308.32   0.749
308.42   0.752
308.52   0.755
308.62   0.759
308.73   0.762
308.83   0.765
308.93   0.769
309.03   0.772
309.13   0.776
309.23   0.779
309.33   0.783
309.44   0.786
309.54   0.789
309.64   0.793
309.74   0.796
309.84   0.799
309.94   0.803
310.05   0.806
310.15   0.809
310.25   0.812
310.35   0.816
310.46   0.819
310.56   0.822
310.66   0.825
310.76   0.829
310.86   0.832
310.96   0.835
311.06   0.838
311.17   0.842
311.27   0.845
311.37   0.848
311.47   0.851
311.57   0.854
311.68   0.857
311.78   0.860
311.88   0.863
311.98   0.866
312.08   0.870
312.18   0.873
312.28   0.876
312.38   0.879
312.48   0.882
312.59   0.886
312.69   0.889
312.79   0.892
312.89   0.896
312.99   0.899
313.09   0.902
313.19   0.906
313.29   0.910
313.39   0.913
313.50   0.917
313.60   0.920
313.70   0.924
313.80   0.928
313.91   0.932
314.01   0.936
314.11   0.940
314.21   0.944
314.31   0.948
314.41   0.951
314.51   0.955
314.61   0.958
314.71   0.960
314.81   0.963
314.91   0.966
315.02   0.969
315.12   0.971
315.22   0.974
315.32   0.977
315.42   0.979
315.53   0.982
315.63   0.985
315.83   0.990
315.93   0.993
316.03   0.996
316.13   0.999
316.23   1.002
316.33   1.006
316.43   1.009
316.53   1.013
316.64   1.016
316.74   1.020
316.84   1.023
316.94   1.027
317.04   1.030
317.14   1.034
317.24   1.037
317.34   1.041
317.44   1.044
317.54   1.048
317.64   1.051
317.74   1.054
317.85   1.058
317.95   1.061
318.05   1.064
318.15   1.067
318.25   1.070
318.35   1.073
318.45   1.076
318.55   1.079
318.65   1.082
318.75   1.085
318.85   1.089
318.95   1.092
319.06   1.095
319.16   1.098
319.25   1.102
319.36   1.105
319.46   1.109
319.56   1.112
319.66   1.115
319.76   1.119
319.86   1.123
319.96   1.126
320.06   1.130
320.16   1.133
320.26   1.137
320.37   1.141
320.47   1.144
320.57   1.148
320.67   1.152
320.77   1.156
320.87   1.160
320.97   1.165
321.07   1.169
321.27   1.178
321.37   1.183
321.47   1.188
321.57   1.193
321.68   1.197
321.78   1.202
321.88   1.207
321.98   1.211
322.08   1.216
322.18   1.221
322.28   1.225
322.39   1.229
322.48   1.233
322.59   1.237
322.69   1.241
322.79   1.244
322.89   1.248
322.99   1.251
323.09   1.254
323.19   1.257
323.29   1.260
323.39   1.264
323.49   1.267
323.60   1.270
323.70   1.273
323.80   1.276
323.90   1.280
324.00   1.283
324.10   1.287
324.20   1.291
324.30   1.296
324.40   1.301
324.50   1.305
324.60   1.310
324.70   1.315
324.81   1.320
324.91   1.325
325.01   1.331
325.11   1.336
325.21   1.341
325.31   1.346
325.41   1.352
325.51   1.357
325.61   1.362
325.72   1.367
325.82   1.371
325.92   1.375
326.02   1.379
326.12   1.383
326.22   1.387
326.32   1.390
326.42   1.394
326.52   1.398
326.62   1.402
326.72   1.407
326.83   1.412
326.93   1.417
327.03   1.422
327.13   1.427
327.23   1.432
327.34   1.437
327.43   1.442
327.53   1.447
327.63   1.453
327.73   1.458
327.83   1.463
327.92   1.468
328.02   1.474
328.12   1.479
328.21   1.484
328.31   1.490
328.41   1.495
328.51   1.500
328.60   1.505
328.70   1.510
328.80   1.515
328.90   1.520
329.00   1.525
329.09   1.529
329.19   1.533
329.29   1.537
329.39   1.541
329.48   1.545
329.58   1.549
329.68   1.553
329.77   1.557
329.87   1.561
329.97   1.564
330.16   1.572
330.27   1.575
330.37   1.579
330.46   1.582
330.56   1.586
330.66   1.590
330.76   1.594
330.86   1.598
330.95   1.601
331.05   1.605
331.15   1.609
331.25   1.613
331.34   1.617
331.44   1.620
331.53   1.624
331.63   1.628
331.73   1.632
331.83   1.636
331.93   1.640
332.02   1.644
332.12   1.648
332.22   1.652
332.32   1.656
332.42   1.661
332.51   1.665
332.61   1.670
332.71   1.674
332.81   1.678
332.90   1.683
333.00   1.687
333.10   1.691
333.20   1.696
333.29   1.700
333.39   1.704
333.49   1.708
333.59   1.712
333.68   1.716
333.78   1.719
333.88   1.723
333.98   1.726
334.07   1.730
334.17   1.733
334.27   1.736
334.36   1.740
334.46   1.743
334.56   1.745
334.66   1.748
334.75   1.751
334.85   1.754
334.95   1.757
335.05   1.760
335.15   1.763
335.24   1.767
335.34   1.771
335.44   1.775
335.53   1.779
335.63   1.783
335.73   1.787
335.83   1.791
335.92   1.796
336.02   1.800
336.12   1.804
336.22   1.808
336.31   1.812
336.41   1.817
336.51   1.821
336.61   1.825
336.71   1.829
336.80   1.834
336.90   1.838
337.00   1.842
337.10   1.847
337.19   1.851
337.29   1.855
337.39   1.860
337.49   1.864
337.58   1.868
337.68   1.872
337.78   1.876
337.88   1.881
337.97   1.885
338.07   1.889
338.17   1.893
338.27   1.896
338.37   1.900
338.46   1.903
338.56   1.907
338.66   1.910
338.76   1.913
338.85   1.916
338.95   1.919
339.05   1.922
339.15   1.925
339.25   1.928
339.35   1.931
339.44   1.934
339.54   1.936
339.64   1.939
339.73   1.942
339.83   1.945
339.93   1.948
340.03   1.951
340.13   1.954
340.23   1.957
340.33   1.960
340.42   1.963
340.52   1.966
340.71   1.972
340.81   1.975
340.91   1.978
341.01   1.981
341.11   1.984
341.21   1.987
341.30   1.990
341.40   1.993
341.50   1.996
341.60   1.998
341.69   2.001
341.79   2.004
341.89   2.007
341.99   2.009
342.09   2.012
342.18   2.015
342.28   2.018
342.38   2.021
342.48   2.024
342.57   2.027
342.67   2.030
342.77   2.033
342.87   2.036
342.97   2.040
343.07   2.043
343.17   2.047
343.27   2.051
343.37   2.055
343.46   2.059
343.56   2.063
343.66   2.068
343.76   2.072
343.85   2.076
343.95   2.081
344.05   2.085
344.15   2.089
344.25   2.094
344.34   2.098
344.44   2.102
344.54   2.106
344.64   2.110
344.74   2.113
344.84   2.117
344.93   2.120
345.03   2.124
345.13   2.127
345.23   2.131
345.33   2.134
345.42   2.137
345.52   2.141
345.62   2.144
345.72   2.148
345.82   2.152
345.91   2.156
346.01   2.159
346.11   2.163
346.21   2.167
346.31   2.172
346.41   2.176
346.50   2.180
346.60   2.185
346.70   2.189
346.80   2.194
346.90   2.199
347.00   2.203
347.09   2.208
347.19   2.214
347.29   2.219
347.39   2.224
347.49   2.229
347.58   2.234
347.68   2.238
347.78   2.243
347.88   2.247
347.98   2.252
348.08   2.256
348.18   2.260
348.27   2.264
348.37   2.268
348.47   2.272
348.57   2.275
348.67   2.279
348.76   2.282
348.86   2.286
348.96   2.289
349.06   2.293
349.16   2.296
349.25   2.300
349.35   2.303
349.45   2.307
349.64   2.314
349.74   2.317
349.84   2.321
349.94   2.325
350.04   2.328
350.13   2.331
350.23   2.335
350.33   2.338
350.43   2.341
350.52   2.345
350.62   2.348
350.72   2.352
350.82   2.355
350.92   2.359
351.01   2.362
351.11   2.366
351.21   2.370
351.31   2.373
351.40   2.377
351.51   2.381
351.60   2.385
351.70   2.388
351.79   2.392
351.89   2.396
351.99   2.400
352.09   2.403
352.19   2.407
352.29   2.411
352.38   2.415
352.48   2.418
352.58   2.422
352.68   2.426
352.78   2.429
352.87   2.433
352.97   2.437
353.07   2.440
353.17   2.444
353.27   2.448
353.36   2.451
353.46   2.455
353.56   2.458
353.66   2.462
353.75   2.465
353.85   2.469
353.95   2.472
354.04   2.476
354.14   2.479
354.24   2.483
354.33   2.486
354.43   2.489
354.53   2.493
354.63   2.496
354.73   2.499
354.82   2.503
354.92   2.506
355.02   2.509
355.12   2.513
355.22   2.516
355.31   2.519
355.41   2.522
355.50   2.525
355.60   2.529
355.69   2.532
355.79   2.535
355.88   2.538
355.97   2.541
356.07   2.544
356.16   2.547
356.25   2.551
356.35   2.554
356.44   2.557
356.53   2.560
356.63   2.563
356.73   2.566
356.82   2.569
356.91   2.572
357.01   2.576
357.10   2.579
357.19   2.582
357.28   2.585
357.38   2.588
357.47   2.592
357.57   2.595
357.66   2.598
357.76   2.601
357.85   2.605
357.94   2.608
358.04   2.611
358.13   2.614
358.23   2.618
358.32   2.621
358.51   2.627
358.60   2.631
358.70   2.634
358.79   2.637
358.88   2.641
358.98   2.644
359.07   2.647
359.17   2.650
359.26   2.654
359.36   2.657
359.45   2.660
359.54   2.664
359.64   2.667
359.73   2.670
359.82   2.674
359.92   2.677
360.01   2.680
360.10   2.683
360.20   2.687
360.29   2.690
360.39   2.693
360.48   2.696
360.58   2.700
360.67   2.703
360.76   2.706
360.86   2.710
360.95   2.713
361.04   2.716
361.13   2.719
361.23   2.723
361.32   2.726
361.51   2.733
361.61   2.737
361.70   2.740
361.80   2.744
361.89   2.747
361.98   2.751
362.08   2.755
362.17   2.759
362.27   2.762
362.36   2.766
362.46   2.770
362.55   2.774
362.65   2.777
362.74   2.781
362.83   2.785
362.93   2.789
363.02   2.792
363.12   2.796
363.21   2.799
363.30   2.803
363.40   2.806
363.49   2.810
363.59   2.813
363.68   2.817
363.78   2.820
363.87   2.824
363.96   2.827
364.06   2.831
364.15   2.835
364.25   2.838
364.34   2.842
364.44   2.846
364.53   2.850
364.63   2.854
364.72   2.858
364.81   2.862
364.91   2.866
365.00   2.871
365.10   2.875
365.19   2.880
365.28   2.884
365.38   2.889
365.47   2.893
365.57   2.898
365.66   2.903
365.76   2.907
365.85   2.912
365.94   2.917
366.04   2.921
366.13   2.926
366.23   2.931
366.32   2.935
366.42   2.940
366.51   2.945
366.61   2.950
366.70   2.954
366.79   2.959
366.89   2.964
366.98   2.968
367.08   2.973
367.17   2.978
367.27   2.982
367.36   2.987
367.46   2.991
367.55   2.996
367.65   3.000
367.74   3.004
367.83   3.008
367.93   3.012
368.02   3.016
368.12   3.020
368.21   3.024
368.30   3.027
368.40   3.031
368.49   3.035
368.59   3.039
368.68   3.042
368.78   3.046
368.87   3.050
368.96   3.053
369.06   3.057
369.15   3.061
369.25   3.065
369.34   3.069
369.43   3.073
369.53   3.077
369.62   3.081
369.72   3.085
369.81   3.089
369.90   3.092
370.00   3.096
370.09   3.100
370.19   3.104
370.28   3.107
370.38   3.111
370.47   3.115
370.57   3.119
370.66   3.123
370.75   3.127
370.85   3.132
370.95   3.136
371.04   3.140
371.13   3.145
371.23   3.149
371.32   3.154
371.42   3.158
371.51   3.162
371.61   3.167
371.79   3.175
371.89   3.180
371.98   3.184
372.08   3.188
372.17   3.192
372.26   3.197
372.35   3.201
372.45   3.205
372.54   3.209
372.64   3.213
372.74   3.217
372.83   3.221
372.92   3.225
373.02   3.229
373.11   3.233
373.20   3.237
373.30   3.241
373.40   3.245
373.49   3.249
373.58   3.252
373.68   3.256
373.77   3.259
373.86   3.263
373.96   3.266
374.05   3.269
374.15   3.272
374.24   3.276
374.34   3.279
374.43   3.282
374.53   3.285
374.62   3.289
374.71   3.292
374.81   3.295
374.90   3.299
374.99   3.302
375.09   3.306
375.18   3.309
375.27   3.313
375.37   3.317
375.46   3.320
375.55   3.324
375.64   3.328
375.74   3.332
375.84   3.336
375.93   3.341
376.02   3.345
376.11   3.349
376.21   3.353
376.30   3.358
376.40   3.362
376.49   3.367
376.58   3.372
376.68   3.377
376.77   3.382
376.86   3.387
376.96   3.392
377.05   3.398
377.14   3.403
377.24   3.409
377.33   3.415
377.43   3.420
377.52   3.426
377.61   3.431
377.71   3.437
377.80   3.443
377.90   3.448
377.99   3.454
378.08   3.460
390.93   4.074
391.02   4.077
391.11   4.080
391.20   4.084
391.29   4.087
391.38   4.090
391.47   4.092
391.56   4.095
391.66   4.098
391.74   4.101
391.84   4.103
391.93   4.106
392.02   4.108
392.11   4.111
392.20   4.113
392.29   4.115
392.38   4.118
392.47   4.120
392.56   4.122
392.65   4.125
392.74   4.127
392.83   4.130
392.92   4.132
393.01   4.135
393.10   4.138
393.19   4.140
393.28   4.143
393.37   4.145
393.47   4.147
393.56   4.149
393.65   4.151
393.74   4.153
393.83   4.155
393.92   4.157
394.01   4.159
394.10   4.161
394.19   4.163
394.28   4.166
394.37   4.168
394.46   4.171
394.55   4.173
394.64   4.176
394.73   4.179
394.82   4.181
394.92   4.184
395.01   4.186
395.09   4.189
395.19   4.191
395.28   4.194
395.37   4.196
395.46   4.199
395.55   4.202
395.64   4.205
395.73   4.208
395.83   4.211
395.91   4.214
396.00   4.217
396.10   4.220
396.19   4.223
396.28   4.226
396.37   4.229
396.46   4.232
396.55   4.235
396.64   4.238
396.73   4.242
396.82   4.244
396.91   4.247
397.00   4.250
397.09   4.253
397.18   4.255
397.27   4.258
397.36   4.260
397.45   4.262
397.54   4.265
397.63   4.267
397.72   4.269
397.81   4.271
397.90   4.273
398.00   4.276
398.09   4.278
398.18   4.280
398.27   4.282
398.35   4.284
398.44   4.286
398.54   4.289
398.58   4.291
