  
  DOI/GTN-P Deep Borehole Array, Arctic Alaska 
             U.S. Geological Survey 
            Processed Temperature Log 
                    28-Aug-2013 
________________________________________________ 
  
Temperature Log Information: 
  Well name:   Koluktak 
  File name:   KOL_02AUG12_c_d 
  Log date:    12-AUG-2002 
  
Contact Information: 
  Gary Clow 
  U.S. Geological Survey 
  clow@usgs.gov 
  
Definitions: 
  Depth:        Depth below local ground surface (m) 
  Temperature:  ITS-90 temperature (°C) 
________________________________________________ 
             
 Depth  Temperature 
 10.86  -2.904
 10.90  -2.906
 10.99  -2.909
 11.08  -2.913
 11.16  -2.917
 11.25  -2.922
 11.35  -2.927
 11.44  -2.933
 11.53  -2.939
 11.63  -2.946
 11.74  -2.953
 11.85  -2.960
 11.96  -2.967
 12.07  -2.975
 12.16  -2.982
 12.27  -2.990
 12.38  -2.998
 12.50  -3.005
 12.61  -3.013
 12.71  -3.021
 12.81  -3.029
 12.92  -3.037
 13.03  -3.045
 13.14  -3.053
 13.25  -3.061
 13.36  -3.069
 13.47  -3.078
 13.56  -3.086
 13.67  -3.095
 13.78  -3.104
 13.89  -3.113
 14.00  -3.122
 14.11  -3.132
 14.20  -3.142
 14.31  -3.152
 14.42  -3.162
 14.53  -3.172
 14.64  -3.181
 14.74  -3.191
 14.85  -3.202
 14.95  -3.212
 15.06  -3.223
 15.16  -3.235
 15.27  -3.247
 15.38  -3.260
 15.48  -3.274
 15.58  -3.287
 15.69  -3.301
 15.79  -3.316
 15.90  -3.330
 16.00  -3.345
 16.10  -3.359
 16.21  -3.372
 16.31  -3.385
 16.42  -3.398
 16.52  -3.410
 16.63  -3.423
 16.73  -3.435
 16.84  -3.447
 16.94  -3.460
 17.04  -3.473
 17.14  -3.486
 17.25  -3.498
 17.35  -3.511
 17.46  -3.523
 17.56  -3.534
 17.66  -3.545
 17.76  -3.555
 17.87  -3.565
 17.97  -3.574
 18.08  -3.582
 18.18  -3.590
 18.28  -3.599
 18.38  -3.608
 18.49  -3.617
 18.59  -3.627
 18.70  -3.637
 18.80  -3.648
 18.90  -3.659
 19.00  -3.671
 19.10  -3.683
 19.21  -3.696
 19.31  -3.709
 19.42  -3.722
 19.52  -3.736
 19.62  -3.750
 19.72  -3.764
 19.83  -3.779
 19.93  -3.795
 20.03  -3.810
 20.14  -3.826
 20.24  -3.843
 20.34  -3.860
 20.44  -3.877
 20.54  -3.894
 20.65  -3.912
 20.75  -3.930
 20.85  -3.948
 20.95  -3.966
 21.06  -3.984
 21.16  -4.002
 21.26  -4.021
 21.37  -4.039
 21.47  -4.057
 21.57  -4.076
 21.68  -4.094
 21.78  -4.112
 21.88  -4.131
 21.98  -4.150
 22.08  -4.169
 22.19  -4.188
 22.29  -4.207
 22.39  -4.225
 22.49  -4.243
 22.59  -4.260
 22.69  -4.278
 22.80  -4.295
 22.90  -4.313
 23.00  -4.331
 23.10  -4.348
 23.20  -4.365
 23.30  -4.382
 23.40  -4.399
 23.51  -4.416
 23.61  -4.433
 23.71  -4.450
 23.81  -4.467
 23.92  -4.484
 24.02  -4.501
 24.12  -4.518
 24.22  -4.535
 24.32  -4.552
 24.42  -4.569
 24.52  -4.586
 24.62  -4.603
 24.72  -4.620
 24.82  -4.636
 24.92  -4.653
 25.02  -4.670
 25.12  -4.687
 25.22  -4.704
 25.33  -4.721
 25.43  -4.738
 25.53  -4.755
 25.63  -4.772
 25.73  -4.789
 25.83  -4.806
 25.93  -4.823
 26.03  -4.839
 26.14  -4.856
 26.24  -4.872
 26.34  -4.889
 26.45  -4.905
 26.54  -4.922
 26.64  -4.938
 26.75  -4.955
 26.85  -4.971
 26.95  -4.988
 27.05  -5.004
 27.15  -5.021
 27.25  -5.038
 27.35  -5.054
 27.46  -5.071
 27.56  -5.088
 27.67  -5.104
 27.77  -5.121
 27.87  -5.138
 27.97  -5.155
 28.07  -5.171
 28.17  -5.188
 28.28  -5.205
 28.38  -5.222
 28.48  -5.239
 28.58  -5.255
 28.69  -5.272
 28.79  -5.289
 28.89  -5.305
 29.00  -5.321
 29.10  -5.337
 29.20  -5.351
 29.30  -5.366
 29.40  -5.379
 29.51  -5.392
 29.61  -5.404
 29.72  -5.416
 29.82  -5.428
 29.92  -5.439
 30.02  -5.450
 30.12  -5.460
 30.23  -5.470
 30.33  -5.479
 30.43  -5.488
 30.53  -5.497
 30.63  -5.506
 30.74  -5.515
 30.84  -5.523
 30.94  -5.531
 31.05  -5.539
 31.15  -5.547
 31.25  -5.554
 31.35  -5.561
 31.45  -5.569
 31.55  -5.576
 31.66  -5.582
 31.76  -5.589
 31.87  -5.595
 31.97  -5.601
 32.07  -5.607
 32.17  -5.613
 32.28  -5.619
 32.38  -5.625
 32.48  -5.632
 32.59  -5.639
 32.69  -5.646
 32.79  -5.654
 32.89  -5.662
 32.99  -5.670
 33.09  -5.678
 33.20  -5.686
 33.30  -5.694
 33.41  -5.701
 33.51  -5.708
 33.61  -5.715
 33.71  -5.722
 33.82  -5.729
 33.92  -5.736
 34.02  -5.743
 34.12  -5.749
 34.22  -5.756
 34.32  -5.762
 34.43  -5.769
 34.52  -5.776
 34.62  -5.782
 34.72  -5.789
 34.82  -5.795
 34.92  -5.802
 35.02  -5.809
 35.12  -5.816
 35.22  -5.823
 35.32  -5.831
 35.42  -5.838
 35.52  -5.846
 35.62  -5.853
 35.72  -5.861
 35.82  -5.868
 35.92  -5.876
 36.02  -5.884
 36.12  -5.892
 36.22  -5.899
 36.32  -5.907
 36.42  -5.915
 36.52  -5.923
 36.62  -5.931
 36.72  -5.940
 36.82  -5.948
 36.92  -5.956
 37.02  -5.964
 37.12  -5.972
 37.22  -5.981
 37.32  -5.989
 37.42  -5.998
 37.52  -6.007
 37.62  -6.015
 37.72  -6.024
 37.82  -6.033
 37.92  -6.042
 38.02  -6.051
 38.12  -6.059
 38.22  -6.068
 38.32  -6.076
 38.42  -6.084
 38.52  -6.092
 38.62  -6.100
 38.72  -6.108
 38.81  -6.116
 38.91  -6.123
 39.02  -6.130
 39.12  -6.137
 39.22  -6.144
 39.32  -6.151
 39.42  -6.158
 39.52  -6.164
 39.62  -6.171
 39.72  -6.177
 39.82  -6.183
 39.92  -6.190
 40.02  -6.196
 40.12  -6.202
 40.22  -6.208
 40.32  -6.214
 40.42  -6.220
 40.52  -6.226
 40.62  -6.231
 40.72  -6.236
 40.82  -6.242
 40.92  -6.247
 41.02  -6.252
 41.12  -6.258
 41.22  -6.263
 41.32  -6.268
 41.42  -6.274
 41.52  -6.279
 41.62  -6.285
 41.72  -6.291
 41.82  -6.297
 41.92  -6.303
 42.02  -6.309
 42.11  -6.316
 42.22  -6.323
 42.31  -6.330
 42.41  -6.337
 42.51  -6.344
 42.61  -6.351
 42.71  -6.359
 42.81  -6.367
 42.91  -6.375
 43.01  -6.382
 43.11  -6.390
 43.21  -6.398
 43.31  -6.406
 43.41  -6.414
 43.51  -6.422
 43.60  -6.430
 43.71  -6.438
 43.81  -6.446
 43.91  -6.454
 44.01  -6.462
 44.10  -6.470
 44.20  -6.478
 44.30  -6.486
 44.40  -6.493
 44.50  -6.500
 44.60  -6.506
 44.70  -6.511
 44.80  -6.516
 44.89  -6.520
 45.00  -6.525
 45.09  -6.529
 45.19  -6.533
 45.29  -6.537
 45.39  -6.542
 45.49  -6.547
 45.59  -6.551
 45.69  -6.556
 45.79  -6.561
 45.89  -6.565
 45.99  -6.570
 46.08  -6.574
 46.19  -6.577
 46.28  -6.580
 46.38  -6.584
 46.48  -6.587
 46.58  -6.590
 46.68  -6.593
 46.78  -6.596
 46.88  -6.599
 46.98  -6.603
 47.08  -6.606
 47.18  -6.610
 47.28  -6.614
 47.38  -6.618
 47.48  -6.622
 47.58  -6.626
 47.68  -6.629
 47.78  -6.633
 47.88  -6.636
 47.98  -6.639
 48.08  -6.642
 48.18  -6.644
 48.28  -6.647
 48.38  -6.650
 48.48  -6.652
 48.58  -6.654
 48.68  -6.656
 48.78  -6.658
 48.88  -6.659
 48.98  -6.661
 49.08  -6.663
 49.18  -6.664
 49.28  -6.666
 49.38  -6.668
 49.48  -6.669
 49.58  -6.671
 49.68  -6.673
 49.78  -6.675
 49.88  -6.676
 49.98  -6.678
 50.08  -6.680
 50.18  -6.683
 50.28  -6.685
 50.38  -6.687
 50.48  -6.690
 50.58  -6.692
 50.68  -6.695
 50.78  -6.697
 50.88  -6.699
 50.98  -6.702
 51.09  -6.704
 51.19  -6.706
 51.28  -6.708
 51.39  -6.710
 51.49  -6.712
 51.59  -6.714
 51.69  -6.716
 51.79  -6.717
 51.89  -6.719
 51.99  -6.721
 52.09  -6.722
 52.19  -6.724
 52.30  -6.725
 52.40  -6.727
 52.50  -6.728
 52.61  -6.729
 52.71  -6.731
 52.81  -6.732
 52.91  -6.733
 53.01  -6.734
 53.12  -6.735
 53.22  -6.735
 53.32  -6.736
 53.42  -6.737
 53.52  -6.738
 53.62  -6.738
 53.72  -6.739
 53.83  -6.739
 53.93  -6.739
 54.03  -6.740
 54.13  -6.740
 54.24  -6.740
 54.34  -6.740
 54.45  -6.740
 54.55  -6.740
 54.65  -6.741
 54.75  -6.741
 54.85  -6.741
 54.96  -6.741
 55.07  -6.741
 55.17  -6.741
 55.27  -6.741
 55.37  -6.741
 55.47  -6.741
 55.58  -6.741
 55.68  -6.741
 55.78  -6.741
 55.89  -6.741
 55.99  -6.741
 56.09  -6.741
 56.20  -6.741
 56.30  -6.741
 56.41  -6.740
 56.51  -6.740
 56.61  -6.740
 56.71  -6.740
 56.82  -6.740
 56.92  -6.740
 57.02  -6.740
 57.12  -6.740
 57.23  -6.740
 57.33  -6.740
 57.43  -6.740
 57.54  -6.740
 57.64  -6.740
 57.75  -6.739
 57.85  -6.739
 57.95  -6.739
 58.05  -6.739
 58.16  -6.739
 58.26  -6.738
 58.36  -6.738
 58.47  -6.738
 58.57  -6.737
 58.67  -6.737
 58.78  -6.736
 58.88  -6.736
 58.99  -6.735
 59.09  -6.735
 59.20  -6.734
 59.30  -6.734
 59.40  -6.733
 59.50  -6.733
 59.61  -6.732
 59.71  -6.731
 59.82  -6.731
 59.92  -6.730
 60.02  -6.729
 60.12  -6.728
 60.22  -6.728
 60.32  -6.727
 60.42  -6.726
 60.53  -6.725
 60.63  -6.724
 60.73  -6.723
 60.83  -6.722
 60.93  -6.721
 61.03  -6.720
 61.13  -6.719
 61.23  -6.718
 61.33  -6.717
 61.43  -6.716
 61.53  -6.715
 61.63  -6.714
 61.73  -6.713
 61.83  -6.712
 61.93  -6.710
 62.04  -6.709
 62.14  -6.708
 62.24  -6.707
 62.34  -6.705
 62.44  -6.704
 62.54  -6.703
 62.64  -6.701
 62.74  -6.700
 62.84  -6.699
 62.94  -6.697
 63.04  -6.696
 63.14  -6.694
 63.24  -6.693
 63.34  -6.691
 63.44  -6.689
 63.55  -6.688
 63.65  -6.686
 63.75  -6.684
 63.85  -6.683
 63.95  -6.681
 64.04  -6.679
 64.14  -6.677
 64.24  -6.676
 64.34  -6.674
 64.44  -6.672
 64.54  -6.670
 64.64  -6.668
 64.74  -6.666
 64.84  -6.664
 64.94  -6.662
 65.05  -6.660
 65.15  -6.658
 65.25  -6.656
 65.35  -6.654
 65.45  -6.652
 65.55  -6.650
 65.66  -6.648
 65.76  -6.646
 65.86  -6.644
 65.96  -6.642
 66.06  -6.640
 66.16  -6.638
 66.27  -6.636
 66.37  -6.634
 66.47  -6.632
 66.57  -6.630
 66.67  -6.627
 66.77  -6.625
 66.87  -6.623
 66.97  -6.621
 67.07  -6.619
 67.18  -6.617
 67.28  -6.615
 67.38  -6.613
 67.48  -6.610
 67.59  -6.608
 67.69  -6.606
 67.79  -6.604
 67.89  -6.602
 67.99  -6.599
 68.09  -6.597
 68.19  -6.595
 68.30  -6.593
 68.40  -6.590
 68.50  -6.588
 68.60  -6.586
 68.70  -6.584
 68.80  -6.581
 68.90  -6.579
 69.01  -6.577
 69.11  -6.574
 69.20  -6.572
 69.31  -6.569
 69.41  -6.567
 69.51  -6.565
 69.61  -6.562
 69.71  -6.560
 69.82  -6.557
 69.92  -6.555
 70.02  -6.552
 70.12  -6.550
 70.22  -6.547
 70.33  -6.545
 70.43  -6.542
 70.53  -6.539
 70.63  -6.537
 70.73  -6.534
 70.83  -6.532
 70.93  -6.529
 71.03  -6.527
 71.13  -6.524
 71.23  -6.522
 71.33  -6.519
 71.43  -6.517
 71.53  -6.514
 71.63  -6.512
 71.72  -6.509
 71.82  -6.507
 71.92  -6.504
 72.02  -6.502
 72.11  -6.499
 72.21  -6.497
 72.31  -6.494
 72.41  -6.492
 72.50  -6.490
 72.60  -6.487
 72.71  -6.485
 72.81  -6.483
 72.91  -6.481
 73.00  -6.479
 73.10  -6.477
 73.20  -6.475
 73.30  -6.473
 73.40  -6.471
 73.50  -6.469
 73.60  -6.467
 73.69  -6.465
 73.79  -6.463
 73.89  -6.461
 73.99  -6.459
 74.09  -6.457
 74.19  -6.455
 74.29  -6.454
 74.38  -6.452
 74.48  -6.450
 74.58  -6.448
 74.68  -6.446
 74.78  -6.444
 74.88  -6.442
 74.98  -6.440
 75.07  -6.438
 75.17  -6.436
 75.27  -6.434
 75.37  -6.432
 75.47  -6.430
 75.57  -6.428
 75.67  -6.426
 75.76  -6.424
 75.86  -6.421
 75.97  -6.419
 76.06  -6.417
 76.16  -6.415
 76.26  -6.413
 76.36  -6.410
 76.46  -6.408
 76.56  -6.406
 76.65  -6.403
 76.75  -6.401
 76.85  -6.399
 76.95  -6.396
 77.04  -6.394
 77.15  -6.391
 77.24  -6.389
 77.34  -6.387
 77.44  -6.384
 77.54  -6.382
 77.63  -6.380
 77.74  -6.377
 77.84  -6.375
 77.93  -6.373
 78.03  -6.371
 78.13  -6.368
 78.23  -6.366
 78.32  -6.364
 78.42  -6.362
 78.52  -6.360
 78.62  -6.357
 78.72  -6.355
 78.82  -6.353
 78.91  -6.351
 79.01  -6.348
 79.11  -6.346
 79.21  -6.344
 79.31  -6.341
 79.41  -6.339
 79.50  -6.336
 79.60  -6.334
 79.70  -6.331
 79.80  -6.329
 79.90  -6.326
 80.00  -6.324
 80.09  -6.322
 80.19  -6.319
 80.29  -6.317
 80.39  -6.314
 80.48  -6.312
 80.58  -6.310
 80.68  -6.308
 80.78  -6.305
 80.88  -6.303
 80.97  -6.301
 81.07  -6.299
 81.17  -6.297
 81.27  -6.295
 81.36  -6.294
 81.46  -6.292
 81.56  -6.290
 81.65  -6.288
 81.75  -6.286
 81.85  -6.284
 81.95  -6.282
 82.05  -6.281
 82.14  -6.279
 82.24  -6.277
 82.34  -6.275
 82.43  -6.273
 82.53  -6.271
 82.63  -6.269
 82.72  -6.267
 82.82  -6.265
 82.91  -6.263
 83.01  -6.261
 83.11  -6.259
 83.21  -6.256
 83.31  -6.254
 83.40  -6.252
 83.50  -6.250
 83.59  -6.248
 83.69  -6.246
 83.79  -6.244
 83.89  -6.242
 83.98  -6.240
 84.08  -6.239
 84.17  -6.237
 84.27  -6.235
 84.36  -6.233
 84.46  -6.231
 84.56  -6.229
 84.65  -6.228
 84.75  -6.226
 84.85  -6.224
 84.94  -6.222
 85.04  -6.220
 85.14  -6.218
 85.23  -6.216
 85.33  -6.213
 85.42  -6.211
 85.51  -6.208
 85.61  -6.206
 85.71  -6.203
 85.80  -6.200
 85.90  -6.197
 85.99  -6.194
 86.09  -6.191
 86.18  -6.189
 86.27  -6.186
 86.37  -6.183
 86.47  -6.180
 86.56  -6.178
 86.65  -6.175
 86.75  -6.172
 86.85  -6.170
 86.94  -6.167
 87.04  -6.165
 87.13  -6.163
 87.23  -6.161
 87.32  -6.158
 87.42  -6.156
 87.52  -6.154
 87.61  -6.152
 87.71  -6.150
 87.81  -6.148
 87.90  -6.145
 88.00  -6.143
 88.10  -6.141
 88.19  -6.139
 88.29  -6.136
 88.39  -6.134
 88.49  -6.131
 88.58  -6.129
 88.68  -6.126
 88.78  -6.124
 88.87  -6.121
 88.97  -6.118
 89.07  -6.116
 89.16  -6.113
 89.26  -6.110
 89.36  -6.107
 89.45  -6.105
 89.55  -6.102
 89.65  -6.099
 89.74  -6.096
 89.84  -6.093
 89.94  -6.090
 90.03  -6.086
 90.13  -6.083
 90.22  -6.079
 90.32  -6.075
 90.42  -6.072
 90.51  -6.068
 90.61  -6.064
 90.71  -6.061
 90.80  -6.057
 90.90  -6.053
 91.00  -6.050
 91.10  -6.046
 91.20  -6.042
 91.29  -6.039
 91.39  -6.036
 91.49  -6.033
 91.59  -6.030
 91.69  -6.028
 91.78  -6.026
 91.88  -6.024
 91.98  -6.022
 92.08  -6.020
 92.18  -6.019
 92.28  -6.017
 92.38  -6.015
 92.47  -6.013
 92.57  -6.012
 92.67  -6.010
 92.77  -6.008
 92.87  -6.006
 92.97  -6.004
 93.06  -6.002
 93.16  -6.000
 93.26  -5.997
 93.36  -5.995
 93.45  -5.993
 93.56  -5.990
 93.65  -5.988
 93.75  -5.986
 93.85  -5.983
 93.95  -5.981
 94.05  -5.978
 94.15  -5.976
 94.25  -5.973
 94.35  -5.971
 94.45  -5.968
 94.55  -5.966
 94.65  -5.963
 94.75  -5.961
 94.85  -5.958
 94.95  -5.956
 95.04  -5.953
 95.14  -5.951
 95.24  -5.948
 95.34  -5.946
 95.44  -5.943
 95.54  -5.941
 95.64  -5.938
 95.74  -5.935
 95.84  -5.933
 95.93  -5.930
 96.03  -5.927
 96.13  -5.925
 96.23  -5.922
 96.33  -5.919
 96.43  -5.917
 96.53  -5.914
 96.63  -5.911
 96.72  -5.909
 96.82  -5.906
 96.93  -5.904
 97.02  -5.901
 97.12  -5.898
 97.22  -5.895
 97.32  -5.893
 97.42  -5.890
 97.52  -5.887
 97.62  -5.884
 97.72  -5.882
 97.82  -5.879
 97.92  -5.876
 98.01  -5.873
 98.12  -5.870
 98.21  -5.867
 98.31  -5.864
 98.41  -5.861
 98.51  -5.858
 98.61  -5.855
 98.71  -5.851
 98.81  -5.848
 98.91  -5.845
 99.01  -5.842
 99.11  -5.839
 99.20  -5.836
 99.31  -5.833
 99.41  -5.830
 99.50  -5.826
 99.60  -5.823
 99.70  -5.820
 99.80  -5.817
 99.90  -5.814
100.00  -5.811
100.10  -5.808
100.20  -5.805
100.30  -5.801
100.40  -5.798
100.50  -5.795
100.60  -5.792
100.70  -5.789
100.80  -5.786
100.90  -5.783
101.00  -5.780
101.10  -5.777
101.19  -5.774
101.29  -5.771
101.40  -5.769
101.50  -5.766
101.59  -5.763
101.69  -5.760
101.80  -5.757
101.89  -5.755
101.99  -5.752
102.10  -5.749
102.19  -5.746
102.29  -5.744
102.39  -5.741
102.49  -5.738
102.59  -5.736
102.69  -5.733
102.79  -5.730
102.89  -5.727
102.99  -5.725
103.09  -5.722
103.19  -5.719
103.29  -5.716
103.39  -5.714
103.49  -5.711
103.59  -5.708
103.69  -5.705
103.79  -5.703
103.89  -5.700
103.99  -5.697
104.09  -5.694
104.19  -5.692
104.29  -5.689
104.39  -5.686
104.49  -5.683
104.59  -5.680
104.69  -5.678
104.79  -5.675
104.89  -5.672
104.99  -5.669
105.09  -5.667
105.19  -5.664
105.29  -5.661
105.39  -5.658
105.49  -5.655
105.59  -5.653
105.69  -5.650
105.79  -5.647
105.89  -5.644
105.99  -5.642
106.09  -5.639
106.19  -5.636
106.29  -5.633
106.39  -5.631
106.49  -5.628
106.59  -5.625
106.69  -5.622
106.78  -5.619
106.88  -5.617
106.98  -5.614
107.07  -5.611
107.17  -5.608
107.27  -5.606
107.37  -5.603
107.46  -5.600
107.56  -5.597
107.66  -5.594
107.75  -5.592
107.85  -5.589
107.95  -5.586
108.05  -5.583
108.15  -5.580
108.24  -5.578
108.34  -5.575
108.44  -5.572
108.53  -5.569
108.63  -5.566
108.73  -5.563
108.83  -5.560
108.92  -5.557
109.02  -5.555
109.12  -5.552
109.22  -5.549
109.31  -5.546
109.41  -5.543
109.50  -5.540
109.60  -5.537
109.70  -5.534
109.80  -5.530
109.90  -5.527
109.99  -5.524
110.09  -5.521
110.19  -5.518
110.29  -5.514
110.38  -5.511
110.48  -5.508
110.58  -5.504
110.67  -5.501
110.77  -5.498
110.87  -5.494
110.97  -5.490
111.07  -5.487
111.16  -5.483
111.26  -5.480
111.36  -5.476
111.46  -5.472
111.55  -5.469
111.65  -5.465
111.75  -5.461
111.85  -5.458
111.94  -5.454
112.04  -5.450
112.14  -5.446
112.24  -5.442
112.34  -5.439
112.44  -5.435
112.53  -5.431
112.63  -5.427
112.73  -5.423
112.82  -5.420
112.92  -5.416
113.02  -5.412
113.12  -5.408
113.22  -5.404
113.31  -5.401
113.41  -5.397
113.51  -5.393
113.61  -5.390
113.70  -5.386
113.80  -5.383
113.90  -5.380
114.00  -5.376
114.09  -5.373
114.19  -5.370
114.29  -5.367
114.38  -5.364
114.48  -5.360
114.58  -5.357
114.67  -5.354
114.77  -5.351
114.87  -5.348
114.97  -5.345
115.06  -5.342
115.16  -5.339
115.26  -5.336
115.36  -5.332
115.46  -5.329
115.55  -5.326
115.65  -5.323
115.75  -5.320
115.84  -5.316
115.94  -5.313
116.04  -5.310
116.14  -5.307
116.24  -5.304
116.33  -5.301
116.43  -5.298
116.52  -5.294
116.62  -5.291
116.72  -5.288
116.82  -5.285
116.91  -5.282
117.01  -5.279
117.11  -5.276
117.20  -5.273
117.30  -5.270
117.40  -5.267
117.50  -5.264
117.60  -5.261
117.69  -5.258
117.79  -5.255
117.89  -5.252
117.98  -5.248
118.08  -5.245
118.18  -5.242
118.28  -5.239
118.37  -5.236
118.47  -5.233
118.57  -5.231
118.67  -5.228
118.77  -5.225
118.86  -5.222
118.96  -5.219
119.06  -5.216
119.16  -5.213
119.25  -5.210
119.35  -5.207
119.45  -5.204
119.55  -5.201
119.64  -5.198
119.74  -5.195
119.84  -5.192
119.94  -5.189
120.04  -5.185
120.13  -5.182
120.23  -5.179
120.33  -5.176
120.43  -5.173
120.53  -5.169
120.63  -5.166
120.72  -5.163
120.82  -5.160
120.92  -5.156
121.02  -5.153
121.12  -5.150
121.21  -5.146
121.31  -5.143
121.41  -5.140
121.50  -5.137
121.60  -5.133
121.70  -5.130
121.80  -5.127
121.90  -5.123
121.99  -5.120
122.09  -5.117
122.19  -5.113
122.28  -5.110
122.38  -5.107
122.48  -5.103
122.58  -5.100
122.68  -5.097
122.77  -5.094
122.87  -5.090
122.97  -5.087
123.07  -5.083
123.16  -5.080
123.26  -5.076
123.36  -5.073
123.45  -5.069
123.55  -5.065
123.65  -5.062
123.75  -5.058
123.85  -5.055
123.95  -5.052
124.14  -5.046
124.24  -5.043
124.33  -5.040
124.43  -5.036
124.53  -5.033
124.63  -5.030
124.72  -5.026
124.82  -5.023
124.92  -5.019
125.02  -5.015
125.12  -5.012
125.21  -5.008
125.31  -5.004
125.41  -5.001
125.51  -4.997
125.60  -4.993
125.70  -4.990
125.80  -4.986
125.89  -4.982
125.99  -4.978
126.09  -4.975
126.19  -4.971
126.28  -4.967
126.38  -4.963
126.48  -4.959
126.57  -4.955
126.67  -4.951
126.77  -4.947
126.87  -4.943
126.96  -4.939
127.06  -4.935
127.15  -4.931
127.25  -4.927
127.35  -4.922
127.45  -4.918
127.54  -4.914
127.64  -4.910
127.74  -4.906
127.84  -4.902
127.93  -4.898
128.03  -4.894
128.13  -4.890
128.23  -4.886
128.32  -4.882
128.42  -4.879
128.51  -4.875
128.61  -4.871
128.71  -4.867
128.81  -4.863
128.90  -4.859
129.00  -4.856
129.10  -4.852
129.20  -4.848
129.30  -4.845
129.40  -4.841
129.49  -4.838
129.59  -4.835
129.68  -4.831
129.78  -4.828
129.88  -4.825
129.98  -4.821
130.08  -4.818
130.17  -4.815
130.27  -4.812
130.37  -4.809
130.46  -4.805
130.56  -4.802
130.66  -4.799
130.75  -4.796
130.85  -4.793
130.95  -4.790
131.05  -4.787
131.14  -4.784
131.24  -4.781
131.34  -4.778
131.43  -4.775
131.53  -4.772
131.63  -4.769
131.73  -4.766
131.82  -4.763
131.92  -4.760
132.02  -4.757
132.12  -4.754
132.21  -4.751
132.31  -4.748
132.41  -4.745
132.51  -4.742
132.60  -4.738
132.70  -4.735
132.80  -4.732
132.89  -4.729
132.99  -4.725
133.09  -4.722
133.19  -4.719
133.29  -4.715
133.38  -4.712
133.48  -4.709
133.58  -4.705
133.68  -4.702
133.77  -4.699
133.87  -4.695
133.97  -4.692
134.06  -4.689
134.16  -4.686
134.26  -4.682
134.36  -4.679
134.45  -4.676
134.55  -4.673
134.65  -4.669
134.74  -4.666
134.84  -4.663
134.94  -4.660
135.04  -4.656
135.13  -4.653
135.23  -4.650
135.33  -4.646
135.42  -4.643
135.52  -4.640
135.62  -4.636
135.72  -4.633
135.82  -4.629
135.91  -4.626
136.01  -4.622
136.11  -4.619
136.20  -4.616
136.30  -4.612
136.40  -4.609
136.50  -4.605
136.59  -4.602
136.69  -4.598
136.79  -4.595
136.89  -4.591
136.99  -4.587
137.08  -4.584
137.18  -4.580
137.28  -4.577
137.38  -4.573
137.48  -4.570
137.57  -4.566
137.67  -4.562
137.77  -4.559
137.87  -4.555
137.97  -4.551
138.07  -4.548
138.17  -4.544
138.27  -4.541
138.36  -4.537
138.46  -4.533
138.56  -4.530
138.66  -4.526
138.76  -4.522
138.86  -4.519
138.96  -4.515
139.06  -4.512
139.16  -4.508
139.26  -4.504
139.36  -4.501
139.46  -4.497
139.56  -4.493
139.66  -4.490
139.76  -4.486
139.85  -4.483
139.96  -4.479
140.06  -4.475
140.15  -4.472
140.25  -4.468
140.35  -4.465
140.44  -4.461
140.54  -4.457
140.64  -4.454
140.74  -4.450
140.83  -4.447
140.93  -4.443
141.02  -4.440
141.12  -4.436
141.22  -4.433
141.31  -4.429
141.40  -4.426
141.50  -4.422
141.59  -4.419
141.68  -4.415
141.78  -4.412
141.87  -4.408
141.96  -4.405
142.06  -4.402
142.16  -4.398
142.25  -4.395
142.35  -4.392
142.44  -4.389
142.54  -4.385
142.63  -4.382
142.73  -4.379
142.82  -4.376
142.91  -4.373
143.01  -4.370
143.11  -4.366
143.20  -4.363
143.29  -4.360
143.39  -4.357
143.48  -4.354
143.57  -4.351
143.67  -4.348
143.77  -4.344
143.86  -4.341
143.95  -4.338
144.04  -4.335
144.14  -4.332
144.23  -4.329
144.33  -4.326
144.42  -4.323
144.52  -4.320
144.61  -4.318
144.70  -4.315
144.80  -4.312
144.90  -4.309
144.99  -4.307
145.08  -4.304
145.17  -4.301
145.27  -4.299
145.36  -4.296
145.46  -4.294
145.55  -4.291
145.65  -4.289
145.74  -4.286
145.83  -4.284
145.93  -4.281
146.03  -4.279
146.12  -4.276
146.22  -4.274
146.31  -4.271
146.40  -4.269
146.50  -4.266
146.59  -4.264
146.69  -4.261
146.78  -4.259
146.87  -4.256
146.97  -4.254
147.06  -4.251
147.16  -4.248
147.25  -4.246
147.35  -4.243
147.44  -4.241
147.53  -4.238
147.63  -4.235
147.72  -4.232
147.82  -4.229
147.91  -4.226
148.01  -4.223
148.10  -4.220
148.20  -4.217
148.29  -4.214
148.38  -4.210
148.48  -4.207
148.57  -4.204
148.67  -4.200
148.76  -4.197
148.86  -4.194
148.95  -4.190
149.04  -4.187
149.14  -4.183
149.23  -4.180
149.32  -4.177
149.42  -4.174
149.51  -4.170
149.60  -4.167
149.70  -4.164
149.80  -4.160
149.89  -4.157
149.98  -4.154
150.08  -4.151
150.17  -4.147
150.27  -4.144
150.37  -4.141
150.46  -4.137
150.55  -4.134
150.65  -4.131
150.74  -4.128
150.84  -4.124
150.93  -4.121
151.03  -4.118
151.12  -4.115
151.22  -4.112
151.31  -4.108
151.41  -4.105
151.50  -4.102
151.60  -4.099
151.69  -4.096
151.78  -4.092
151.88  -4.089
151.97  -4.086
152.07  -4.083
152.16  -4.080
152.26  -4.077
152.35  -4.073
152.45  -4.070
152.54  -4.067
152.64  -4.064
152.73  -4.060
152.83  -4.057
152.92  -4.054
153.02  -4.051
153.11  -4.047
153.20  -4.044
153.30  -4.041
153.40  -4.038
153.49  -4.035
153.58  -4.032
153.68  -4.029
153.77  -4.026
153.87  -4.023
153.97  -4.020
154.06  -4.017
154.15  -4.014
154.25  -4.011
154.34  -4.008
154.43  -4.006
154.53  -4.003
154.63  -4.000
154.72  -3.997
154.81  -3.994
154.91  -3.992
155.00  -3.989
155.09  -3.986
155.19  -3.983
155.29  -3.980
155.38  -3.978
155.47  -3.975
155.57  -3.972
155.66  -3.969
155.75  -3.966
155.85  -3.963
155.94  -3.961
156.03  -3.958
156.13  -3.955
156.22  -3.952
156.32  -3.949
156.41  -3.946
156.51  -3.943
156.60  -3.940
156.69  -3.936
156.78  -3.933
156.88  -3.930
156.97  -3.927
157.07  -3.923
157.16  -3.920
157.25  -3.916
157.35  -3.912
157.44  -3.909
157.53  -3.905
157.63  -3.901
157.72  -3.898
157.81  -3.894
157.91  -3.890
158.00  -3.887
158.09  -3.883
158.19  -3.879
158.29  -3.875
158.38  -3.872
158.48  -3.868
158.57  -3.864
158.66  -3.860
158.76  -3.856
158.85  -3.852
158.95  -3.849
159.04  -3.845
159.14  -3.841
159.23  -3.837
159.32  -3.834
159.42  -3.830
159.51  -3.826
159.60  -3.822
159.70  -3.819
159.79  -3.815
159.89  -3.812
159.98  -3.808
160.08  -3.805
160.17  -3.802
160.27  -3.799
160.37  -3.795
160.46  -3.792
160.55  -3.789
160.65  -3.786
160.74  -3.783
160.84  -3.780
160.94  -3.777
161.03  -3.774
161.12  -3.770
161.21  -3.767
161.31  -3.764
161.41  -3.761
161.50  -3.758
161.60  -3.755
161.69  -3.752
161.78  -3.748
161.88  -3.745
161.97  -3.742
162.07  -3.739
162.16  -3.735
162.26  -3.732
162.35  -3.729
162.44  -3.726
162.54  -3.722
162.63  -3.719
162.73  -3.716
162.82  -3.712
162.91  -3.709
163.01  -3.705
163.10  -3.702
163.20  -3.698
163.29  -3.695
163.39  -3.691
163.48  -3.688
163.57  -3.684
163.67  -3.681
163.76  -3.677
163.86  -3.674
163.95  -3.670
164.04  -3.667
164.14  -3.663
164.23  -3.659
164.33  -3.656
164.42  -3.652
164.52  -3.649
164.61  -3.645
164.70  -3.642
164.80  -3.638
164.89  -3.635
164.99  -3.631
165.08  -3.628
165.18  -3.624
165.27  -3.621
165.36  -3.617
165.46  -3.614
165.55  -3.610
165.65  -3.607
165.74  -3.604
165.83  -3.601
165.93  -3.597
166.02  -3.594
166.12  -3.591
166.21  -3.589
166.31  -3.586
166.40  -3.583
166.50  -3.580
166.59  -3.577
166.68  -3.574
166.78  -3.572
166.87  -3.569
166.97  -3.566
167.06  -3.564
167.16  -3.561
167.25  -3.558
167.35  -3.555
167.44  -3.552
167.54  -3.550
167.63  -3.547
167.73  -3.544
167.82  -3.541
167.91  -3.538
168.01  -3.535
168.10  -3.532
168.20  -3.529
168.30  -3.526
168.39  -3.523
168.48  -3.521
168.58  -3.518
168.67  -3.515
168.77  -3.512
168.87  -3.509
168.96  -3.507
169.05  -3.504
169.15  -3.501
169.25  -3.499
169.34  -3.496
169.44  -3.494
169.53  -3.491
169.62  -3.489
169.72  -3.486
169.82  -3.484
169.91  -3.481
170.01  -3.478
170.10  -3.476
170.20  -3.473
170.29  -3.471
170.39  -3.468
170.48  -3.466
170.57  -3.463
170.67  -3.461
170.77  -3.458
170.86  -3.456
170.96  -3.453
171.05  -3.451
171.15  -3.448
171.25  -3.445
171.34  -3.443
171.44  -3.440
171.54  -3.438
171.63  -3.435
171.73  -3.432
171.82  -3.430
171.92  -3.427
172.01  -3.424
172.11  -3.421
172.21  -3.418
172.30  -3.415
172.40  -3.412
172.50  -3.409
172.59  -3.405
172.69  -3.402
172.79  -3.399
172.88  -3.396
172.98  -3.393
173.07  -3.390
173.17  -3.386
173.27  -3.383
173.37  -3.380
173.46  -3.377
173.55  -3.374
173.65  -3.371
173.75  -3.368
173.84  -3.365
173.94  -3.362
174.04  -3.359
174.13  -3.356
174.23  -3.353
174.33  -3.350
174.42  -3.347
174.52  -3.344
174.62  -3.341
174.71  -3.338
174.81  -3.335
174.90  -3.332
174.99  -3.329
175.09  -3.326
175.18  -3.323
175.28  -3.320
175.37  -3.317
175.46  -3.313
175.56  -3.310
175.65  -3.307
175.75  -3.304
175.84  -3.301
175.93  -3.298
176.02  -3.295
176.12  -3.292
176.22  -3.289
176.31  -3.286
176.40  -3.283
176.50  -3.280
176.59  -3.277
176.69  -3.275
176.78  -3.273
176.88  -3.270
176.97  -3.268
177.06  -3.266
177.16  -3.264
177.25  -3.261
177.34  -3.259
177.44  -3.257
177.53  -3.255
177.62  -3.253
177.72  -3.250
177.81  -3.248
177.90  -3.246
178.00  -3.243
178.09  -3.241
178.18  -3.238
178.28  -3.235
178.37  -3.232
178.46  -3.229
178.56  -3.226
178.65  -3.223
178.74  -3.220
178.84  -3.217
178.93  -3.214
179.02  -3.211
179.21  -3.205
179.30  -3.202
179.39  -3.199
179.49  -3.196
179.58  -3.193
179.67  -3.190
179.77  -3.187
179.86  -3.184
179.95  -3.181
180.05  -3.179
180.14  -3.176
180.23  -3.173
180.33  -3.170
180.42  -3.168
180.52  -3.165
180.61  -3.162
180.70  -3.160
180.80  -3.157
180.89  -3.154
180.98  -3.152
181.08  -3.149
181.17  -3.146
181.27  -3.144
181.36  -3.141
181.45  -3.139
181.55  -3.136
181.64  -3.134
181.73  -3.131
181.83  -3.129
181.92  -3.126
182.02  -3.124
182.11  -3.121
182.20  -3.119
182.30  -3.116
182.39  -3.114
182.48  -3.111
182.58  -3.109
182.67  -3.107
182.76  -3.104
182.86  -3.102
182.95  -3.099
183.04  -3.097
183.14  -3.094
183.23  -3.092
183.32  -3.089
183.41  -3.087
183.51  -3.085
183.60  -3.082
183.69  -3.080
183.78  -3.078
183.87  -3.075
183.97  -3.073
184.06  -3.070
184.15  -3.068
184.24  -3.066
184.34  -3.064
184.43  -3.061
184.52  -3.059
184.61  -3.057
184.71  -3.055
184.80  -3.052
184.89  -3.050
184.98  -3.048
185.08  -3.046
185.17  -3.044
185.26  -3.041
185.35  -3.039
185.44  -3.037
185.54  -3.035
185.63  -3.032
185.72  -3.030
185.81  -3.028
185.90  -3.026
185.99  -3.024
186.08  -3.021
186.18  -3.019
186.27  -3.017
186.36  -3.015
186.46  -3.013
186.55  -3.010
186.64  -3.008
186.73  -3.006
186.83  -3.004
186.92  -3.002
187.01  -3.000
187.10  -2.998
187.19  -2.995
187.28  -2.993
187.38  -2.991
187.47  -2.989
187.56  -2.987
187.66  -2.985
187.75  -2.983
187.84  -2.981
187.93  -2.979
188.02  -2.977
188.12  -2.974
188.21  -2.972
188.30  -2.970
188.39  -2.968
188.48  -2.965
188.58  -2.963
188.67  -2.961
188.76  -2.958
188.85  -2.956
188.94  -2.953
189.03  -2.951
189.12  -2.948
189.22  -2.946
189.31  -2.943
189.40  -2.941
189.49  -2.938
189.58  -2.936
189.67  -2.934
189.77  -2.931
189.86  -2.929
189.95  -2.927
190.04  -2.925
190.13  -2.923
190.22  -2.921
190.32  -2.919
190.41  -2.917
190.50  -2.915
190.59  -2.913
190.69  -2.911
190.78  -2.909
190.87  -2.907
190.96  -2.905
191.06  -2.903
191.15  -2.901
191.24  -2.898
191.33  -2.896
191.42  -2.894
191.51  -2.891
191.61  -2.888
191.70  -2.885
191.79  -2.882
191.88  -2.879
191.97  -2.876
192.06  -2.873
192.16  -2.870
192.25  -2.867
192.34  -2.864
192.43  -2.861
192.52  -2.858
192.61  -2.855
192.70  -2.852
192.80  -2.849
192.89  -2.845
192.98  -2.842
193.07  -2.839
193.16  -2.836
193.26  -2.833
193.35  -2.830
193.44  -2.827
193.54  -2.824
193.63  -2.821
193.72  -2.818
193.81  -2.815
193.90  -2.812
194.00  -2.809
194.09  -2.806
194.18  -2.803
194.27  -2.800
194.37  -2.797
194.46  -2.794
194.55  -2.791
194.64  -2.788
194.73  -2.785
194.82  -2.782
194.92  -2.779
195.01  -2.776
195.10  -2.773
195.19  -2.770
195.28  -2.768
195.37  -2.765
195.47  -2.762
195.56  -2.759
195.65  -2.756
195.74  -2.754
195.84  -2.751
195.93  -2.748
196.02  -2.746
196.11  -2.743
196.20  -2.740
196.29  -2.738
196.38  -2.735
196.48  -2.732
196.57  -2.730
196.66  -2.727
196.75  -2.725
196.85  -2.722
196.94  -2.719
197.03  -2.717
197.13  -2.714
197.31  -2.709
197.40  -2.707
197.49  -2.704
197.58  -2.702
197.68  -2.700
197.77  -2.697
197.86  -2.695
197.95  -2.692
198.04  -2.690
198.14  -2.688
198.23  -2.685
198.32  -2.683
198.41  -2.680
198.50  -2.678
198.59  -2.675
198.69  -2.672
198.78  -2.670
198.87  -2.667
198.96  -2.664
199.05  -2.661
199.15  -2.658
199.24  -2.655
199.33  -2.652
199.42  -2.649
199.52  -2.646
199.61  -2.643
199.70  -2.640
199.79  -2.637
199.89  -2.634
199.98  -2.631
200.07  -2.628
200.16  -2.625
200.25  -2.622
200.35  -2.619
200.44  -2.616
200.53  -2.612
200.62  -2.609
200.71  -2.606
200.81  -2.603
200.90  -2.600
200.99  -2.597
201.09  -2.594
201.18  -2.591
201.27  -2.588
201.37  -2.586
201.46  -2.583
201.55  -2.580
201.64  -2.577
201.73  -2.574
201.83  -2.572
201.92  -2.569
202.01  -2.567
202.11  -2.564
202.20  -2.562
202.29  -2.559
202.38  -2.557
202.48  -2.554
202.57  -2.552
202.66  -2.550
202.75  -2.547
202.85  -2.545
202.94  -2.543
203.03  -2.540
203.13  -2.538
203.22  -2.536
203.31  -2.533
203.40  -2.531
203.50  -2.528
203.59  -2.526
203.68  -2.523
203.77  -2.521
203.86  -2.518
203.96  -2.516
204.05  -2.514
204.14  -2.511
204.23  -2.509
204.32  -2.507
204.42  -2.504
204.51  -2.502
204.60  -2.500
204.69  -2.498
204.78  -2.496
204.87  -2.494
204.96  -2.491
205.06  -2.489
205.15  -2.487
205.24  -2.486
205.34  -2.484
205.43  -2.482
205.52  -2.480
205.61  -2.478
205.70  -2.476
205.79  -2.474
205.89  -2.471
205.98  -2.469
206.07  -2.467
206.16  -2.465
206.25  -2.463
206.34  -2.461
206.44  -2.459
206.53  -2.457
206.62  -2.454
206.71  -2.452
206.80  -2.450
206.89  -2.448
206.99  -2.445
207.08  -2.443
207.17  -2.441
207.26  -2.438
207.35  -2.436
207.44  -2.433
207.53  -2.430
207.62  -2.428
207.71  -2.425
207.80  -2.422
207.89  -2.419
207.98  -2.416
208.07  -2.413
208.16  -2.411
208.25  -2.408
208.33  -2.404
208.42  -2.401
208.51  -2.398
208.60  -2.395
208.69  -2.392
208.78  -2.389
208.87  -2.386
208.96  -2.383
209.05  -2.380
209.14  -2.376
209.23  -2.373
209.32  -2.370
209.41  -2.367
209.50  -2.364
209.59  -2.361
209.67  -2.357
209.76  -2.354
209.86  -2.351
209.95  -2.348
210.03  -2.345
210.12  -2.342
210.21  -2.339
210.30  -2.336
210.39  -2.333
210.49  -2.330
210.57  -2.327
210.66  -2.324
210.75  -2.322
210.84  -2.319
210.93  -2.316
211.02  -2.314
211.11  -2.311
211.20  -2.308
211.29  -2.306
211.38  -2.303
211.47  -2.301
211.56  -2.298
211.65  -2.296
211.74  -2.293
211.83  -2.291
211.92  -2.289
212.01  -2.286
212.10  -2.284
212.19  -2.282
212.28  -2.280
212.37  -2.277
212.45  -2.275
212.55  -2.273
212.64  -2.271
212.73  -2.269
212.82  -2.266
212.91  -2.264
213.00  -2.262
213.09  -2.260
213.18  -2.257
213.27  -2.255
213.36  -2.252
213.45  -2.250
213.55  -2.247
213.63  -2.245
213.72  -2.242
213.81  -2.239
213.90  -2.236
213.99  -2.234
214.09  -2.231
214.18  -2.228
214.26  -2.225
214.35  -2.223
214.44  -2.220
214.53  -2.217
214.62  -2.214
214.71  -2.212
214.80  -2.209
214.89  -2.206
214.98  -2.203
215.07  -2.201
215.16  -2.198
215.25  -2.195
215.34  -2.193
215.43  -2.190
215.52  -2.187
215.61  -2.185
215.70  -2.182
215.79  -2.179
215.88  -2.177
215.97  -2.174
216.06  -2.172
216.15  -2.169
216.24  -2.167
216.33  -2.164
216.42  -2.162
216.51  -2.160
216.60  -2.157
216.68  -2.155
216.78  -2.153
216.87  -2.150
216.95  -2.148
217.04  -2.146
217.13  -2.143
217.22  -2.141
217.31  -2.139
217.40  -2.137
217.49  -2.135
217.58  -2.132
217.67  -2.130
217.76  -2.128
217.85  -2.126
217.94  -2.124
218.03  -2.122
218.12  -2.119
218.21  -2.117
218.30  -2.115
218.39  -2.113
218.48  -2.111
218.57  -2.109
218.66  -2.107
218.75  -2.105
218.83  -2.102
218.92  -2.100
219.01  -2.098
219.10  -2.096
219.19  -2.094
219.28  -2.092
219.37  -2.090
219.46  -2.088
219.55  -2.086
219.64  -2.083
219.73  -2.081
219.82  -2.079
219.91  -2.077
220.00  -2.075
220.09  -2.073
220.18  -2.071
220.27  -2.069
220.36  -2.067
220.45  -2.065
220.54  -2.063
220.63  -2.061
220.72  -2.059
220.81  -2.057
220.90  -2.055
220.99  -2.053
221.08  -2.051
221.17  -2.049
221.26  -2.047
221.35  -2.045
221.44  -2.043
221.53  -2.041
221.62  -2.040
221.71  -2.038
221.80  -2.036
221.89  -2.034
221.98  -2.032
222.07  -2.030
222.16  -2.029
222.25  -2.027
222.34  -2.025
222.43  -2.024
222.52  -2.022
222.61  -2.020
222.70  -2.018
222.79  -2.017
222.88  -2.015
222.97  -2.014
223.06  -2.012
223.15  -2.010
223.24  -2.009
223.33  -2.007
223.42  -2.006
223.51  -2.004
223.60  -2.003
223.69  -2.001
223.78  -2.000
223.87  -1.998
223.96  -1.997
224.05  -1.995
224.14  -1.994
224.23  -1.992
224.32  -1.991
224.41  -1.990
224.50  -1.988
224.59  -1.987
224.68  -1.985
224.77  -1.984
224.86  -1.983
224.95  -1.981
225.04  -1.980
225.13  -1.979
225.22  -1.977
225.31  -1.976
225.40  -1.975
225.49  -1.973
225.58  -1.972
225.68  -1.971
225.76  -1.969
225.85  -1.968
225.95  -1.967
226.04  -1.966
226.13  -1.964
226.22  -1.963
226.31  -1.962
226.40  -1.961
226.49  -1.960
226.58  -1.959
226.67  -1.957
226.76  -1.956
226.85  -1.955
226.94  -1.954
