  
  DOI/GTN-P Deep Borehole Array, Arctic Alaska 
             U.S. Geological Survey 
            Processed Temperature Log 
                    28-Aug-2013 
________________________________________________ 
  
Temperature Log Information: 
  Well name:   North Inigok Test Well #1 
  File name:   NIN_89JUL06b_c_d 
  Log date:    06-JUL-1989 
  
Contact Information: 
  Gary Clow 
  U.S. Geological Survey 
  clow@usgs.gov 
  
Definitions: 
  Depth:        Depth below local ground surface (m) 
  Temperature:  ITS-90 temperature (°C) 
________________________________________________ 
             
 Depth  Temperature 
381.61   3.715
381.81   3.721
382.02   3.727
382.22   3.733
382.42   3.739
382.63   3.746
382.83   3.752
383.03   3.759
383.24   3.766
383.44   3.773
383.64   3.780
383.85   3.786
384.05   3.793
384.25   3.800
384.45   3.806
384.66   3.813
384.86   3.820
385.06   3.826
385.27   3.833
385.47   3.840
385.67   3.847
385.88   3.854
386.08   3.861
386.28   3.868
386.49   3.875
386.69   3.882
386.89   3.890
387.10   3.897
387.30   3.905
387.50   3.912
387.71   3.920
387.91   3.927
388.11   3.935
388.32   3.943
388.52   3.951
388.72   3.958
388.93   3.966
389.13   3.973
389.33   3.981
389.53   3.989
389.74   3.996
389.94   4.004
390.14   4.012
390.35   4.019
390.55   4.027
390.75   4.035
390.96   4.042
391.16   4.050
391.36   4.058
391.57   4.066
391.77   4.073
391.97   4.082
392.18   4.090
392.38   4.099
392.58   4.108
392.79   4.117
392.99   4.126
393.19   4.134
393.40   4.143
393.60   4.151
393.80   4.159
394.01   4.167
394.21   4.174
394.41   4.181
394.61   4.189
394.82   4.196
395.02   4.203
395.22   4.210
395.43   4.217
395.63   4.224
395.83   4.231
396.04   4.238
396.24   4.245
396.44   4.252
396.65   4.259
396.85   4.266
397.05   4.274
397.26   4.282
397.46   4.290
397.66   4.298
397.87   4.307
398.07   4.315
398.27   4.323
398.48   4.331
398.68   4.338
398.88   4.346
399.09   4.353
399.29   4.360
399.49   4.367
399.69   4.375
399.90   4.382
400.10   4.389
400.30   4.396
400.51   4.404
400.71   4.411
400.91   4.418
401.12   4.426
401.32   4.433
401.52   4.440
401.73   4.448
401.93   4.456
402.13   4.464
402.34   4.472
402.54   4.480
402.74   4.488
402.95   4.496
403.15   4.504
403.35   4.512
403.56   4.519
403.76   4.527
403.96   4.535
404.17   4.542
404.37   4.550
404.57   4.558
404.77   4.565
404.98   4.573
405.18   4.580
405.38   4.588
405.59   4.595
405.79   4.603
405.99   4.610
406.20   4.618
406.40   4.625
406.60   4.633
406.81   4.640
407.01   4.648
407.21   4.655
407.42   4.663
407.62   4.670
407.82   4.678
408.03   4.685
408.23   4.692
408.43   4.700
408.64   4.707
408.84   4.713
409.04   4.720
409.25   4.727
409.45   4.734
409.65   4.741
409.85   4.748
410.06   4.755
410.26   4.762
410.46   4.769
410.67   4.776
410.87   4.783
411.07   4.790
411.28   4.797
411.48   4.805
411.68   4.812
411.89   4.820
412.09   4.828
412.29   4.837
412.50   4.845
412.70   4.853
412.90   4.861
413.11   4.869
413.31   4.877
413.51   4.885
413.72   4.892
413.92   4.900
414.12   4.908
414.33   4.915
414.53   4.923
414.73   4.930
414.93   4.938
415.14   4.946
415.34   4.953
415.54   4.961
415.75   4.969
415.95   4.976
416.15   4.984
416.36   4.991
416.56   4.999
416.76   5.006
416.97   5.014
417.17   5.021
417.37   5.028
417.58   5.036
417.78   5.043
417.98   5.050
418.19   5.058
418.39   5.065
418.59   5.073
418.80   5.080
419.00   5.087
419.20   5.095
419.41   5.102
419.61   5.110
419.81   5.117
420.01   5.125
420.22   5.132
420.42   5.140
420.62   5.147
420.83   5.155
421.03   5.162
421.23   5.169
421.44   5.177
421.64   5.184
421.84   5.192
422.05   5.199
422.25   5.207
422.45   5.214
422.66   5.222
422.86   5.229
423.06   5.237
423.67   5.259
423.88   5.267
424.08   5.274
424.28   5.282
424.49   5.289
424.69   5.297
424.89   5.304
425.09   5.312
425.30   5.320
425.50   5.327
425.70   5.335
425.91   5.343
426.11   5.351
426.31   5.358
426.52   5.366
426.72   5.374
426.92   5.382
427.13   5.390
427.33   5.399
427.53   5.407
427.74   5.415
427.94   5.423
428.14   5.431
428.35   5.439
428.55   5.447
428.75   5.454
428.96   5.462
429.16   5.470
429.36   5.478
429.57   5.486
429.77   5.494
429.97   5.502
430.17   5.510
430.38   5.518
430.58   5.525
430.78   5.533
430.99   5.541
431.19   5.548
431.39   5.555
431.60   5.562
431.80   5.570
432.00   5.577
432.21   5.584
432.41   5.591
432.61   5.598
432.82   5.606
433.02   5.613
433.22   5.621
433.43   5.628
433.63   5.636
433.83   5.644
434.04   5.651
434.24   5.659
434.44   5.667
434.65   5.674
434.85   5.682
435.05   5.690
435.25   5.697
435.46   5.705
435.66   5.713
435.86   5.720
436.07   5.727
436.27   5.734
436.47   5.741
436.68   5.747
436.88   5.754
437.08   5.761
437.29   5.768
437.49   5.775
437.69   5.783
437.90   5.791
438.10   5.800
438.30   5.809
438.51   5.817
438.71   5.826
438.91   5.835
439.12   5.844
439.32   5.852
439.52   5.861
439.73   5.870
439.93   5.879
440.13   5.888
441.35   5.933
441.55   5.939
441.76   5.945
441.96   5.952
442.16   5.958
442.37   5.965
442.57   5.972
442.77   5.980
442.98   5.988
443.18   5.996
443.38   6.004
443.59   6.012
443.79   6.021
443.99   6.029
444.20   6.037
444.40   6.045
444.60   6.053
444.81   6.061
445.01   6.070
445.21   6.078
445.41   6.086
445.62   6.094
445.82   6.101
446.02   6.108
446.23   6.115
446.43   6.122
446.63   6.129
446.84   6.136
447.04   6.143
447.24   6.151
447.45   6.159
447.65   6.168
447.85   6.177
448.06   6.187
448.26   6.196
448.46   6.206
448.67   6.215
448.87   6.225
449.07   6.235
449.28   6.244
449.48   6.254
449.68   6.263
449.89   6.273
450.09   6.282
450.29   6.291
450.49   6.300
451.10   6.323
451.31   6.331
451.51   6.338
452.32   6.368
452.53   6.377
452.73   6.385
452.93   6.394
453.14   6.403
453.34   6.411
453.54   6.420
453.75   6.428
453.95   6.437
454.15   6.445
454.36   6.454
454.56   6.462
454.76   6.470
454.97   6.479
455.17   6.487
455.37   6.495
455.57   6.504
455.78   6.512
455.98   6.520
456.18   6.528
456.39   6.536
456.59   6.545
456.79   6.553
457.00   6.561
457.20   6.570
457.40   6.578
457.61   6.586
457.81   6.595
458.01   6.603
458.22   6.612
458.42   6.621
458.62   6.629
458.83   6.638
459.03   6.646
459.23   6.655
459.44   6.664
459.64   6.672
459.84   6.681
460.05   6.690
460.25   6.699
460.45   6.708
460.65   6.716
460.86   6.725
461.06   6.734
461.26   6.743
461.47   6.752
461.67   6.761
461.87   6.771
462.08   6.780
462.28   6.789
462.48   6.798
462.69   6.808
462.89   6.817
463.09   6.827
463.30   6.837
463.50   6.846
463.70   6.856
463.91   6.866
464.11   6.875
464.31   6.885
464.52   6.895
464.72   6.905
464.92   6.915
465.13   6.925
465.33   6.936
465.53   6.946
465.73   6.957
465.94   6.968
466.14   6.978
466.34   6.989
466.55   7.000
466.75   7.010
466.95   7.020
467.16   7.030
467.36   7.040
467.56   7.050
467.77   7.060
467.97   7.070
468.17   7.080
468.38   7.090
468.58   7.100
468.78   7.110
468.99   7.120
469.19   7.129
469.39   7.139
469.60   7.149
469.80   7.159
470.00   7.169
470.21   7.179
470.41   7.189
470.61   7.200
470.81   7.210
471.02   7.220
471.22   7.230
471.42   7.241
471.63   7.251
471.83   7.261
472.03   7.271
472.24   7.281
472.44   7.291
472.64   7.301
472.85   7.311
473.05   7.321
473.25   7.331
473.46   7.341
473.66   7.351
473.86   7.361
474.07   7.371
474.27   7.381
474.47   7.390
474.68   7.400
474.88   7.410
475.08   7.419
475.29   7.428
475.49   7.438
475.69   7.447
475.89   7.456
476.10   7.465
476.30   7.475
476.50   7.484
476.71   7.493
476.91   7.503
477.11   7.512
477.32   7.521
477.52   7.531
477.72   7.540
477.93   7.549
478.13   7.559
478.33   7.568
478.54   7.577
478.74   7.587
478.94   7.596
479.15   7.605
479.35   7.615
479.55   7.624
479.76   7.633
479.96   7.642
480.16   7.651
480.37   7.660
480.57   7.669
480.77   7.678
480.97   7.687
481.18   7.696
481.38   7.705
481.58   7.714
481.79   7.723
481.99   7.733
482.19   7.742
482.40   7.752
482.60   7.761
482.80   7.770
483.01   7.780
483.21   7.789
483.41   7.798
483.62   7.807
483.82   7.816
484.02   7.825
484.23   7.834
484.43   7.843
484.63   7.851
484.84   7.859
485.04   7.867
485.24   7.874
485.45   7.882
485.65   7.889
485.85   7.896
486.05   7.904
486.26   7.911
486.46   7.918
486.66   7.926
486.87   7.933
487.07   7.941
487.27   7.948
487.48   7.955
487.68   7.963
487.88   7.970
488.09   7.977
488.29   7.984
488.49   7.991
488.70   7.998
488.90   8.005
489.10   8.012
489.31   8.019
489.51   8.026
489.71   8.033
489.92   8.040
490.12   8.047
490.32   8.054
490.53   8.061
490.73   8.068
490.93   8.075
491.13   8.082
491.34   8.088
491.54   8.095
491.74   8.102
491.95   8.108
492.15   8.115
492.35   8.122
492.56   8.128
492.76   8.135
492.96   8.141
493.17   8.148
493.37   8.155
493.57   8.161
493.78   8.168
493.98   8.174
494.18   8.181
494.39   8.188
494.59   8.195
494.79   8.202
495.00   8.209
495.20   8.215
495.40   8.222
495.61   8.229
495.81   8.236
496.01   8.243
496.21   8.250
496.42   8.257
496.62   8.264
496.82   8.271
497.03   8.277
497.23   8.284
497.43   8.291
497.64   8.298
497.84   8.304
498.04   8.311
498.25   8.318
498.45   8.324
498.65   8.331
498.86   8.338
499.06   8.344
499.26   8.351
499.47   8.357
499.67   8.364
499.87   8.370
500.08   8.377
500.28   8.383
500.48   8.389
500.69   8.396
500.89   8.402
501.09   8.408
501.29   8.415
501.50   8.421
501.70   8.428
501.90   8.434
502.11   8.441
502.31   8.447
502.51   8.454
502.72   8.460
502.92   8.466
503.12   8.473
503.33   8.479
503.53   8.486
503.73   8.492
503.94   8.499
504.14   8.505
504.34   8.511
504.55   8.518
504.75   8.524
504.95   8.531
505.16   8.537
505.36   8.543
505.56   8.550
505.77   8.556
505.97   8.563
506.17   8.569
506.37   8.576
506.58   8.582
506.78   8.589
506.98   8.595
507.19   8.602
507.39   8.608
507.59   8.615
507.80   8.622
508.00   8.629
508.20   8.635
508.41   8.642
508.61   8.649
508.81   8.656
509.02   8.663
509.22   8.670
509.42   8.678
509.63   8.685
509.83   8.693
510.03   8.700
510.24   8.708
510.44   8.715
510.64   8.723
510.85   8.730
511.05   8.738
511.25   8.745
511.45   8.752
511.66   8.760
511.86   8.767
512.06   8.775
512.27   8.782
512.47   8.790
512.67   8.797
512.88   8.805
513.08   8.812
513.28   8.820
513.49   8.827
513.69   8.834
513.89   8.842
514.10   8.849
514.30   8.856
514.50   8.863
514.71   8.871
514.91   8.878
515.11   8.885
515.32   8.892
515.52   8.899
515.72   8.906
515.93   8.914
516.13   8.921
516.33   8.928
516.53   8.936
516.74   8.943
516.94   8.950
517.14   8.957
517.35   8.965
517.55   8.972
517.75   8.979
517.96   8.986
518.36   9.001
518.57   9.008
518.77   9.016
518.97   9.023
519.18   9.030
519.38   9.038
519.58   9.045
519.79   9.052
519.99   9.059
520.19   9.067
520.40   9.074
520.60   9.081
520.80   9.089
521.01   9.096
521.21   9.103
521.41   9.110
521.61   9.118
521.82   9.125
522.02   9.132
522.22   9.139
522.43   9.147
522.63   9.154
522.83   9.161
523.04   9.168
523.24   9.176
523.44   9.183
523.65   9.190
523.85   9.197
524.05   9.204
524.26   9.211
524.46   9.218
524.66   9.225
524.87   9.233
525.07   9.240
525.27   9.247
525.48   9.254
525.68   9.261
525.88   9.268
526.09   9.275
526.29   9.283
526.49   9.290
526.69   9.297
526.90   9.304
527.10   9.311
527.30   9.318
527.51   9.326
527.71   9.333
527.91   9.340
528.12   9.347
528.32   9.354
528.52   9.362
528.73   9.369
528.93   9.376
529.13   9.383
529.34   9.390
529.54   9.398
529.74   9.405
529.95   9.412
530.15   9.419
530.35   9.427
530.56   9.434
530.76   9.441
530.96   9.449
531.17   9.456
531.37   9.464
531.57   9.471
531.77   9.479
531.98   9.487
532.18   9.494
532.38   9.502
532.59   9.509
532.79   9.517
532.99   9.525
533.20   9.532
533.40   9.540
533.60   9.547
533.81   9.555
534.01   9.562
534.21   9.570
534.42   9.577
534.62   9.584
534.82   9.592
535.03   9.600
535.23   9.608
535.43   9.616
535.64   9.624
535.84   9.632
536.04   9.640
536.25   9.648
536.45   9.657
536.65   9.665
536.85   9.674
537.06   9.682
537.26   9.691
537.46   9.699
537.67   9.708
537.87   9.716
538.07   9.725
538.28   9.733
538.48   9.742
538.68   9.750
538.89   9.759
539.09   9.767
539.29   9.776
539.50   9.784
539.70   9.793
539.90   9.801
540.11   9.810
540.31   9.819
540.51   9.828
540.72   9.836
540.92   9.845
541.12   9.854
541.33   9.862
541.53   9.871
541.73   9.880
541.93   9.888
542.14   9.897
542.34   9.905
542.54   9.914
542.75   9.922
542.95   9.930
543.15   9.938
543.36   9.946
543.56   9.954
543.76   9.961
543.97   9.969
544.17   9.976
544.37   9.984
544.58   9.991
544.78   9.999
544.98  10.006
545.19  10.013
545.39  10.021
545.59  10.029
545.80  10.036
546.00  10.044
546.20  10.051
546.41  10.059
546.61  10.066
546.81  10.074
547.01  10.082
547.22  10.089
547.42  10.097
547.62  10.105
547.83  10.113
548.03  10.121
548.23  10.129
548.44  10.138
548.64  10.146
548.84  10.155
549.05  10.164
549.25  10.172
549.45  10.181
549.66  10.190
549.86  10.198
550.06  10.207
550.27  10.216
550.47  10.224
550.67  10.233
550.88  10.241
551.08  10.250
551.28  10.258
551.49  10.267
551.69  10.275
551.89  10.284
552.09  10.292
552.30  10.300
552.50  10.308
552.70  10.317
552.91  10.325
553.11  10.333
553.31  10.341
553.52  10.349
553.72  10.356
553.92  10.364
554.13  10.372
554.33  10.379
554.53  10.387
554.74  10.394
554.94  10.401
555.14  10.408
555.35  10.415
555.55  10.422
555.75  10.429
555.96  10.435
556.16  10.442
556.36  10.448
556.57  10.455
556.77  10.462
556.97  10.468
557.17  10.475
557.38  10.481
557.58  10.488
557.78  10.495
557.99  10.502
558.19  10.508
558.39  10.515
558.60  10.522
558.80  10.529
559.00  10.536
559.21  10.543
559.41  10.550
559.61  10.558
559.82  10.565
560.02  10.572
560.22  10.580
560.43  10.587
560.63  10.594
560.83  10.602
561.04  10.609
561.24  10.617
561.44  10.625
561.65  10.632
561.85  10.640
562.05  10.648
562.25  10.655
562.46  10.663
562.66  10.670
562.86  10.677
563.07  10.684
563.27  10.691
563.47  10.697
563.68  10.704
563.88  10.711
564.08  10.718
564.29  10.725
564.49  10.732
564.69  10.739
564.90  10.747
565.10  10.754
565.30  10.762
565.51  10.769
565.71  10.777
565.91  10.785
566.12  10.792
566.32  10.799
566.52  10.807
566.73  10.814
566.93  10.821
567.13  10.829
567.33  10.836
567.54  10.843
567.74  10.849
567.94  10.856
568.15  10.863
568.35  10.869
568.55  10.876
568.76  10.882
568.96  10.888
569.16  10.895
569.37  10.901
569.57  10.908
569.77  10.915
569.98  10.921
570.18  10.928
570.38  10.935
570.59  10.941
570.79  10.948
570.99  10.955
571.20  10.962
571.40  10.968
571.60  10.975
571.81  10.982
572.01  10.989
572.21  10.995
572.41  11.002
572.62  11.009
572.82  11.016
573.02  11.024
573.23  11.031
573.43  11.038
573.63  11.045
573.84  11.052
574.04  11.059
574.24  11.067
574.45  11.074
574.65  11.081
574.85  11.088
575.06  11.095
575.26  11.102
575.46  11.109
575.67  11.116
575.87  11.123
576.07  11.130
576.28  11.136
576.48  11.143
576.68  11.150
576.89  11.157
577.09  11.163
577.29  11.170
577.49  11.176
577.70  11.182
577.90  11.187
578.10  11.193
578.31  11.199
578.51  11.205
578.71  11.210
578.92  11.216
579.12  11.223
579.32  11.229
579.53  11.236
579.73  11.243
