  
  DOI/GTN-P Deep Borehole Array, Arctic Alaska 
             U.S. Geological Survey 
            Processed Temperature Log 
                    28-Aug-2013 
________________________________________________ 
  
Temperature Log Information: 
  Well name:   North Kalikpik Test Well #1 
  File name:   NKP_07AUG08_c_d 
  Log date:    08-AUG-2007 
  
Contact Information: 
  Gary Clow 
  U.S. Geological Survey 
  clow@usgs.gov 
  
Definitions: 
  Depth:        Depth below local ground surface (m) 
  Temperature:  ITS-90 temperature (°C) 
________________________________________________ 
             
 Depth  Temperature 
  5.89  -7.987
  5.92  -7.990
  5.98  -7.994
  6.05  -7.999
  6.11  -8.005
  6.17  -8.013
  6.22  -8.022
  6.27  -8.031
  6.32  -8.040
  6.35  -8.050
  6.50  -8.084
  6.56  -8.095
  6.61  -8.107
  6.67  -8.119
  6.77  -8.143
  6.82  -8.154
  6.87  -8.165
  6.92  -8.173
  6.97  -8.179
  7.02  -8.185
  7.07  -8.192
  7.11  -8.199
  7.16  -8.206
  7.21  -8.213
  7.26  -8.221
  7.32  -8.229
  7.37  -8.236
  7.41  -8.244
  7.47  -8.252
  7.52  -8.260
  7.56  -8.268
  7.62  -8.276
  7.67  -8.283
  7.72  -8.290
  7.77  -8.296
  7.82  -8.302
  7.87  -8.308
  7.92  -8.314
  7.97  -8.319
  8.02  -8.325
  8.08  -8.330
  8.12  -8.335
  8.17  -8.340
  8.23  -8.345
  8.27  -8.350
  8.31  -8.355
  8.36  -8.359
  8.42  -8.363
  8.47  -8.367
  8.52  -8.370
  8.57  -8.374
  8.62  -8.377
  8.67  -8.379
  8.72  -8.382
  8.77  -8.385
  8.82  -8.387
  8.88  -8.389
  8.92  -8.391
  8.97  -8.392
  9.03  -8.394
  9.07  -8.395
  9.13  -8.397
  9.18  -8.398
  9.23  -8.399
  9.28  -8.400
  9.32  -8.401
  9.37  -8.402
  9.42  -8.403
  9.47  -8.404
  9.52  -8.404
  9.57  -8.405
  9.62  -8.405
 12.44  -8.274
 12.49  -8.270
 12.54  -8.267
 12.59  -8.263
 12.64  -8.259
 12.68  -8.255
 12.73  -8.251
 12.78  -8.247
 12.83  -8.243
 12.88  -8.239
 12.93  -8.236
 12.98  -8.232
 13.03  -8.228
 13.08  -8.224
 13.13  -8.221
 13.18  -8.217
 13.24  -8.214
 13.29  -8.211
 13.34  -8.208
 13.39  -8.205
 13.44  -8.202
 13.49  -8.199
 13.54  -8.197
 13.59  -8.194
 13.64  -8.192
 13.69  -8.190
 13.74  -8.187
 13.78  -8.185
 13.83  -8.183
 13.88  -8.181
 13.93  -8.179
 13.98  -8.177
 14.03  -8.175
 14.08  -8.173
 14.13  -8.171
 14.18  -8.168
 14.23  -8.166
 14.29  -8.164
 14.33  -8.162
 14.39  -8.160
 14.44  -8.158
 14.49  -8.156
 14.54  -8.154
 14.59  -8.153
 14.64  -8.151
 14.69  -8.150
 14.74  -8.148
 14.79  -8.147
 14.84  -8.145
 14.89  -8.144
 14.93  -8.143
 14.98  -8.143
 15.03  -8.142
 15.08  -8.141
 15.13  -8.141
 15.19  -8.141
 15.24  -8.140
 15.29  -8.140
 15.34  -8.140
 15.39  -8.140
 15.44  -8.140
 15.49  -8.140
 15.54  -8.140
 15.59  -8.141
 15.64  -8.141
 15.69  -8.141
 15.74  -8.142
 15.79  -8.142
 15.84  -8.143
 15.89  -8.144
 15.94  -8.144
 15.99  -8.145
 16.03  -8.146
 16.09  -8.147
 16.14  -8.148
 16.19  -8.149
 16.24  -8.150
 16.29  -8.151
 16.34  -8.152
 16.39  -8.153
 16.44  -8.154
 16.49  -8.156
 16.54  -8.157
 16.59  -8.159
 16.64  -8.160
 16.69  -8.161
 16.74  -8.163
 16.79  -8.165
 16.84  -8.166
 16.89  -8.168
 16.95  -8.170
 17.00  -8.171
 17.05  -8.173
 17.10  -8.175
 17.15  -8.177
 17.20  -8.178
 17.24  -8.180
 17.29  -8.182
 17.34  -8.184
 17.39  -8.186
 17.44  -8.188
 17.49  -8.190
 17.54  -8.192
 17.59  -8.194
 17.64  -8.196
 17.69  -8.198
 17.74  -8.200
 17.79  -8.202
 17.84  -8.204
 17.90  -8.206
 17.95  -8.208
 17.99  -8.210
 18.05  -8.212
 18.10  -8.214
 18.15  -8.217
 18.20  -8.219
 18.25  -8.221
 18.30  -8.224
 18.34  -8.226
 18.39  -8.228
 18.44  -8.231
 18.49  -8.233
 18.54  -8.235
 18.59  -8.238
 18.64  -8.240
 18.69  -8.243
 18.74  -8.245
 18.79  -8.247
 18.85  -8.250
 18.90  -8.252
 18.95  -8.254
 19.00  -8.256
 19.05  -8.258
 19.10  -8.260
 19.15  -8.262
 19.20  -8.264
 19.25  -8.266
 19.30  -8.269
 19.35  -8.271
 19.40  -8.273
 19.45  -8.275
 19.50  -8.277
 19.54  -8.280
 19.60  -8.282
 19.65  -8.285
 19.69  -8.287
 19.75  -8.290
 19.80  -8.293
 19.85  -8.295
 19.90  -8.298
 19.95  -8.301
 20.00  -8.304
 20.05  -8.307
 20.12  -8.311
 20.19  -8.314
 20.26  -8.317
 20.33  -8.321
 20.42  -8.324
 20.51  -8.328
 20.61  -8.331
 20.71  -8.335
 20.81  -8.339
 20.90  -8.343
 21.00  -8.348
 21.10  -8.352
 21.20  -8.357
 21.31  -8.361
 21.41  -8.366
 21.51  -8.371
 21.61  -8.376
 21.71  -8.381
 21.81  -8.385
 21.90  -8.390
 22.01  -8.395
 22.11  -8.400
 22.31  -8.410
 22.41  -8.415
 22.51  -8.420
 22.61  -8.425
 22.71  -8.429
 22.81  -8.434
 22.92  -8.438
 23.01  -8.443
 23.11  -8.447
 23.21  -8.452
 23.31  -8.456
 23.42  -8.461
 23.52  -8.465
 23.62  -8.470
 23.72  -8.474
 23.82  -8.478
 23.92  -8.483
 24.01  -8.487
 24.11  -8.491
 24.21  -8.495
 24.32  -8.500
 24.42  -8.504
 24.52  -8.508
 24.62  -8.512
 24.72  -8.516
 24.82  -8.520
 24.92  -8.524
 25.02  -8.528
 25.12  -8.531
 25.22  -8.535
 25.32  -8.538
 25.42  -8.542
 25.52  -8.545
 25.62  -8.548
 25.72  -8.552
 25.82  -8.555
 25.93  -8.557
 26.03  -8.560
 26.12  -8.563
 26.22  -8.566
 26.32  -8.568
 26.43  -8.570
 26.53  -8.573
 26.63  -8.575
 26.73  -8.577
 26.83  -8.579
 26.92  -8.581
 27.02  -8.583
 27.12  -8.585
 27.23  -8.586
 27.33  -8.588
 27.43  -8.589
 27.53  -8.590
 27.63  -8.591
 27.73  -8.592
 27.83  -8.593
 27.93  -8.594
 28.02  -8.595
 28.11  -8.595
 28.21  -8.596
 28.31  -8.596
 28.41  -8.597
 28.51  -8.597
 28.61  -8.598
 28.71  -8.598
 28.81  -8.598
 28.90  -8.599
 29.00  -8.599
 29.09  -8.599
 29.19  -8.599
 29.29  -8.599
 29.39  -8.600
 29.49  -8.600
 29.59  -8.600
 29.68  -8.600
 29.78  -8.600
 29.88  -8.600
 29.97  -8.600
 30.07  -8.600
 30.17  -8.600
 30.27  -8.600
 30.37  -8.600
 30.47  -8.600
 30.57  -8.600
 30.67  -8.600
 30.77  -8.600
 30.86  -8.601
 30.96  -8.601
 31.05  -8.601
 31.16  -8.601
 31.25  -8.601
 31.35  -8.601
 31.45  -8.601
 31.55  -8.601
 31.64  -8.601
 31.74  -8.601
 31.84  -8.601
 31.94  -8.601
 32.03  -8.601
 32.13  -8.601
 32.23  -8.601
 32.33  -8.601
 32.42  -8.601
 32.52  -8.601
 32.62  -8.601
 32.72  -8.600
 32.82  -8.600
 32.92  -8.600
 33.02  -8.600
 33.12  -8.600
 33.21  -8.599
 33.30  -8.599
 33.40  -8.598
 33.50  -8.598
 33.60  -8.598
 33.70  -8.597
 33.80  -8.597
 33.90  -8.596
 34.00  -8.595
 34.09  -8.595
 34.18  -8.594
 34.28  -8.594
 34.38  -8.593
 34.48  -8.592
 34.58  -8.591
 34.68  -8.591
 34.78  -8.590
 34.87  -8.589
 34.97  -8.588
 35.07  -8.587
 35.16  -8.586
 35.26  -8.585
 35.36  -8.584
 35.46  -8.583
 35.56  -8.582
 35.65  -8.581
 35.75  -8.580
 35.85  -8.579
 35.95  -8.578
 36.05  -8.577
 36.15  -8.576
 36.25  -8.575
 36.34  -8.573
 36.44  -8.572
 36.53  -8.571
 36.63  -8.569
 36.73  -8.568
 36.83  -8.567
 36.93  -8.565
 37.03  -8.564
 37.13  -8.562
 37.22  -8.560
 37.31  -8.559
 37.41  -8.557
 37.51  -8.556
 37.61  -8.554
 37.71  -8.552
 37.81  -8.550
 37.91  -8.549
 38.01  -8.547
 38.10  -8.545
 38.20  -8.543
 38.30  -8.542
 38.39  -8.540
 38.49  -8.538
 38.59  -8.536
 38.69  -8.535
 38.79  -8.533
 38.89  -8.531
 38.98  -8.529
 39.08  -8.527
 39.18  -8.526
 39.27  -8.524
 39.37  -8.522
 39.47  -8.520
 39.57  -8.518
 39.67  -8.516
 39.77  -8.515
 39.86  -8.513
 39.96  -8.511
 40.06  -8.509
 40.15  -8.507
 40.25  -8.505
 40.35  -8.503
 40.45  -8.501
 40.55  -8.499
 40.64  -8.497
 40.74  -8.495
 40.84  -8.493
 40.94  -8.491
 41.03  -8.489
 41.13  -8.487
 41.23  -8.486
 41.33  -8.484
 41.42  -8.482
 41.52  -8.480
 41.62  -8.479
 41.72  -8.477
 41.82  -8.476
 41.91  -8.474
 42.01  -8.472
 42.11  -8.471
 42.21  -8.469
 42.30  -8.467
 42.40  -8.466
 42.50  -8.464
 42.60  -8.462
 42.69  -8.460
 42.79  -8.458
 42.89  -8.456
 42.99  -8.454
 43.09  -8.451
 43.18  -8.448
 43.28  -8.446
 43.38  -8.443
 43.48  -8.440
 43.58  -8.437
 43.68  -8.434
 43.78  -8.431
 43.87  -8.428
 43.97  -8.425
 44.06  -8.422
 44.16  -8.419
 44.26  -8.415
 44.36  -8.412
 44.46  -8.409
 44.56  -8.406
 44.66  -8.403
 44.76  -8.400
 44.85  -8.397
 44.94  -8.394
 45.04  -8.391
 45.14  -8.388
 45.24  -8.385
 45.34  -8.382
 45.44  -8.379
 45.54  -8.376
 45.63  -8.372
 45.73  -8.369
 45.83  -8.366
 45.92  -8.362
 46.02  -8.359
 46.12  -8.355
 46.22  -8.351
 46.32  -8.348
 46.41  -8.344
 46.51  -8.340
 46.61  -8.336
 46.71  -8.332
 46.81  -8.327
 46.90  -8.323
 47.00  -8.319
 47.10  -8.315
 47.20  -8.311
 47.29  -8.307
 47.39  -8.303
 47.49  -8.299
 47.59  -8.294
 47.69  -8.290
 47.79  -8.286
 47.89  -8.282
 47.98  -8.278
 48.07  -8.274
 48.17  -8.270
 48.27  -8.266
 48.37  -8.262
 48.47  -8.258
 48.57  -8.254
 48.67  -8.250
 48.76  -8.246
 48.86  -8.242
 48.96  -8.238
 49.05  -8.234
 49.15  -8.230
 49.25  -8.227
 49.35  -8.223
 49.45  -8.220
 49.55  -8.216
 49.65  -8.213
 49.74  -8.209
 49.84  -8.206
 49.94  -8.202
 50.04  -8.199
 50.13  -8.196
 50.23  -8.192
 50.33  -8.189
 50.43  -8.185
 50.53  -8.182
 50.62  -8.178
 50.72  -8.175
 50.82  -8.171
 50.92  -8.168
 51.02  -8.164
 51.12  -8.161
 51.22  -8.157
 51.31  -8.153
 51.41  -8.149
 51.50  -8.146
 51.60  -8.142
 51.70  -8.138
 51.80  -8.134
 51.90  -8.131
 52.00  -8.127
 52.09  -8.123
 52.19  -8.119
 52.29  -8.115
 52.39  -8.111
 52.48  -8.107
 52.58  -8.103
 52.68  -8.098
 52.78  -8.094
 52.88  -8.090
 52.97  -8.086
 53.07  -8.082
 53.17  -8.077
 53.27  -8.073
 53.37  -8.069
 53.47  -8.064
 53.56  -8.060
 53.66  -8.056
 53.75  -8.052
 53.85  -8.047
 53.95  -8.043
 54.05  -8.039
 54.15  -8.035
 54.25  -8.031
 54.35  -8.027
 54.44  -8.023
 54.54  -8.019
 54.64  -8.014
 54.73  -8.010
 54.83  -8.006
 54.93  -8.002
 55.03  -7.998
 55.13  -7.994
 55.23  -7.990
 55.33  -7.986
 55.43  -7.982
 55.52  -7.978
 55.62  -7.974
 55.72  -7.970
 55.81  -7.965
 55.91  -7.961
 56.01  -7.957
 56.11  -7.953
 56.21  -7.949
 56.31  -7.945
 56.40  -7.941
 56.50  -7.937
 56.60  -7.933
 56.70  -7.929
 56.80  -7.925
 56.90  -7.921
 56.99  -7.917
 57.09  -7.913
 57.19  -7.910
 57.29  -7.906
 57.38  -7.903
 57.48  -7.899
 57.58  -7.896
 57.68  -7.892
 57.78  -7.889
 57.88  -7.885
 57.98  -7.882
 58.07  -7.878
 58.16  -7.875
 58.26  -7.871
 58.36  -7.867
 58.46  -7.864
 58.56  -7.860
 58.66  -7.857
 58.76  -7.853
 58.86  -7.849
 58.95  -7.845
 59.05  -7.841
 59.15  -7.838
 59.24  -7.834
 59.34  -7.830
 59.44  -7.826
 59.54  -7.822
 59.64  -7.818
 59.74  -7.814
 59.83  -7.809
 59.93  -7.805
 60.03  -7.801
 60.13  -7.797
 60.23  -7.792
 60.33  -7.788
 60.42  -7.783
 60.52  -7.779
 60.62  -7.774
 60.72  -7.770
 60.82  -7.765
 60.91  -7.761
 61.01  -7.756
 61.11  -7.751
 61.21  -7.746
 61.31  -7.742
 61.41  -7.737
 61.51  -7.732
 61.60  -7.727
 61.70  -7.722
 61.80  -7.717
 61.90  -7.712
 61.99  -7.707
 62.09  -7.702
 62.19  -7.697
 62.29  -7.691
 62.39  -7.686
 62.49  -7.681
 62.59  -7.676
 62.68  -7.671
 62.78  -7.666
 62.88  -7.661
 62.98  -7.656
 63.07  -7.651
 63.17  -7.646
 63.27  -7.641
 63.37  -7.636
 63.47  -7.632
 63.57  -7.628
 63.67  -7.623
 63.77  -7.619
 63.86  -7.615
 63.95  -7.611
 64.05  -7.607
 64.15  -7.603
 64.25  -7.599
 64.35  -7.595
 64.45  -7.591
 64.55  -7.587
 64.65  -7.583
 64.75  -7.579
 64.85  -7.575
 64.95  -7.571
 65.04  -7.567
 65.13  -7.562
 65.23  -7.558
 65.33  -7.554
 65.43  -7.550
 65.53  -7.545
 65.63  -7.541
 65.73  -7.537
 65.82  -7.532
 65.92  -7.528
 66.02  -7.524
 66.11  -7.520
 66.21  -7.515
 66.31  -7.511
 66.41  -7.507
 66.50  -7.502
 66.60  -7.498
 66.70  -7.494
 66.80  -7.490
 66.90  -7.486
 66.99  -7.481
 67.09  -7.477
 67.19  -7.473
 67.28  -7.469
 67.38  -7.464
 67.48  -7.460
 67.57  -7.455
 67.67  -7.451
 67.77  -7.446
 67.86  -7.442
 67.96  -7.437
 68.05  -7.432
 68.15  -7.427
 68.24  -7.422
 68.33  -7.417
 68.43  -7.412
 68.53  -7.407
 68.62  -7.402
 68.72  -7.397
 68.82  -7.391
 68.91  -7.386
 69.01  -7.381
 69.10  -7.376
 69.20  -7.370
 69.29  -7.365
 69.39  -7.360
 69.48  -7.354
 69.58  -7.349
 69.68  -7.343
 69.77  -7.338
 69.87  -7.332
 69.97  -7.326
 70.06  -7.321
 70.16  -7.315
 70.25  -7.310
 70.35  -7.304
 70.45  -7.299
 70.54  -7.293
 70.63  -7.288
 70.73  -7.283
 70.83  -7.278
 70.92  -7.272
 71.02  -7.267
 71.12  -7.263
 71.21  -7.258
 71.31  -7.254
 71.40  -7.249
 71.50  -7.245
 71.60  -7.241
 71.69  -7.237
 71.78  -7.233
 71.88  -7.229
 71.98  -7.224
 72.08  -7.220
 72.17  -7.216
 72.27  -7.212
 72.37  -7.208
 72.46  -7.204
 72.56  -7.199
 72.65  -7.195
 72.75  -7.191
 72.84  -7.186
 72.94  -7.182
 73.03  -7.177
 73.13  -7.172
 73.23  -7.167
 73.32  -7.163
 73.42  -7.158
 73.52  -7.153
 73.61  -7.148
 73.71  -7.143
 73.80  -7.139
 73.90  -7.133
 73.99  -7.128
 74.09  -7.123
 74.19  -7.117
 74.28  -7.112
 74.38  -7.106
 74.47  -7.100
 74.57  -7.094
 74.67  -7.088
 74.76  -7.082
 74.86  -7.076
 74.96  -7.070
 75.05  -7.064
 75.14  -7.057
 75.24  -7.051
 75.34  -7.045
 75.43  -7.039
 75.53  -7.033
 75.63  -7.027
 75.72  -7.022
 75.81  -7.016
 75.91  -7.011
 76.01  -7.005
 76.10  -7.000
 76.20  -6.994
 76.29  -6.989
 76.39  -6.984
 76.49  -6.979
 76.58  -6.973
 76.68  -6.968
 76.78  -6.963
 76.88  -6.958
 76.97  -6.953
 77.06  -6.948
 77.16  -6.943
 77.26  -6.938
 77.35  -6.934
 77.44  -6.929
 77.54  -6.925
 77.64  -6.920
 77.73  -6.916
 77.83  -6.911
 77.93  -6.907
 78.02  -6.902
 78.12  -6.898
 78.21  -6.894
 78.31  -6.889
 78.41  -6.885
 78.50  -6.880
 78.59  -6.876
 78.69  -6.871
 78.79  -6.866
 78.88  -6.861
 78.98  -6.856
 79.08  -6.851
 79.17  -6.846
 79.27  -6.840
 79.36  -6.835
 79.46  -6.830
 79.56  -6.824
 79.65  -6.819
 79.74  -6.814
 79.84  -6.809
 79.94  -6.803
 80.03  -6.798
 80.13  -6.793
 80.23  -6.787
 80.32  -6.782
 80.42  -6.776
 80.51  -6.771
 80.61  -6.766
 80.71  -6.761
 80.80  -6.755
 80.89  -6.750
 80.99  -6.745
 81.09  -6.740
 81.18  -6.734
 81.28  -6.729
 81.38  -6.724
 81.47  -6.719
 81.56  -6.714
 81.66  -6.709
 81.76  -6.704
 81.85  -6.699
 81.95  -6.695
 82.04  -6.690
 82.14  -6.686
 82.24  -6.681
 82.33  -6.677
 82.43  -6.673
 82.53  -6.668
 82.62  -6.664
 82.72  -6.659
 82.81  -6.655
 82.91  -6.651
 83.00  -6.646
 83.10  -6.642
 83.19  -6.637
 83.29  -6.633
 83.39  -6.628
 83.48  -6.624
 83.58  -6.619
 83.68  -6.615
 83.77  -6.610
 83.87  -6.605
 83.96  -6.601
 84.06  -6.596
 84.15  -6.591
 84.25  -6.586
 84.34  -6.581
 84.44  -6.576
 84.54  -6.571
 84.64  -6.566
 84.73  -6.560
 84.83  -6.554
 84.92  -6.548
 85.02  -6.542
 85.12  -6.535
 85.21  -6.528
 85.30  -6.521
 85.40  -6.513
 85.50  -6.506
 85.59  -6.499
 85.69  -6.492
 85.79  -6.485
 85.88  -6.477
 85.98  -6.470
 86.07  -6.463
 86.17  -6.456
 86.27  -6.450
 86.36  -6.443
 86.45  -6.437
 86.55  -6.432
 86.65  -6.426
 86.74  -6.421
 86.84  -6.416
 86.94  -6.411
 87.04  -6.406
 87.13  -6.401
 87.22  -6.397
 87.32  -6.392
 87.42  -6.388
 87.51  -6.384
 87.61  -6.379
 87.70  -6.375
 87.80  -6.370
 87.89  -6.366
 87.99  -6.360
 88.09  -6.355
 88.18  -6.349
 88.28  -6.343
 88.37  -6.337
 88.47  -6.330
 88.56  -6.324
 88.66  -6.318
 88.75  -6.312
 88.85  -6.306
 88.95  -6.300
 89.05  -6.294
 89.14  -6.288
 89.24  -6.282
 89.33  -6.276
 89.43  -6.270
 89.52  -6.265
 89.62  -6.259
 89.71  -6.254
 89.81  -6.249
 89.90  -6.243
 90.00  -6.238
 90.10  -6.233
 90.19  -6.228
 90.29  -6.223
 90.38  -6.217
 90.48  -6.212
 90.58  -6.207
 90.67  -6.201
 90.76  -6.196
 90.86  -6.191
 90.96  -6.186
 91.05  -6.180
 91.15  -6.175
 91.25  -6.170
 91.34  -6.165
 91.44  -6.159
 91.53  -6.154
 91.63  -6.149
 91.73  -6.144
 91.83  -6.138
 91.92  -6.133
 92.01  -6.128
 92.11  -6.123
 92.20  -6.117
 92.30  -6.112
 92.40  -6.106
 92.49  -6.100
 92.59  -6.094
 92.69  -6.088
 92.78  -6.081
 92.88  -6.075
 92.97  -6.068
 93.06  -6.061
 93.16  -6.055
 93.26  -6.048
 93.35  -6.041
 93.45  -6.034
 93.55  -6.027
 93.64  -6.021
 93.74  -6.014
 93.84  -6.008
 93.93  -6.002
 94.03  -5.997
 94.12  -5.993
 94.21  -5.989
 94.31  -5.986
 94.41  -5.983
 94.51  -5.980
 94.60  -5.977
 94.70  -5.974
 94.79  -5.971
 94.89  -5.968
 94.99  -5.965
 95.08  -5.961
 95.18  -5.957
 95.27  -5.954
 95.37  -5.950
 95.46  -5.946
 95.56  -5.941
 95.66  -5.937
 95.75  -5.932
 95.85  -5.927
 95.95  -5.922
 96.04  -5.916
 96.14  -5.911
 96.24  -5.905
 96.33  -5.900
 96.42  -5.894
 96.52  -5.888
 96.62  -5.883
 96.71  -5.877
 96.81  -5.871
 96.91  -5.865
 97.00  -5.860
 97.10  -5.854
 97.19  -5.849
 97.29  -5.843
 97.38  -5.838
 97.48  -5.833
 97.57  -5.828
 97.67  -5.823
 97.77  -5.818
 97.86  -5.814
 97.96  -5.809
 98.06  -5.803
 98.16  -5.798
 98.25  -5.793
 98.35  -5.788
 98.44  -5.783
 98.53  -5.778
 98.63  -5.772
 98.73  -5.767
 98.83  -5.761
 98.92  -5.755
 99.02  -5.750
 99.11  -5.744
 99.21  -5.738
 99.31  -5.732
 99.40  -5.726
 99.50  -5.720
 99.59  -5.714
 99.69  -5.709
 99.79  -5.703
 99.88  -5.697
 99.98  -5.691
100.07  -5.686
100.17  -5.680
100.27  -5.674
100.36  -5.669
100.46  -5.663
100.55  -5.658
100.64  -5.653
100.74  -5.647
100.84  -5.642
100.94  -5.637
101.03  -5.632
101.13  -5.626
101.23  -5.621
101.32  -5.616
101.42  -5.611
101.52  -5.605
101.61  -5.600
101.70  -5.595
101.80  -5.590
101.90  -5.585
101.99  -5.581
102.09  -5.576
102.19  -5.571
102.28  -5.566
102.38  -5.561
102.48  -5.556
102.57  -5.551
102.67  -5.546
102.76  -5.541
102.85  -5.536
102.95  -5.531
103.05  -5.526
103.15  -5.521
103.25  -5.515
103.34  -5.510
103.44  -5.505
103.53  -5.500
103.63  -5.495
103.73  -5.490
103.82  -5.484
103.92  -5.479
104.01  -5.473
104.11  -5.467
104.20  -5.461
104.30  -5.455
104.40  -5.449
104.50  -5.443
104.59  -5.436
104.69  -5.430
104.78  -5.424
104.88  -5.417
104.97  -5.411
105.07  -5.404
105.16  -5.398
105.26  -5.391
105.36  -5.385
105.45  -5.378
105.55  -5.372
105.65  -5.366
105.74  -5.361
105.84  -5.355
105.94  -5.350
106.03  -5.345
106.12  -5.339
106.22  -5.334
106.32  -5.329
106.41  -5.325
106.50  -5.320
106.60  -5.315
106.69  -5.310
106.79  -5.305
106.88  -5.301
106.97  -5.296
107.06  -5.292
107.16  -5.288
107.25  -5.284
107.34  -5.280
107.44  -5.276
107.54  -5.272
107.63  -5.268
107.72  -5.264
107.82  -5.259
107.91  -5.253
108.00  -5.247
108.09  -5.240
108.19  -5.234
108.28  -5.227
108.38  -5.220
108.47  -5.214
108.57  -5.207
108.66  -5.201
108.76  -5.195
108.85  -5.189
108.94  -5.184
109.03  -5.179
109.12  -5.174
109.22  -5.169
109.31  -5.165
109.41  -5.161
109.50  -5.158
109.60  -5.155
109.69  -5.153
109.79  -5.150
109.88  -5.147
109.97  -5.145
110.06  -5.142
110.15  -5.139
110.25  -5.137
110.34  -5.133
110.44  -5.130
110.53  -5.127
110.62  -5.123
110.72  -5.118
110.81  -5.113
110.91  -5.106
111.00  -5.098
111.09  -5.090
111.18  -5.081
111.28  -5.072
111.37  -5.064
111.47  -5.055
111.56  -5.046
111.66  -5.038
111.75  -5.030
111.84  -5.023
111.94  -5.016
112.04  -5.009
112.12  -5.002
112.21  -4.995
112.31  -4.988
112.40  -4.982
112.50  -4.976
112.59  -4.970
112.69  -4.964
112.78  -4.959
112.88  -4.954
112.97  -4.948
113.06  -4.943
113.15  -4.939
113.24  -4.934
113.34  -4.929
113.43  -4.925
113.53  -4.921
113.62  -4.916
113.72  -4.912
113.81  -4.908
113.91  -4.903
114.00  -4.899
114.09  -4.894
114.18  -4.889
114.27  -4.885
114.37  -4.880
114.46  -4.876
114.55  -4.871
114.65  -4.867
114.74  -4.862
114.84  -4.858
114.93  -4.853
115.03  -4.849
115.12  -4.844
115.21  -4.840
115.30  -4.835
115.40  -4.830
115.49  -4.825
115.59  -4.820
115.68  -4.815
115.78  -4.809
115.87  -4.804
115.96  -4.799
116.06  -4.793
116.15  -4.788
116.24  -4.783
116.33  -4.778
116.43  -4.773
116.52  -4.768
116.62  -4.763
116.71  -4.758
116.81  -4.752
116.90  -4.747
116.99  -4.741
117.08  -4.735
117.18  -4.729
117.27  -4.723
117.36  -4.717
117.46  -4.711
117.55  -4.706
117.65  -4.701
117.74  -4.698
117.84  -4.694
117.93  -4.690
118.03  -4.687
118.12  -4.683
118.20  -4.679
118.30  -4.675
118.39  -4.670
118.49  -4.664
118.58  -4.658
118.68  -4.652
118.77  -4.646
118.87  -4.640
118.96  -4.634
119.06  -4.628
119.15  -4.622
119.24  -4.616
119.33  -4.610
119.42  -4.604
119.52  -4.599
119.62  -4.593
119.71  -4.587
119.80  -4.582
119.90  -4.577
119.99  -4.573
120.09  -4.568
120.18  -4.564
120.27  -4.559
120.36  -4.555
120.46  -4.550
120.55  -4.546
120.64  -4.541
120.74  -4.536
120.83  -4.531
120.93  -4.526
121.03  -4.521
121.11  -4.516
121.20  -4.511
121.30  -4.505
121.39  -4.500
121.49  -4.494
121.58  -4.488
121.68  -4.482
121.77  -4.476
121.87  -4.470
121.96  -4.464
122.06  -4.458
122.15  -4.452
122.24  -4.445
122.33  -4.439
122.43  -4.433
122.52  -4.427
122.61  -4.421
122.71  -4.416
122.80  -4.410
122.90  -4.404
123.00  -4.399
123.09  -4.394
123.18  -4.389
123.27  -4.384
123.36  -4.379
123.46  -4.374
123.55  -4.370
123.65  -4.365
123.74  -4.360
123.84  -4.356
123.93  -4.351
124.03  -4.346
124.12  -4.342
124.20  -4.338
124.30  -4.334
124.39  -4.330
124.49  -4.326
124.58  -4.322
124.68  -4.319
124.77  -4.315
124.87  -4.311
124.96  -4.308
125.05  -4.304
125.14  -4.300
125.24  -4.297
125.33  -4.293
125.43  -4.289
125.52  -4.286
125.61  -4.282
125.71  -4.278
125.80  -4.273
125.90  -4.269
125.99  -4.264
126.08  -4.259
126.17  -4.254
126.27  -4.249
126.36  -4.244
126.46  -4.239
126.55  -4.233
126.65  -4.228
126.74  -4.223
126.83  -4.217
126.93  -4.212
127.02  -4.206
127.11  -4.201
127.21  -4.195
127.30  -4.189
127.39  -4.183
127.49  -4.177
127.58  -4.171
127.68  -4.165
127.78  -4.159
127.87  -4.154
127.96  -4.148
128.05  -4.142
128.15  -4.136
128.24  -4.130
128.33  -4.124
128.43  -4.118
128.52  -4.112
128.62  -4.107
128.71  -4.101
128.80  -4.097
128.89  -4.092
128.98  -4.089
129.08  -4.085
129.18  -4.082
129.27  -4.079
129.37  -4.075
129.46  -4.072
129.55  -4.069
129.65  -4.066
129.73  -4.063
129.83  -4.060
129.93  -4.056
130.02  -4.053
130.12  -4.050
130.21  -4.046
130.31  -4.042
130.40  -4.038
130.49  -4.033
130.59  -4.028
130.68  -4.023
130.77  -4.018
130.86  -4.013
130.96  -4.007
131.05  -4.002
131.15  -3.997
131.25  -3.991
131.34  -3.986
131.44  -3.981
131.52  -3.975
131.61  -3.970
131.71  -3.965
131.80  -3.960
131.90  -3.955
131.99  -3.951
132.09  -3.947
132.18  -3.942
132.28  -3.938
132.37  -3.934
132.46  -3.930
132.55  -3.926
132.65  -3.922
132.74  -3.918
132.84  -3.914
132.93  -3.910
133.03  -3.905
133.12  -3.901
133.21  -3.897
133.30  -3.892
133.40  -3.888
133.49  -3.883
133.59  -3.878
133.68  -3.874
133.78  -3.869
133.87  -3.864
133.97  -3.859
134.05  -3.854
134.15  -3.848
134.24  -3.843
134.34  -3.838
134.43  -3.833
134.53  -3.827
134.62  -3.822
134.72  -3.816
134.81  -3.811
134.91  -3.806
134.99  -3.800
135.09  -3.795
135.18  -3.790
135.28  -3.785
135.37  -3.779
135.47  -3.774
135.56  -3.769
135.65  -3.764
135.75  -3.758
135.84  -3.753
135.93  -3.747
136.03  -3.742
136.12  -3.737
136.21  -3.731
136.31  -3.726
136.40  -3.722
136.50  -3.717
136.60  -3.713
136.69  -3.708
136.78  -3.704
136.87  -3.699
136.97  -3.695
137.06  -3.691
137.15  -3.686
137.25  -3.682
137.35  -3.678
137.44  -3.674
137.53  -3.670
137.62  -3.666
137.72  -3.661
137.81  -3.656
137.91  -3.650
138.01  -3.644
138.10  -3.637
138.20  -3.631
138.29  -3.624
138.38  -3.618
138.47  -3.612
138.56  -3.606
138.66  -3.602
138.76  -3.598
138.85  -3.595
138.94  -3.592
139.04  -3.589
139.13  -3.586
139.23  -3.584
139.32  -3.580
139.41  -3.577
139.51  -3.572
139.60  -3.568
139.70  -3.563
139.79  -3.559
139.89  -3.555
139.97  -3.550
140.07  -3.546
140.16  -3.542
140.26  -3.538
140.35  -3.535
140.45  -3.531
140.54  -3.527
140.64  -3.523
140.73  -3.519
140.82  -3.515
140.92  -3.510
141.01  -3.505
141.10  -3.499
141.20  -3.494
141.29  -3.489
141.39  -3.483
141.49  -3.477
141.58  -3.472
141.66  -3.466
141.76  -3.461
141.85  -3.455
141.95  -3.449
142.04  -3.444
142.14  -3.439
142.24  -3.433
142.33  -3.428
142.42  -3.423
142.51  -3.418
142.61  -3.414
142.70  -3.409
142.80  -3.405
142.89  -3.400
142.99  -3.396
143.08  -3.392
143.17  -3.388
143.26  -3.384
143.35  -3.380
143.45  -3.376
143.55  -3.372
143.64  -3.368
143.74  -3.364
143.83  -3.360
143.92  -3.356
144.01  -3.351
144.10  -3.346
144.19  -3.341
144.28  -3.336
144.38  -3.330
144.47  -3.325
144.56  -3.320
144.66  -3.315
144.75  -3.310
144.84  -3.305
144.92  -3.300
145.02  -3.295
145.11  -3.291
145.20  -3.286
145.30  -3.281
145.39  -3.275
145.48  -3.270
145.56  -3.265
145.65  -3.260
145.75  -3.255
145.84  -3.250
145.93  -3.245
146.02  -3.240
146.12  -3.235
146.21  -3.230
146.30  -3.225
146.39  -3.219
146.48  -3.214
146.57  -3.210
146.66  -3.205
146.76  -3.201
146.85  -3.198
146.94  -3.196
147.03  -3.194
147.12  -3.192
147.21  -3.190
147.30  -3.188
147.39  -3.186
147.49  -3.184
147.58  -3.182
147.68  -3.179
147.77  -3.176
147.85  -3.173
147.94  -3.169
148.03  -3.165
148.13  -3.161
148.22  -3.156
148.32  -3.150
148.41  -3.144
148.50  -3.137
148.59  -3.129
148.67  -3.122
148.77  -3.114
148.86  -3.106
148.95  -3.099
149.04  -3.092
149.14  -3.085
149.23  -3.078
149.32  -3.071
149.41  -3.064
149.50  -3.058
149.59  -3.051
149.69  -3.045
149.78  -3.039
149.87  -3.034
149.96  -3.029
150.06  -3.024
150.15  -3.019
150.23  -3.014
150.32  -3.010
150.42  -3.005
150.51  -3.001
150.60  -2.997
150.69  -2.993
150.78  -2.989
150.87  -2.985
150.97  -2.981
151.06  -2.977
151.15  -2.973
151.24  -2.969
151.33  -2.966
151.42  -2.962
151.52  -2.958
151.61  -2.955
151.70  -2.951
151.79  -2.947
151.88  -2.944
151.97  -2.940
152.06  -2.936
152.15  -2.933
152.25  -2.929
152.34  -2.925
152.43  -2.921
152.52  -2.917
152.61  -2.913
152.70  -2.908
152.79  -2.903
152.89  -2.898
152.98  -2.892
153.07  -2.887
153.17  -2.881
153.26  -2.876
153.34  -2.870
153.43  -2.864
153.53  -2.858
153.62  -2.853
153.71  -2.847
153.81  -2.841
153.90  -2.835
153.99  -2.829
154.08  -2.823
154.16  -2.817
154.26  -2.810
154.35  -2.804
154.44  -2.798
154.54  -2.792
154.63  -2.786
154.72  -2.780
154.81  -2.774
154.90  -2.768
154.99  -2.762
155.08  -2.756
155.17  -2.750
155.27  -2.745
155.36  -2.739
155.45  -2.733
155.54  -2.728
155.63  -2.723
155.72  -2.718
156.00  -2.705
156.09  -2.701
156.18  -2.696
156.27  -2.692
156.36  -2.688
156.45  -2.684
156.54  -2.681
156.63  -2.677
156.73  -2.673
156.82  -2.669
156.91  -2.665
157.00  -2.661
157.09  -2.656
157.19  -2.651
157.27  -2.646
157.36  -2.640
157.46  -2.635
157.55  -2.629
157.64  -2.624
157.74  -2.619
157.83  -2.614
157.91  -2.610
158.00  -2.606
158.09  -2.602
158.19  -2.598
158.28  -2.594
158.37  -2.590
158.47  -2.586
158.56  -2.581
158.65  -2.576
158.73  -2.572
158.82  -2.567
158.92  -2.562
159.01  -2.557
159.10  -2.551
159.20  -2.547
159.29  -2.542
159.38  -2.537
159.47  -2.533
159.55  -2.528
159.65  -2.524
159.74  -2.519
159.84  -2.514
159.93  -2.509
160.02  -2.503
160.11  -2.497
160.19  -2.491
160.29  -2.485
160.38  -2.479
160.47  -2.473
160.56  -2.467
160.66  -2.461
160.75  -2.456
160.84  -2.451
160.93  -2.446
161.02  -2.442
161.11  -2.437
161.20  -2.432
161.29  -2.428
161.39  -2.423
161.48  -2.418
161.57  -2.413
161.66  -2.407
161.75  -2.402
161.84  -2.396
161.93  -2.391
162.02  -2.386
162.12  -2.381
162.21  -2.376
162.30  -2.371
162.39  -2.366
162.48  -2.361
162.57  -2.356
162.66  -2.352
162.76  -2.347
162.85  -2.342
162.94  -2.337
163.03  -2.333
163.13  -2.328
163.22  -2.323
163.30  -2.319
163.39  -2.314
163.49  -2.310
163.58  -2.305
163.67  -2.301
163.77  -2.296
163.86  -2.291
163.95  -2.287
164.04  -2.282
164.12  -2.278
164.21  -2.273
164.31  -2.269
164.40  -2.265
164.49  -2.261
164.58  -2.257
164.68  -2.254
164.76  -2.250
164.85  -2.246
164.95  -2.242
165.04  -2.238
165.13  -2.234
165.23  -2.230
165.32  -2.225
165.41  -2.221
165.50  -2.216
165.59  -2.211
165.68  -2.206
165.77  -2.201
165.86  -2.196
165.96  -2.190
166.05  -2.185
166.14  -2.179
166.23  -2.173
166.32  -2.167
166.41  -2.161
166.50  -2.155
166.60  -2.149
166.69  -2.142
166.78  -2.136
166.87  -2.130
166.96  -2.124
167.06  -2.118
167.14  -2.112
167.24  -2.107
167.33  -2.101
167.42  -2.096
167.51  -2.091
167.60  -2.086
167.69  -2.081
167.79  -2.077
167.87  -2.072
167.96  -2.068
168.06  -2.063
168.15  -2.059
168.24  -2.054
168.34  -2.050
168.43  -2.045
168.52  -2.041
168.61  -2.037
168.69  -2.033
168.79  -2.029
168.88  -2.026
168.97  -2.022
169.06  -2.019
169.15  -2.015
169.25  -2.012
169.34  -2.008
169.43  -2.005
169.52  -2.002
169.61  -1.998
169.70  -1.995
169.80  -1.992
169.89  -1.988
169.98  -1.985
170.07  -1.981
170.16  -1.977
170.25  -1.973
170.34  -1.968
170.44  -1.963
170.53  -1.958
170.62  -1.953
170.71  -1.948
170.80  -1.943
170.89  -1.938
170.98  -1.933
171.07  -1.928
171.16  -1.922
171.26  -1.917
171.35  -1.912
171.44  -1.907
171.53  -1.902
171.63  -1.897
171.71  -1.892
171.81  -1.887
171.90  -1.882
171.99  -1.878
172.08  -1.873
172.17  -1.869
172.27  -1.864
172.35  -1.860
172.45  -1.855
172.54  -1.851
172.63  -1.846
172.72  -1.841
172.81  -1.837
172.90  -1.832
173.00  -1.827
173.09  -1.823
173.18  -1.818
173.27  -1.813
173.36  -1.808
173.45  -1.803
173.55  -1.798
173.64  -1.793
173.73  -1.788
173.82  -1.783
173.91  -1.777
174.00  -1.772
174.09  -1.767
174.18  -1.762
174.28  -1.757
174.37  -1.752
174.46  -1.747
174.55  -1.742
174.64  -1.736
174.73  -1.731
174.82  -1.725
174.92  -1.720
175.01  -1.714
175.10  -1.709
175.19  -1.704
175.29  -1.698
175.38  -1.693
175.46  -1.687
175.55  -1.682
175.65  -1.677
175.74  -1.672
175.83  -1.667
175.92  -1.662
176.02  -1.657
176.11  -1.652
176.20  -1.648
176.28  -1.644
176.38  -1.640
176.47  -1.636
176.56  -1.632
176.66  -1.628
176.75  -1.624
176.84  -1.620
176.92  -1.616
177.02  -1.611
177.11  -1.607
177.20  -1.603
177.30  -1.599
177.39  -1.595
177.48  -1.591
177.57  -1.588
177.66  -1.584
177.75  -1.581
177.84  -1.577
177.94  -1.573
178.03  -1.570
178.12  -1.566
178.21  -1.562
178.30  -1.557
178.40  -1.553
178.49  -1.548
178.57  -1.543
178.67  -1.538
178.76  -1.533
178.85  -1.528
178.94  -1.523
179.04  -1.518
179.13  -1.512
179.22  -1.507
179.31  -1.502
179.40  -1.496
179.49  -1.491
179.59  -1.485
179.68  -1.480
179.77  -1.474
179.86  -1.468
179.95  -1.463
180.04  -1.457
180.13  -1.451
180.22  -1.446
180.32  -1.441
180.41  -1.436
180.50  -1.431
180.60  -1.428
180.69  -1.424
180.78  -1.420
180.86  -1.417
180.95  -1.414
181.04  -1.410
181.14  -1.407
181.23  -1.404
181.32  -1.400
181.41  -1.397
181.50  -1.393
181.58  -1.389
181.67  -1.386
181.76  -1.382
181.85  -1.378
181.94  -1.373
182.03  -1.368
182.12  -1.363
182.20  -1.358
182.29  -1.353
182.38  -1.348
182.47  -1.342
182.57  -1.337
182.65  -1.332
182.74  -1.326
182.83  -1.321
182.92  -1.315
183.01  -1.310
183.10  -1.304
183.19  -1.298
183.28  -1.293
183.37  -1.288
183.46  -1.282
183.55  -1.277
183.64  -1.272
183.73  -1.267
183.81  -1.262
183.90  -1.257
184.00  -1.252
184.08  -1.247
184.17  -1.242
184.26  -1.236
184.36  -1.231
184.44  -1.226
184.53  -1.221
184.62  -1.216
184.71  -1.211
184.80  -1.205
184.89  -1.200
184.98  -1.195
185.07  -1.190
185.16  -1.184
185.24  -1.179
185.33  -1.174
185.42  -1.168
185.51  -1.163
185.60  -1.158
185.69  -1.153
185.78  -1.148
185.87  -1.143
185.96  -1.138
186.04  -1.133
186.13  -1.128
186.23  -1.123
186.32  -1.119
186.41  -1.114
186.50  -1.110
186.59  -1.105
186.67  -1.101
186.76  -1.096
186.85  -1.092
186.94  -1.088
187.03  -1.084
187.12  -1.079
187.21  -1.075
187.30  -1.071
187.39  -1.067
187.47  -1.063
187.56  -1.059
187.65  -1.055
187.74  -1.051
187.83  -1.047
187.92  -1.044
188.01  -1.040
188.10  -1.036
188.19  -1.032
188.27  -1.028
188.36  -1.025
188.46  -1.021
188.55  -1.017
188.64  -1.013
188.73  -1.010
188.82  -1.006
188.90  -1.002
188.99  -0.998
189.08  -0.994
189.17  -0.990
189.26  -0.986
189.35  -0.982
189.44  -0.978
189.53  -0.974
189.62  -0.970
189.70  -0.966
189.79  -0.961
189.88  -0.957
189.97  -0.953
190.06  -0.949
190.15  -0.945
190.24  -0.941
190.33  -0.937
190.42  -0.933
190.50  -0.930
190.59  -0.926
190.68  -0.923
190.77  -0.919
190.87  -0.916
190.96  -0.912
191.05  -0.909
191.13  -0.906
191.22  -0.902
191.31  -0.899
191.40  -0.895
191.49  -0.892
191.58  -0.888
191.67  -0.885
191.76  -0.881
191.85  -0.877
191.93  -0.874
192.02  -0.870
192.11  -0.866
192.20  -0.862
192.29  -0.858
192.38  -0.854
192.47  -0.849
192.56  -0.845
192.65  -0.841
192.73  -0.837
192.82  -0.833
192.91  -0.828
193.00  -0.824
193.10  -0.819
193.18  -0.815
193.27  -0.810
193.36  -0.805
193.45  -0.799
193.54  -0.794
193.63  -0.788
193.72  -0.783
193.81  -0.777
193.90  -0.772
193.99  -0.766
194.08  -0.760
194.16  -0.755
194.25  -0.749
194.34  -0.743
194.43  -0.738
194.52  -0.732
194.61  -0.727
194.70  -0.723
194.79  -0.719
194.88  -0.716
194.96  -0.713
195.05  -0.710
195.14  -0.707
195.23  -0.705
195.32  -0.702
195.41  -0.700
195.50  -0.697
195.60  -0.694
195.68  -0.691
195.77  -0.688
195.86  -0.685
195.95  -0.682
196.04  -0.678
196.13  -0.674
196.22  -0.670
196.31  -0.665
196.39  -0.660
196.48  -0.654
196.57  -0.649
196.66  -0.644
196.75  -0.638
196.84  -0.632
196.93  -0.627
197.02  -0.621
197.11  -0.616
197.19  -0.611
197.28  -0.606
197.37  -0.601
197.46  -0.596
197.55  -0.592
197.64  -0.588
197.73  -0.584
197.82  -0.581
197.91  -0.577
198.00  -0.574
198.09  -0.571
198.17  -0.568
198.26  -0.566
198.35  -0.563
198.44  -0.560
198.53  -0.557
198.62  -0.554
198.71  -0.551
198.80  -0.548
198.89  -0.545
198.98  -0.542
199.06  -0.539
199.15  -0.535
199.25  -0.531
199.34  -0.527
199.42  -0.522
199.51  -0.518
199.60  -0.514
199.69  -0.510
199.78  -0.505
199.87  -0.501
199.96  -0.497
200.02  -0.493
