  
  DOI/GTN-P Deep Borehole Array, Arctic Alaska 
             U.S. Geological Survey 
            Processed Temperature Log 
                    28-Aug-2013 
________________________________________________ 
  
Temperature Log Information: 
  Well name:   Peard Test Well #1 
  File name:   PEA_07JUL23_c_d 
  Log date:    23-JUL-2007 
  
Contact Information: 
  Gary Clow 
  U.S. Geological Survey 
  clow@usgs.gov 
  
Definitions: 
  Depth:        Depth below local ground surface (m) 
  Temperature:  ITS-90 temperature (°C) 
________________________________________________ 
             
 Depth  Temperature 
  7.74  -6.383
  7.75  -6.382
  7.79  -6.382
  7.86  -6.382
  7.93  -6.381
  7.99  -6.381
  8.06  -6.380
  8.12  -6.380
  8.17  -6.379
  8.23  -6.379
  8.28  -6.378
  8.33  -6.377
  8.39  -6.377
  8.44  -6.376
  8.49  -6.375
  8.54  -6.374
  8.59  -6.373
  8.65  -6.373
  8.70  -6.372
  8.75  -6.371
  8.80  -6.369
  8.86  -6.368
  8.91  -6.367
  8.96  -6.366
  9.02  -6.365
  9.07  -6.363
  9.12  -6.362
  9.17  -6.361
  9.23  -6.360
  9.27  -6.358
  9.33  -6.357
  9.38  -6.356
  9.43  -6.355
  9.48  -6.353
  9.53  -6.352
  9.59  -6.351
  9.64  -6.350
  9.69  -6.349
  9.75  -6.348
  9.80  -6.348
  9.85  -6.347
  9.91  -6.346
  9.96  -6.346
 10.01  -6.345
 10.06  -6.344
 10.12  -6.344
 10.17  -6.343
 10.22  -6.343
 10.27  -6.342
 10.33  -6.342
 10.38  -6.341
 10.42  -6.341
 10.48  -6.340
 10.53  -6.340
 10.58  -6.340
 10.63  -6.339
 10.69  -6.339
 10.74  -6.339
 10.79  -6.338
 10.85  -6.338
 10.90  -6.338
 10.95  -6.338
 11.00  -6.337
 11.06  -6.337
 11.11  -6.337
 11.16  -6.337
 11.21  -6.337
 11.27  -6.337
 11.32  -6.337
 11.38  -6.337
 11.43  -6.337
 11.48  -6.337
 11.53  -6.337
 11.59  -6.337
 11.63  -6.337
 11.74  -6.337
 11.79  -6.337
 11.84  -6.337
 11.90  -6.337
 11.95  -6.337
 12.01  -6.337
 12.06  -6.337
 12.11  -6.337
 12.16  -6.337
 12.22  -6.337
 12.27  -6.338
 12.32  -6.338
 12.38  -6.338
 12.43  -6.338
 12.48  -6.338
 12.53  -6.338
 12.58  -6.339
 12.64  -6.339
 12.69  -6.340
 12.74  -6.341
 12.79  -6.342
 12.84  -6.342
 12.89  -6.343
 12.95  -6.343
 13.00  -6.344
 13.05  -6.344
 13.10  -6.344
 13.16  -6.345
 13.21  -6.345
 13.26  -6.346
 13.31  -6.347
 13.37  -6.348
 13.42  -6.349
 13.47  -6.350
 13.53  -6.352
 13.58  -6.354
 13.63  -6.356
 13.68  -6.359
 13.74  -6.363
 13.79  -6.367
 13.84  -6.373
 13.90  -6.379
 13.94  -6.386
 14.00  -6.393
 14.05  -6.401
 14.10  -6.409
 14.16  -6.417
 14.21  -6.426
 14.26  -6.435
 14.32  -6.444
 14.37  -6.452
 14.42  -6.461
 14.48  -6.470
 14.53  -6.479
 14.58  -6.488
 14.63  -6.497
 14.69  -6.505
 14.74  -6.512
 14.80  -6.520
 14.86  -6.527
 14.91  -6.535
 14.96  -6.542
 15.01  -6.549
 15.07  -6.555
 15.12  -6.562
 15.17  -6.569
 15.22  -6.576
 15.28  -6.583
 15.33  -6.589
 15.39  -6.596
 15.44  -6.602
 15.50  -6.609
 15.55  -6.615
 15.60  -6.622
 15.66  -6.628
 15.71  -6.635
 15.76  -6.642
 15.82  -6.649
 15.87  -6.655
 15.92  -6.662
 15.98  -6.668
 16.03  -6.674
 16.08  -6.681
 16.13  -6.687
 16.18  -6.693
 16.24  -6.700
 16.29  -6.707
 16.34  -6.714
 16.39  -6.723
 16.45  -6.732
 16.51  -6.742
 16.57  -6.752
 16.62  -6.762
 16.68  -6.772
 16.73  -6.782
 16.79  -6.791
 16.84  -6.800
 16.89  -6.809
 16.95  -6.817
 17.00  -6.825
 17.05  -6.833
 17.11  -6.840
 17.16  -6.848
 17.22  -6.855
 17.28  -6.862
 17.33  -6.869
 17.38  -6.876
 17.43  -6.883
 17.49  -6.890
 17.54  -6.897
 17.59  -6.903
 17.64  -6.909
 17.69  -6.915
 17.75  -6.921
 17.80  -6.927
 17.85  -6.933
 17.90  -6.939
 17.96  -6.945
 18.01  -6.952
 18.07  -6.958
 18.12  -6.966
 18.18  -6.974
 18.23  -6.982
 18.28  -6.990
 18.33  -6.998
 18.38  -7.007
 18.44  -7.015
 18.49  -7.024
 18.54  -7.032
 18.60  -7.040
 18.65  -7.049
 18.70  -7.057
 18.75  -7.065
 18.80  -7.072
 18.86  -7.080
 18.91  -7.087
 18.97  -7.093
 19.02  -7.098
 19.07  -7.104
 19.13  -7.109
 19.18  -7.113
 19.23  -7.118
 19.29  -7.123
 19.35  -7.127
 19.40  -7.132
 19.45  -7.136
 19.51  -7.141
 19.56  -7.145
 19.62  -7.150
 19.67  -7.155
 19.72  -7.160
 19.78  -7.165
 19.83  -7.171
 19.88  -7.177
 19.94  -7.183
 19.99  -7.189
 20.04  -7.196
 20.10  -7.203
 20.16  -7.209
 20.24  -7.216
 20.32  -7.223
 20.39  -7.230
 20.47  -7.236
 20.56  -7.243
 20.70  -7.250
 20.81  -7.257
 20.90  -7.263
 20.99  -7.271
 21.09  -7.279
 21.24  -7.288
 21.35  -7.297
 21.43  -7.306
 21.52  -7.313
 21.61  -7.320
 21.70  -7.327
 21.81  -7.334
 21.91  -7.342
 22.02  -7.351
 22.12  -7.359
 22.21  -7.368
 22.30  -7.376
 22.41  -7.384
 22.52  -7.391
 22.63  -7.398
 22.73  -7.405
 22.83  -7.412
 22.93  -7.418
 23.03  -7.424
 23.12  -7.430
 23.23  -7.435
 23.32  -7.441
 23.42  -7.447
 23.52  -7.452
 23.62  -7.458
 23.73  -7.464
 23.83  -7.469
 23.93  -7.475
 24.03  -7.481
 24.12  -7.486
 24.22  -7.492
 24.31  -7.499
 24.41  -7.505
 24.51  -7.512
 24.61  -7.519
 24.72  -7.526
 24.82  -7.533
 24.91  -7.540
 25.01  -7.547
 25.11  -7.554
 25.21  -7.561
 25.30  -7.568
 25.40  -7.574
 25.50  -7.581
 25.60  -7.588
 25.70  -7.595
 25.79  -7.601
 25.89  -7.608
 25.99  -7.614
 26.53  -7.674
 26.61  -7.679
 26.72  -7.685
 26.83  -7.690
 26.93  -7.695
 27.03  -7.700
 27.13  -7.705
 27.27  -7.710
 27.38  -7.715
 27.48  -7.720
 27.58  -7.725
 27.68  -7.729
 27.78  -7.733
 27.87  -7.738
 27.97  -7.742
 28.07  -7.746
 28.18  -7.750
 28.28  -7.754
 28.38  -7.757
 28.47  -7.761
 28.57  -7.764
 28.67  -7.767
 28.77  -7.770
 28.87  -7.772
 28.97  -7.775
 29.08  -7.777
 29.17  -7.780
 29.27  -7.782
 29.37  -7.784
 29.47  -7.786
 29.57  -7.788
 29.66  -7.790
 29.76  -7.792
 29.86  -7.795
 29.96  -7.797
 30.05  -7.799
 30.15  -7.801
 30.25  -7.803
 30.35  -7.805
 30.45  -7.808
 30.55  -7.810
 30.66  -7.813
 30.75  -7.815
 30.85  -7.818
 30.95  -7.821
 31.04  -7.823
 31.15  -7.826
 31.24  -7.829
 31.34  -7.832
 31.44  -7.836
 31.54  -7.839
 31.64  -7.842
 31.74  -7.846
 31.85  -7.849
 31.94  -7.853
 32.04  -7.857
 32.14  -7.861
 32.24  -7.865
 32.34  -7.869
 32.44  -7.873
 32.54  -7.878
 32.64  -7.882
 32.74  -7.887
 32.84  -7.891
 32.94  -7.896
 33.04  -7.901
 33.13  -7.906
 33.23  -7.911
 33.33  -7.917
 33.43  -7.922
 33.53  -7.928
 33.63  -7.935
 33.73  -7.941
 33.83  -7.947
 33.93  -7.954
 34.03  -7.960
 34.13  -7.966
 34.22  -7.973
 34.32  -7.979
 34.42  -7.985
 34.52  -7.991
 34.62  -7.997
 34.72  -8.003
 34.82  -8.008
 34.92  -8.013
 35.02  -8.018
 35.12  -8.022
 35.22  -8.025
 35.31  -8.028
 35.41  -8.031
 35.51  -8.034
 35.61  -8.037
 35.71  -8.039
 35.81  -8.041
 35.91  -8.044
 36.01  -8.046
 36.11  -8.048
 36.21  -8.050
 36.31  -8.052
 36.41  -8.054
 36.50  -8.056
 36.60  -8.058
 36.70  -8.060
 36.80  -8.062
 36.90  -8.065
 37.00  -8.067
 37.10  -8.069
 37.20  -8.071
 37.30  -8.073
 37.40  -8.075
 37.50  -8.077
 37.60  -8.079
 37.70  -8.080
 37.80  -8.082
 37.90  -8.083
 37.99  -8.085
 38.10  -8.086
 38.19  -8.087
 38.29  -8.088
 38.39  -8.088
 38.50  -8.089
 38.59  -8.089
 38.68  -8.090
 38.78  -8.090
 38.89  -8.091
 38.99  -8.091
 39.09  -8.091
 39.19  -8.091
 39.29  -8.091
 39.39  -8.092
 39.49  -8.092
 39.59  -8.092
 39.69  -8.092
 39.78  -8.092
 39.88  -8.092
 39.98  -8.092
 40.08  -8.092
 40.18  -8.093
 40.28  -8.093
 40.37  -8.093
 40.47  -8.093
 40.58  -8.093
 40.68  -8.093
 40.78  -8.093
 40.88  -8.093
 40.97  -8.093
 41.07  -8.093
 41.17  -8.093
 41.27  -8.093
 41.37  -8.093
 41.47  -8.093
 41.57  -8.093
 41.66  -8.093
 41.76  -8.093
 41.87  -8.092
 41.97  -8.092
 42.06  -8.092
 42.16  -8.092
 42.26  -8.092
 42.36  -8.092
 42.46  -8.092
 42.56  -8.092
 42.66  -8.091
 42.76  -8.091
 42.86  -8.091
 42.96  -8.091
 43.06  -8.091
 43.16  -8.091
 43.25  -8.090
 43.35  -8.090
 43.45  -8.090
 43.55  -8.090
 43.65  -8.089
 43.75  -8.089
 43.85  -8.089
 43.95  -8.089
 44.05  -8.088
 44.15  -8.088
 44.25  -8.088
 44.34  -8.087
 44.44  -8.087
 44.54  -8.087
 44.64  -8.086
 44.74  -8.086
 44.84  -8.086
 44.94  -8.085
 45.04  -8.085
 45.14  -8.084
 45.24  -8.084
 45.34  -8.083
 45.43  -8.083
 45.53  -8.082
 45.63  -8.082
 45.73  -8.081
 45.83  -8.081
 45.93  -8.080
 46.03  -8.080
 46.13  -8.079
 46.23  -8.078
 46.33  -8.078
 46.42  -8.077
 46.52  -8.076
 46.62  -8.076
 46.72  -8.075
 46.82  -8.074
 46.92  -8.073
 47.02  -8.072
 47.12  -8.072
 47.22  -8.071
 47.32  -8.070
 47.42  -8.069
 47.51  -8.068
 47.61  -8.067
 47.71  -8.066
 47.81  -8.064
 47.91  -8.063
 48.01  -8.062
 48.11  -8.060
 48.21  -8.059
 48.31  -8.057
 48.41  -8.056
 48.51  -8.054
 48.60  -8.053
 48.70  -8.052
 48.80  -8.050
 48.90  -8.049
 49.00  -8.047
 49.10  -8.046
 49.20  -8.044
 49.30  -8.043
 49.40  -8.042
 49.50  -8.041
 49.60  -8.040
 49.69  -8.039
 49.79  -8.037
 49.89  -8.036
 50.19  -8.033
 50.29  -8.032
 50.39  -8.031
 50.49  -8.030
 50.59  -8.029
 50.69  -8.028
 50.78  -8.027
 50.88  -8.025
 50.98  -8.024
 51.08  -8.023
 51.18  -8.022
 51.28  -8.021
 51.38  -8.020
 51.48  -8.019
 51.58  -8.018
 51.68  -8.017
 51.78  -8.015
 51.87  -8.014
 51.97  -8.013
 52.08  -8.012
 52.18  -8.010
 52.27  -8.009
 52.37  -8.007
 52.47  -8.006
 52.57  -8.004
 52.67  -8.002
 52.78  -8.000
 52.87  -7.997
 52.97  -7.995
 53.07  -7.993
 53.16  -7.991
 53.27  -7.989
 53.37  -7.987
 53.47  -7.984
 53.57  -7.982
 53.66  -7.980
 53.76  -7.978
 53.86  -7.976
 53.96  -7.974
 54.06  -7.973
 54.16  -7.971
 54.26  -7.970
 54.36  -7.969
 54.46  -7.967
 54.56  -7.966
 54.66  -7.965
 54.76  -7.964
 54.86  -7.963
 54.96  -7.962
 55.06  -7.961
 55.15  -7.960
 55.25  -7.959
 55.35  -7.957
 55.45  -7.956
 55.55  -7.955
 55.65  -7.953
 55.75  -7.952
 55.85  -7.950
 55.95  -7.948
 56.05  -7.947
 56.15  -7.945
 56.24  -7.943
 56.34  -7.941
 56.44  -7.939
 56.54  -7.938
 56.64  -7.936
 56.74  -7.934
 56.84  -7.932
 56.94  -7.930
 57.04  -7.929
 57.14  -7.927
 57.24  -7.925
 57.33  -7.924
 57.43  -7.923
 57.53  -7.921
 57.63  -7.920
 57.73  -7.919
 57.83  -7.918
 57.93  -7.916
 58.03  -7.915
 58.13  -7.914
 58.23  -7.912
 58.32  -7.911
 58.42  -7.909
 58.52  -7.908
 58.62  -7.906
 58.72  -7.904
 58.82  -7.902
 58.92  -7.900
 59.02  -7.898
 59.12  -7.895
 59.22  -7.893
 59.32  -7.890
 59.43  -7.888
 59.52  -7.885
 59.62  -7.883
 59.72  -7.880
 59.82  -7.878
 59.92  -7.875
 60.02  -7.873
 60.12  -7.870
 60.22  -7.868
 60.32  -7.865
 60.42  -7.863
 60.52  -7.861
 60.61  -7.859
 60.71  -7.857
 60.81  -7.855
 60.91  -7.853
 61.01  -7.851
 61.11  -7.849
 61.21  -7.847
 61.31  -7.845
 61.41  -7.843
 61.51  -7.841
 61.61  -7.839
 61.71  -7.837
 61.81  -7.835
 61.91  -7.833
 62.01  -7.831
 62.11  -7.829
 62.21  -7.827
 62.31  -7.825
 62.41  -7.823
 62.51  -7.821
 62.61  -7.820
 62.71  -7.818
 62.81  -7.816
 62.90  -7.814
 63.01  -7.812
 63.11  -7.810
 63.20  -7.808
 63.31  -7.807
 63.41  -7.805
 63.51  -7.803
 63.61  -7.801
 63.71  -7.800
 63.80  -7.798
 63.90  -7.796
 64.00  -7.795
 64.10  -7.793
 64.21  -7.791
 64.31  -7.789
 64.40  -7.788
 64.50  -7.786
 64.61  -7.784
 64.71  -7.782
 64.81  -7.780
 64.90  -7.779
 65.00  -7.776
 65.10  -7.774
 65.20  -7.772
 65.30  -7.769
 65.40  -7.767
 65.50  -7.764
 65.60  -7.762
 65.70  -7.759
 65.80  -7.756
 65.90  -7.753
 65.99  -7.751
 66.09  -7.748
 66.20  -7.745
 66.30  -7.742
 66.40  -7.739
 66.50  -7.736
 66.60  -7.734
 66.70  -7.731
 66.80  -7.728
 66.90  -7.725
 67.00  -7.723
 67.09  -7.720
 67.19  -7.718
 67.29  -7.715
 67.39  -7.712
 67.49  -7.710
 67.59  -7.707
 67.69  -7.705
 67.79  -7.702
 67.90  -7.700
 68.00  -7.697
 68.10  -7.695
 68.19  -7.693
 68.29  -7.690
 68.39  -7.688
 68.49  -7.686
 68.59  -7.684
 68.69  -7.682
 68.79  -7.680
 68.89  -7.678
 68.99  -7.677
 69.09  -7.675
 69.18  -7.673
 69.27  -7.671
 69.37  -7.669
 69.47  -7.667
 69.56  -7.665
 69.66  -7.663
 69.76  -7.661
 69.86  -7.659
 69.96  -7.656
 70.05  -7.653
 70.15  -7.651
 70.25  -7.648
 70.34  -7.645
 70.44  -7.642
 70.54  -7.639
 70.64  -7.636
 70.74  -7.632
 70.83  -7.629
 70.93  -7.626
 71.03  -7.623
 71.13  -7.620
 71.22  -7.617
 71.32  -7.614
 71.41  -7.611
 71.51  -7.608
 71.61  -7.605
 71.71  -7.602
 71.80  -7.600
 71.90  -7.597
 72.00  -7.594
 72.10  -7.592
 72.20  -7.589
 72.29  -7.586
 72.39  -7.584
 72.48  -7.581
 72.58  -7.579
 72.68  -7.576
 72.78  -7.573
 72.88  -7.571
 72.97  -7.568
 73.08  -7.565
 73.17  -7.563
 73.27  -7.560
 73.36  -7.557
 73.46  -7.555
 73.55  -7.552
 73.65  -7.549
 73.75  -7.547
 73.85  -7.544
 73.95  -7.541
 74.05  -7.539
 74.14  -7.536
 74.24  -7.533
 74.34  -7.531
 74.44  -7.528
 74.54  -7.526
 74.63  -7.523
 74.72  -7.521
 74.82  -7.518
 74.92  -7.516
 75.02  -7.514
 75.12  -7.511
 75.22  -7.509
 75.31  -7.507
 75.41  -7.504
 75.51  -7.502
 75.61  -7.499
 75.71  -7.497
 75.80  -7.494
 75.90  -7.492
 75.99  -7.489
 76.09  -7.486
 76.19  -7.483
 76.29  -7.480
 76.39  -7.477
 76.49  -7.473
 76.58  -7.470
 76.68  -7.466
 76.78  -7.463
 76.87  -7.459
 76.97  -7.456
 77.07  -7.452
 77.16  -7.448
 77.26  -7.445
 77.36  -7.442
 77.46  -7.438
 77.56  -7.435
 77.65  -7.432
 77.75  -7.429
 77.85  -7.426
 77.94  -7.424
 78.04  -7.421
 78.14  -7.419
 78.24  -7.416
 78.33  -7.414
 78.43  -7.412
 78.53  -7.410
 78.63  -7.407
 78.73  -7.405
 78.83  -7.403
 78.92  -7.400
 79.01  -7.398
 79.11  -7.396
 79.21  -7.393
 79.31  -7.391
 79.41  -7.388
 79.51  -7.386
 79.60  -7.383
 79.70  -7.380
 79.80  -7.378
 79.90  -7.375
 80.00  -7.372
 80.09  -7.369
 80.18  -7.367
 80.28  -7.364
 80.38  -7.361
 80.48  -7.359
 80.58  -7.356
 80.68  -7.353
 80.77  -7.350
 80.87  -7.347
 80.97  -7.345
 81.07  -7.342
 81.16  -7.339
 81.26  -7.336
 81.36  -7.333
 81.45  -7.331
 81.55  -7.328
 81.65  -7.325
 81.75  -7.322
 81.85  -7.319
 81.94  -7.316
 82.04  -7.313
 82.14  -7.311
 82.23  -7.308
 82.33  -7.305
 82.43  -7.302
 82.53  -7.300
 82.62  -7.297
 82.72  -7.295
 82.82  -7.293
 82.92  -7.290
 83.02  -7.288
 83.11  -7.285
 83.21  -7.283
 83.31  -7.280
 83.40  -7.278
 83.50  -7.275
 83.60  -7.273
 83.70  -7.270
 83.79  -7.267
 83.89  -7.264
 83.99  -7.261
 84.09  -7.257
 84.19  -7.254
 84.29  -7.250
 84.38  -7.247
 84.47  -7.243
 84.57  -7.239
 84.67  -7.235
 84.77  -7.232
 84.87  -7.228
 84.97  -7.224
 85.06  -7.220
 85.16  -7.217
 85.26  -7.213
 85.36  -7.209
 85.46  -7.206
 85.55  -7.202
 85.65  -7.199
 85.75  -7.196
 85.84  -7.193
 85.94  -7.190
 86.04  -7.187
 86.14  -7.185
 86.24  -7.182
 86.33  -7.179
 86.43  -7.176
 86.53  -7.173
 86.63  -7.170
 86.72  -7.167
 86.82  -7.164
 86.92  -7.161
 87.02  -7.158
 87.11  -7.155
 87.21  -7.153
 87.31  -7.150
 87.41  -7.147
 87.51  -7.144
 87.60  -7.141
 87.70  -7.139
 87.79  -7.136
 87.89  -7.133
 87.99  -7.130
 88.09  -7.127
 88.18  -7.124
 88.28  -7.121
 88.38  -7.118
 88.48  -7.114
 88.58  -7.111
 88.68  -7.107
 88.77  -7.102
 88.87  -7.098
 88.96  -7.093
 89.06  -7.088
 89.16  -7.084
 89.26  -7.079
 89.36  -7.074
 89.46  -7.069
 89.55  -7.064
 89.65  -7.059
 89.75  -7.055
 89.85  -7.050
 89.95  -7.046
 90.04  -7.042
 90.14  -7.038
 90.23  -7.035
 90.33  -7.032
 90.43  -7.029
 90.53  -7.027
 90.63  -7.025
 90.73  -7.023
 90.82  -7.021
 90.92  -7.019
 91.02  -7.017
 91.12  -7.015
 91.21  -7.013
 91.31  -7.011
 91.40  -7.009
 91.50  -7.007
 91.60  -7.005
 91.70  -7.003
 91.80  -7.000
 91.90  -6.998
 91.99  -6.995
 92.09  -6.992
 92.19  -6.988
 92.28  -6.985
 92.38  -6.982
 92.48  -6.979
 92.58  -6.975
 92.68  -6.972
 92.77  -6.969
 92.87  -6.965
 92.97  -6.962
 93.07  -6.959
 93.17  -6.956
 93.26  -6.953
 93.36  -6.950
 93.45  -6.947
 93.55  -6.944
 93.65  -6.941
 93.75  -6.938
 93.84  -6.935
 93.94  -6.933
 94.04  -6.930
 94.14  -6.927
 94.24  -6.924
 94.33  -6.921
 94.42  -6.918
 94.52  -6.915
 94.62  -6.911
 94.72  -6.908
 94.82  -6.904
 94.92  -6.901
 95.02  -6.897
 95.11  -6.893
 95.21  -6.889
 95.31  -6.885
 95.41  -6.880
 95.51  -6.876
 95.60  -6.872
 95.70  -6.868
 95.79  -6.863
 95.89  -6.859
 95.99  -6.854
 96.09  -6.850
 96.19  -6.846
 96.29  -6.841
 96.39  -6.837
 96.48  -6.833
 96.57  -6.829
 96.67  -6.825
 96.77  -6.820
 96.87  -6.816
 96.97  -6.812
 97.07  -6.808
 97.16  -6.804
 97.26  -6.800
 97.36  -6.796
 97.46  -6.792
 97.56  -6.788
 97.65  -6.784
 97.75  -6.781
 97.84  -6.776
 97.95  -6.772
 98.04  -6.768
 98.14  -6.764
 98.24  -6.760
 98.34  -6.756
 98.44  -6.752
 98.54  -6.748
 98.63  -6.744
 98.73  -6.739
 98.83  -6.735
 98.92  -6.731
 99.02  -6.727
 99.12  -6.723
 99.22  -6.720
 99.32  -6.716
 99.41  -6.712
 99.52  -6.708
 99.61  -6.705
 99.71  -6.701
 99.81  -6.698
 99.90  -6.695
100.00  -6.692
100.10  -6.688
100.19  -6.685
100.29  -6.682
100.39  -6.679
100.49  -6.676
100.59  -6.673
100.69  -6.670
100.79  -6.667
100.89  -6.664
100.99  -6.661
101.08  -6.658
101.17  -6.655
101.27  -6.651
101.37  -6.648
101.47  -6.645
101.57  -6.642
101.67  -6.638
101.77  -6.635
101.87  -6.632
101.96  -6.628
102.06  -6.625
102.16  -6.622
102.25  -6.619
102.35  -6.615
102.45  -6.612
102.55  -6.609
102.65  -6.606
102.74  -6.603
102.85  -6.600
102.94  -6.597
103.04  -6.594
103.14  -6.591
103.23  -6.588
103.33  -6.585
103.43  -6.582
103.52  -6.579
103.62  -6.576
103.73  -6.574
103.82  -6.571
103.92  -6.568
104.02  -6.565
104.12  -6.562
104.22  -6.559
104.31  -6.556
104.41  -6.553
104.50  -6.550
104.61  -6.547
104.71  -6.544
104.80  -6.540
104.90  -6.537
105.00  -6.534
105.10  -6.531
105.20  -6.528
105.30  -6.525
105.39  -6.522
105.49  -6.519
105.58  -6.516
105.68  -6.513
105.78  -6.510
105.88  -6.507
105.98  -6.505
106.08  -6.502
106.18  -6.500
106.27  -6.497
106.37  -6.495
106.46  -6.492
106.56  -6.490
106.66  -6.487
106.76  -6.485
106.86  -6.483
106.95  -6.480
107.06  -6.478
107.15  -6.475
107.25  -6.473
107.35  -6.470
107.45  -6.467
107.54  -6.464
107.64  -6.461
107.73  -6.458
107.83  -6.455
107.93  -6.452
108.03  -6.449
108.12  -6.446
108.22  -6.443
108.32  -6.440
108.41  -6.437
108.50  -6.434
108.59  -6.431
108.69  -6.428
108.79  -6.425
108.88  -6.422
108.98  -6.419
109.07  -6.416
109.17  -6.413
109.27  -6.410
109.36  -6.407
109.46  -6.404
109.55  -6.401
109.64  -6.398
109.74  -6.395
109.83  -6.392
109.93  -6.389
110.02  -6.386
110.12  -6.383
110.22  -6.380
110.31  -6.377
110.41  -6.375
110.50  -6.372
110.60  -6.370
110.69  -6.367
110.78  -6.365
110.88  -6.362
110.98  -6.360
111.07  -6.357
111.17  -6.355
111.27  -6.353
111.36  -6.350
111.46  -6.348
111.56  -6.345
111.66  -6.343
111.74  -6.340
111.84  -6.338
111.93  -6.335
112.03  -6.333
112.12  -6.330
112.22  -6.327
112.32  -6.324
112.41  -6.321
112.51  -6.319
112.61  -6.316
112.70  -6.313
112.79  -6.310
112.89  -6.307
112.98  -6.304
113.08  -6.301
113.18  -6.298
113.27  -6.295
113.37  -6.292
113.46  -6.290
113.56  -6.287
113.66  -6.284
113.75  -6.281
113.84  -6.279
113.93  -6.276
114.03  -6.273
114.13  -6.270
114.22  -6.268
114.32  -6.265
114.42  -6.262
114.51  -6.260
114.61  -6.257
114.71  -6.254
114.79  -6.252
114.89  -6.249
114.99  -6.246
115.08  -6.244
115.18  -6.241
115.28  -6.238
115.37  -6.236
115.46  -6.233
115.56  -6.230
115.66  -6.227
115.76  -6.225
115.85  -6.222
115.94  -6.219
116.03  -6.217
116.13  -6.214
116.23  -6.211
116.32  -6.209
116.42  -6.206
116.52  -6.203
116.61  -6.200
116.71  -6.197
116.80  -6.194
116.90  -6.191
116.99  -6.188
117.08  -6.185
117.18  -6.182
117.27  -6.179
117.37  -6.176
117.47  -6.173
117.56  -6.169
117.66  -6.166
117.76  -6.163
117.85  -6.160
117.95  -6.157
118.04  -6.154
118.13  -6.151
118.23  -6.149
118.32  -6.146
118.42  -6.143
118.52  -6.141
118.62  -6.138
118.71  -6.135
118.80  -6.133
118.90  -6.130
119.00  -6.128
119.09  -6.125
119.18  -6.122
119.28  -6.120
119.37  -6.117
119.47  -6.114
119.57  -6.111
119.66  -6.108
119.76  -6.105
119.86  -6.102
119.95  -6.099
120.05  -6.095
120.15  -6.092
120.23  -6.089
120.33  -6.085
120.42  -6.082
120.52  -6.079
120.62  -6.076
120.71  -6.072
120.81  -6.069
120.90  -6.066
121.00  -6.063
121.10  -6.060
121.19  -6.057
121.28  -6.054
121.37  -6.052
121.47  -6.049
121.57  -6.047
121.66  -6.044
121.76  -6.042
121.85  -6.039
121.95  -6.037
122.05  -6.034
122.14  -6.032
122.24  -6.029
122.32  -6.027
122.42  -6.024
122.52  -6.021
122.62  -6.019
122.71  -6.016
122.81  -6.013
122.90  -6.009
123.00  -6.006
123.10  -6.003
123.19  -5.999
123.29  -5.996
123.38  -5.992
123.47  -5.989
123.57  -5.986
123.66  -5.982
123.76  -5.979
123.86  -5.976
123.95  -5.972
124.05  -5.969
124.15  -5.965
124.24  -5.962
124.34  -5.959
124.43  -5.956
124.52  -5.953
124.62  -5.949
124.71  -5.946
124.81  -5.943
124.91  -5.940
125.00  -5.937
125.10  -5.934
125.20  -5.931
125.29  -5.928
125.39  -5.925
125.48  -5.922
125.57  -5.919
125.67  -5.916
125.76  -5.914
125.86  -5.911
125.96  -5.909
126.05  -5.907
126.15  -5.904
126.25  -5.902
126.34  -5.899
126.44  -5.897
126.53  -5.895
126.62  -5.892
126.72  -5.890
126.82  -5.887
126.91  -5.885
127.01  -5.882
127.11  -5.880
127.20  -5.877
127.30  -5.874
127.39  -5.871
127.49  -5.868
127.59  -5.865
127.67  -5.862
127.77  -5.858
127.86  -5.855
127.96  -5.851
128.06  -5.848
128.15  -5.845
128.25  -5.841
128.35  -5.838
128.44  -5.834
128.54  -5.830
128.63  -5.827
128.73  -5.823
128.82  -5.819
128.92  -5.815
129.01  -5.811
129.11  -5.807
129.21  -5.803
129.30  -5.799
129.40  -5.795
129.50  -5.791
129.59  -5.787
129.69  -5.783
129.78  -5.779
129.87  -5.775
129.97  -5.771
130.06  -5.767
130.16  -5.763
130.26  -5.760
130.35  -5.757
130.45  -5.754
130.54  -5.752
130.64  -5.750
130.74  -5.747
130.82  -5.745
130.92  -5.743
131.02  -5.741
131.11  -5.739
131.21  -5.737
131.31  -5.735
131.40  -5.733
131.50  -5.731
131.60  -5.728
131.69  -5.726
131.79  -5.723
131.88  -5.720
131.97  -5.717
132.07  -5.713
132.16  -5.709
132.26  -5.705
132.36  -5.701
132.45  -5.698
132.55  -5.694
132.64  -5.690
132.74  -5.686
132.84  -5.682
132.93  -5.678
133.02  -5.674
133.12  -5.671
133.21  -5.667
133.31  -5.664
133.41  -5.661
133.50  -5.659
133.60  -5.657
133.70  -5.655
133.79  -5.654
133.89  -5.652
133.98  -5.650
134.07  -5.649
134.17  -5.647
134.26  -5.646
134.36  -5.644
134.46  -5.642
134.55  -5.641
134.65  -5.639
134.75  -5.637
134.84  -5.635
134.94  -5.632
135.03  -5.629
135.12  -5.626
135.22  -5.623
135.32  -5.620
135.41  -5.617
135.51  -5.613
135.61  -5.610
135.70  -5.606
135.80  -5.603
135.89  -5.600
135.99  -5.596
136.08  -5.593
136.17  -5.590
136.27  -5.586
136.37  -5.583
136.46  -5.580
136.56  -5.577
136.65  -5.574
136.75  -5.572
136.85  -5.569
136.95  -5.566
137.04  -5.564
137.13  -5.561
137.23  -5.558
137.32  -5.555
137.42  -5.553
137.51  -5.550
137.61  -5.547
137.71  -5.545
137.80  -5.542
137.90  -5.539
138.00  -5.536
138.09  -5.533
138.18  -5.531
138.28  -5.528
138.37  -5.525
138.47  -5.522
138.57  -5.519
138.66  -5.516
138.76  -5.513
138.86  -5.510
138.96  -5.508
139.05  -5.505
139.15  -5.502
139.24  -5.499
139.33  -5.496
139.43  -5.494
139.52  -5.491
139.62  -5.488
139.72  -5.485
139.82  -5.483
139.91  -5.480
140.01  -5.477
140.10  -5.474
140.20  -5.472
140.30  -5.469
140.39  -5.466
140.48  -5.463
140.58  -5.460
140.67  -5.457
140.77  -5.455
140.87  -5.452
140.96  -5.449
141.06  -5.447
141.16  -5.444
141.25  -5.441
141.35  -5.439
141.44  -5.436
141.53  -5.434
141.63  -5.431
141.73  -5.428
141.82  -5.426
141.92  -5.423
142.02  -5.420
142.11  -5.418
142.21  -5.415
142.31  -5.412
142.40  -5.409
142.49  -5.406
142.59  -5.403
142.68  -5.399
142.78  -5.395
142.88  -5.392
142.97  -5.388
143.07  -5.384
143.17  -5.380
143.26  -5.376
143.36  -5.373
143.46  -5.369
143.55  -5.365
143.64  -5.361
143.74  -5.358
143.84  -5.354
143.93  -5.351
144.03  -5.348
144.12  -5.346
144.22  -5.343
144.32  -5.341
144.41  -5.339
144.51  -5.338
144.60  -5.336
144.70  -5.334
144.79  -5.333
144.88  -5.331
144.98  -5.330
145.08  -5.328
145.17  -5.327
145.27  -5.325
145.37  -5.323
145.46  -5.321
145.56  -5.320
145.65  -5.317
145.74  -5.315
145.83  -5.312
145.93  -5.309
146.02  -5.307
146.11  -5.304
146.21  -5.301
146.30  -5.298
146.40  -5.295
146.49  -5.292
146.59  -5.289
146.68  -5.286
146.77  -5.282
146.87  -5.279
146.95  -5.276
147.05  -5.273
147.14  -5.271
147.24  -5.268
147.33  -5.265
147.42  -5.263
147.52  -5.260
147.61  -5.257
147.70  -5.255
147.80  -5.252
147.89  -5.249
147.98  -5.246
148.07  -5.243
148.17  -5.240
148.26  -5.237
148.36  -5.234
148.45  -5.231
148.55  -5.227
148.64  -5.224
148.73  -5.220
148.82  -5.215
148.92  -5.211
149.01  -5.207
149.10  -5.202
149.20  -5.198
149.29  -5.193
149.39  -5.189
149.48  -5.184
149.57  -5.180
149.67  -5.176
149.76  -5.171
149.85  -5.167
149.94  -5.163
150.04  -5.159
150.13  -5.155
150.22  -5.152
150.32  -5.149
150.41  -5.146
150.51  -5.143
150.60  -5.140
150.69  -5.137
150.79  -5.134
150.88  -5.131
150.97  -5.128
151.06  -5.125
151.16  -5.123
151.25  -5.120
151.35  -5.117
151.44  -5.114
151.53  -5.111
151.63  -5.108
151.72  -5.104
151.81  -5.101
151.91  -5.097
152.01  -5.094
152.09  -5.090
152.19  -5.087
152.28  -5.083
152.37  -5.080
152.47  -5.076
152.57  -5.072
152.66  -5.069
152.75  -5.065
152.84  -5.062
152.93  -5.058
153.03  -5.055
153.12  -5.051
153.22  -5.048
153.31  -5.045
153.41  -5.042
153.50  -5.038
153.59  -5.035
153.69  -5.032
153.78  -5.029
153.87  -5.025
153.97  -5.022
154.06  -5.019
154.15  -5.016
154.24  -5.012
154.34  -5.009
154.43  -5.006
154.53  -5.002
154.62  -4.999
154.72  -4.995
154.81  -4.992
154.90  -4.988
154.99  -4.985
155.09  -4.981
155.18  -4.978
155.27  -4.974
155.37  -4.971
155.46  -4.967
155.56  -4.964
155.65  -4.960
155.74  -4.957
155.83  -4.954
155.93  -4.950
156.02  -4.947
156.12  -4.944
156.21  -4.941
156.30  -4.938
156.39  -4.935
156.49  -4.932
156.58  -4.929
156.68  -4.926
156.77  -4.923
156.86  -4.920
156.96  -4.917
157.04  -4.915
157.14  -4.912
157.23  -4.909
157.33  -4.906
157.42  -4.903
157.52  -4.900
157.61  -4.897
157.71  -4.894
157.80  -4.891
157.89  -4.888
157.98  -4.885
158.08  -4.882
158.17  -4.879
158.26  -4.876
158.35  -4.873
158.45  -4.870
158.54  -4.866
158.64  -4.863
158.73  -4.860
158.82  -4.857
158.92  -4.854
159.01  -4.852
159.11  -4.849
159.20  -4.846
159.29  -4.843
159.38  -4.841
159.48  -4.838
159.57  -4.836
159.67  -4.833
159.76  -4.831
159.85  -4.828
159.95  -4.826
160.04  -4.823
160.13  -4.821
160.22  -4.818
160.32  -4.816
160.41  -4.813
160.51  -4.810
160.60  -4.807
160.70  -4.804
160.79  -4.801
160.88  -4.798
160.97  -4.795
161.07  -4.791
161.16  -4.788
161.25  -4.785
161.35  -4.782
161.44  -4.778
161.54  -4.775
161.63  -4.772
161.73  -4.769
161.82  -4.766
161.91  -4.763
162.01  -4.761
162.10  -4.758
162.19  -4.756
162.28  -4.754
162.37  -4.752
162.47  -4.751
162.57  -4.749
162.66  -4.747
162.75  -4.745
162.85  -4.744
162.94  -4.742
163.03  -4.740
163.13  -4.738
163.22  -4.737
163.31  -4.735
163.40  -4.733
163.50  -4.731
163.59  -4.729
163.69  -4.727
163.78  -4.725
163.87  -4.723
163.96  -4.721
164.06  -4.719
164.16  -4.717
164.25  -4.714
164.34  -4.712
164.43  -4.710
164.53  -4.708
164.62  -4.705
164.72  -4.703
164.81  -4.700
164.90  -4.698
164.99  -4.695
165.09  -4.692
165.18  -4.688
165.27  -4.685
165.37  -4.681
165.46  -4.677
165.55  -4.674
165.65  -4.670
165.74  -4.666
165.84  -4.663
165.93  -4.659
166.02  -4.655
166.12  -4.651
166.21  -4.648
166.30  -4.644
166.39  -4.641
166.49  -4.638
166.58  -4.635
166.68  -4.632
166.77  -4.630
166.86  -4.628
166.95  -4.626
167.05  -4.623
167.14  -4.621
167.24  -4.619
167.32  -4.617
167.42  -4.615
167.51  -4.613
167.61  -4.611
167.70  -4.610
167.80  -4.608
167.89  -4.606
167.98  -4.604
168.08  -4.602
168.17  -4.599
168.26  -4.597
168.35  -4.595
168.44  -4.593
168.54  -4.591
168.64  -4.588
168.73  -4.586
168.82  -4.584
168.91  -4.582
169.01  -4.579
169.10  -4.577
169.19  -4.575
169.29  -4.572
169.38  -4.570
169.48  -4.567
169.57  -4.564
169.66  -4.561
169.76  -4.558
169.85  -4.555
169.94  -4.552
170.04  -4.549
170.13  -4.546
170.22  -4.543
170.31  -4.540
170.41  -4.536
170.50  -4.533
170.59  -4.530
170.69  -4.527
170.79  -4.524
170.88  -4.521
170.97  -4.519
171.06  -4.517
171.16  -4.514
171.25  -4.513
171.34  -4.511
171.43  -4.509
171.53  -4.507
171.62  -4.506
171.72  -4.504
171.81  -4.502
171.90  -4.501
172.00  -4.499
172.09  -4.497
172.18  -4.496
172.28  -4.494
172.37  -4.492
172.46  -4.490
172.56  -4.488
172.65  -4.486
172.75  -4.484
172.84  -4.482
172.93  -4.479
173.03  -4.477
173.12  -4.475
173.21  -4.472
173.30  -4.470
173.40  -4.467
173.49  -4.465
173.59  -4.462
173.68  -4.460
173.78  -4.457
173.87  -4.455
173.96  -4.452
174.05  -4.450
174.15  -4.447
174.24  -4.445
174.33  -4.442
174.43  -4.440
174.52  -4.437
174.62  -4.434
174.71  -4.432
174.80  -4.429
174.90  -4.427
174.99  -4.424
175.09  -4.422
175.18  -4.419
175.27  -4.416
175.36  -4.414
175.46  -4.412
175.55  -4.409
175.65  -4.407
175.74  -4.405
175.83  -4.403
175.92  -4.401
176.02  -4.399
176.11  -4.397
176.20  -4.395
176.30  -4.393
176.39  -4.391
176.49  -4.389
176.58  -4.387
176.68  -4.386
176.77  -4.384
176.86  -4.382
176.96  -4.380
177.05  -4.378
177.14  -4.375
177.23  -4.373
177.33  -4.371
177.42  -4.369
177.52  -4.366
177.61  -4.364
177.71  -4.362
177.80  -4.360
177.89  -4.357
177.98  -4.355
178.08  -4.353
178.17  -4.351
178.26  -4.348
178.36  -4.346
178.45  -4.344
178.54  -4.342
178.64  -4.340
178.73  -4.338
178.82  -4.336
178.92  -4.334
179.02  -4.333
179.11  -4.331
179.20  -4.329
179.29  -4.327
179.39  -4.325
179.48  -4.323
179.58  -4.321
179.67  -4.319
179.76  -4.317
179.85  -4.315
179.95  -4.313
180.04  -4.310
180.14  -4.308
180.23  -4.305
180.32  -4.302
180.42  -4.300
180.51  -4.297
180.61  -4.294
180.70  -4.291
180.79  -4.289
180.89  -4.286
180.98  -4.283
181.08  -4.280
181.16  -4.278
181.26  -4.275
181.35  -4.272
181.45  -4.269
181.54  -4.267
181.64  -4.264
181.73  -4.262
181.82  -4.259
181.91  -4.257
182.01  -4.254
182.10  -4.252
182.19  -4.249
182.29  -4.247
182.38  -4.244
182.47  -4.241
182.57  -4.239
182.66  -4.236
182.75  -4.234
182.84  -4.232
182.93  -4.229
183.03  -4.227
183.12  -4.225
183.20  -4.222
183.29  -4.220
183.38  -4.218
183.48  -4.215
183.57  -4.213
183.66  -4.211
183.75  -4.209
183.84  -4.206
183.94  -4.204
184.02  -4.202
184.11  -4.199
184.20  -4.197
184.30  -4.194
184.39  -4.192
184.48  -4.189
184.57  -4.186
184.66  -4.183
184.76  -4.179
184.85  -4.176
184.93  -4.173
185.03  -4.170
185.12  -4.166
185.21  -4.163
185.30  -4.159
185.39  -4.156
185.49  -4.153
185.58  -4.149
185.67  -4.146
185.76  -4.143
185.85  -4.140
185.94  -4.138
186.03  -4.135
186.12  -4.133
186.21  -4.131
186.30  -4.129
186.39  -4.127
186.49  -4.125
186.58  -4.123
186.67  -4.121
186.76  -4.119
186.85  -4.117
186.94  -4.115
187.03  -4.113
187.12  -4.111
187.22  -4.108
187.31  -4.106
187.40  -4.103
187.49  -4.100
187.58  -4.096
187.66  -4.093
187.76  -4.089
187.85  -4.086
187.94  -4.082
188.03  -4.079
188.12  -4.075
188.22  -4.071
188.31  -4.068
188.40  -4.064
188.49  -4.061
188.58  -4.058
188.67  -4.054
188.76  -4.051
188.85  -4.049
188.94  -4.047
189.03  -4.045
189.12  -4.043
189.22  -4.041
189.31  -4.039
189.40  -4.038
189.49  -4.036
189.58  -4.034
189.67  -4.033
189.76  -4.031
189.85  -4.029
189.94  -4.027
190.03  -4.025
190.13  -4.023
190.22  -4.021
190.31  -4.018
190.39  -4.015
190.49  -4.012
190.58  -4.009
190.67  -4.005
190.76  -4.002
190.85  -3.998
190.94  -3.995
191.04  -3.991
191.13  -3.988
191.22  -3.984
191.31  -3.981
191.40  -3.977
191.49  -3.973
191.58  -3.970
191.67  -3.966
191.76  -3.963
191.85  -3.960
191.95  -3.956
192.04  -3.953
192.13  -3.950
192.22  -3.946
192.30  -3.943
192.40  -3.940
192.49  -3.937
192.58  -3.934
192.67  -3.930
192.76  -3.927
192.85  -3.924
192.95  -3.921
193.04  -3.919
193.13  -3.916
193.22  -3.914
193.31  -3.911
193.40  -3.909
193.49  -3.907
193.58  -3.905
193.67  -3.903
193.76  -3.901
193.86  -3.899
193.94  -3.898
194.03  -3.896
194.13  -3.894
194.22  -3.892
194.31  -3.890
194.40  -3.888
194.49  -3.886
194.58  -3.884
194.68  -3.882
194.77  -3.879
194.85  -3.876
194.94  -3.873
195.04  -3.870
195.13  -3.867
195.22  -3.864
195.31  -3.861
195.40  -3.858
195.49  -3.855
195.58  -3.852
195.68  -3.849
195.76  -3.846
195.85  -3.843
195.94  -3.840
196.03  -3.837
196.12  -3.834
196.22  -3.832
196.31  -3.829
196.40  -3.827
196.49  -3.824
196.58  -3.822
196.67  -3.819
196.76  -3.817
196.86  -3.814
196.95  -3.812
197.04  -3.810
197.13  -3.807
197.22  -3.805
197.31  -3.802
197.40  -3.800
197.49  -3.797
197.58  -3.795
197.67  -3.793
197.76  -3.790
197.86  -3.788
197.94  -3.785
198.04  -3.783
198.13  -3.780
198.22  -3.778
198.31  -3.775
198.40  -3.773
198.49  -3.770
198.58  -3.768
198.67  -3.765
198.77  -3.763
198.85  -3.760
198.95  -3.758
199.04  -3.755
199.13  -3.752
199.22  -3.749
199.31  -3.746
199.40  -3.743
199.49  -3.740
199.58  -3.738
199.67  -3.735
199.77  -3.732
199.86  -3.729
199.95  -3.726
200.03  -3.723
200.12  -3.720
200.22  -3.717
200.31  -3.714
200.40  -3.711
200.49  -3.708
200.58  -3.705
200.67  -3.703
200.76  -3.700
200.85  -3.698
200.94  -3.695
201.04  -3.692
201.13  -3.690
201.22  -3.687
201.31  -3.685
201.40  -3.682
201.49  -3.679
201.58  -3.677
201.67  -3.674
201.76  -3.671
201.85  -3.668
201.94  -3.665
202.03  -3.662
202.13  -3.659
202.22  -3.655
202.31  -3.652
202.40  -3.649
202.49  -3.645
202.58  -3.642
202.67  -3.638
202.76  -3.635
202.85  -3.631
202.95  -3.627
203.04  -3.624
203.13  -3.620
203.22  -3.617
203.31  -3.613
203.40  -3.610
203.49  -3.608
203.58  -3.605
203.67  -3.602
203.76  -3.600
203.86  -3.598
203.95  -3.595
204.04  -3.593
204.13  -3.590
204.22  -3.588
204.31  -3.585
204.40  -3.582
204.49  -3.580
204.58  -3.577
204.68  -3.574
204.77  -3.571
204.86  -3.568
204.95  -3.564
205.04  -3.561
205.13  -3.557
205.22  -3.553
205.31  -3.549
205.41  -3.545
205.50  -3.541
205.59  -3.537
205.68  -3.533
205.77  -3.529
205.86  -3.525
205.95  -3.522
206.04  -3.518
206.13  -3.514
206.22  -3.510
206.32  -3.507
206.41  -3.504
206.50  -3.501
206.59  -3.497
206.68  -3.494
206.77  -3.491
206.86  -3.488
206.95  -3.486
207.04  -3.482
207.14  -3.479
207.23  -3.476
207.32  -3.473
207.41  -3.470
207.50  -3.467
207.59  -3.464
207.68  -3.461
207.77  -3.458
207.87  -3.454
207.96  -3.451
208.05  -3.448
208.13  -3.444
208.22  -3.441
208.32  -3.437
208.41  -3.434
208.50  -3.430
208.59  -3.427
208.68  -3.423
208.78  -3.420
208.87  -3.416
208.96  -3.412
209.04  -3.408
209.13  -3.404
209.22  -3.400
209.32  -3.395
209.41  -3.391
209.50  -3.386
209.59  -3.381
209.69  -3.376
209.78  -3.372
209.86  -3.367
209.95  -3.362
210.04  -3.357
210.14  -3.352
210.23  -3.347
210.32  -3.343
210.41  -3.338
210.51  -3.333
210.59  -3.329
210.68  -3.325
210.78  -3.321
210.87  -3.318
210.96  -3.314
211.05  -3.311
211.14  -3.307
211.23  -3.304
211.32  -3.301
211.41  -3.297
211.50  -3.294
211.59  -3.291
211.68  -3.288
211.78  -3.285
211.87  -3.282
211.96  -3.278
212.06  -3.275
212.15  -3.272
212.23  -3.268
212.32  -3.265
212.41  -3.261
212.50  -3.258
212.59  -3.254
212.69  -3.251
212.78  -3.247
212.87  -3.244
212.96  -3.240
213.05  -3.237
213.14  -3.233
213.23  -3.230
213.33  -3.227
213.42  -3.223
213.51  -3.220
213.60  -3.217
213.69  -3.214
213.78  -3.211
213.87  -3.209
213.96  -3.206
214.05  -3.203
214.15  -3.200
214.24  -3.198
214.33  -3.195
214.42  -3.192
214.51  -3.190
214.60  -3.187
214.69  -3.184
214.78  -3.181
214.88  -3.178
214.96  -3.174
215.06  -3.170
215.15  -3.166
215.24  -3.162
215.33  -3.157
215.42  -3.152
215.51  -3.148
215.60  -3.143
215.70  -3.138
215.79  -3.134
215.88  -3.129
215.97  -3.124
216.06  -3.120
216.15  -3.115
216.24  -3.111
216.33  -3.107
216.42  -3.104
216.52  -3.102
216.61  -3.100
216.70  -3.099
216.80  -3.098
216.88  -3.097
216.97  -3.096
217.06  -3.095
217.15  -3.094
217.25  -3.094
217.34  -3.093
217.43  -3.092
217.52  -3.091
217.62  -3.090
217.70  -3.089
217.79  -3.087
217.88  -3.084
217.97  -3.081
218.07  -3.077
218.16  -3.072
218.25  -3.067
218.33  -3.062
218.43  -3.057
218.52  -3.051
218.61  -3.046
218.70  -3.040
218.79  -3.035
218.88  -3.029
218.96  -3.024
219.06  -3.018
219.14  -3.013
219.22  -3.008
219.31  -3.003
219.40  -2.999
219.49  -2.995
219.58  -2.991
219.67  -2.988
219.76  -2.985
219.85  -2.982
219.93  -2.979
220.02  -2.976
220.11  -2.973
220.20  -2.970
220.30  -2.967
220.38  -2.964
220.47  -2.961
220.56  -2.958
220.64  -2.955
220.73  -2.953
220.82  -2.950
220.91  -2.947
221.00  -2.944
221.09  -2.941
221.18  -2.938
221.27  -2.936
221.36  -2.933
221.44  -2.930
221.53  -2.927
221.62  -2.924
221.71  -2.921
221.80  -2.919
221.89  -2.916
221.98  -2.913
222.07  -2.910
222.16  -2.907
222.24  -2.903
222.33  -2.900
222.42  -2.896
222.51  -2.893
222.60  -2.889
222.69  -2.885
222.78  -2.881
222.86  -2.877
222.95  -2.874
223.04  -2.870
223.13  -2.866
223.22  -2.862
223.31  -2.858
223.40  -2.854
223.49  -2.850
223.58  -2.846
223.66  -2.842
223.75  -2.839
223.84  -2.835
223.93  -2.831
224.02  -2.828
224.10  -2.824
