  
  DOI/GTN-P Deep Borehole Array, Arctic Alaska 
             U.S. Geological Survey 
            Processed Temperature Log 
                    28-Aug-2013 
________________________________________________ 
  
Temperature Log Information: 
  Well name:   Peard 
  File name:   PEA_03AUG21b_c_d 
  Log date:    21-AUG-2003 
  
Contact Information: 
  Gary Clow 
  U.S. Geological Survey 
  clow@usgs.gov 
  
Definitions: 
  Depth:        Depth below local ground surface (m) 
  Temperature:  ITS-90 temperature (°C) 
________________________________________________ 
             
 Depth  Temperature 
 27.59  -7.989
 27.60  -7.990
 27.67  -7.990
 27.76  -7.990
 27.85  -7.991
 27.93  -7.992
 28.02  -7.992
 28.10  -7.993
 28.20  -7.994
 28.30  -7.995
 28.39  -7.996
 28.49  -7.997
 28.60  -7.998
 28.70  -7.999
 28.80  -8.000
 28.90  -8.001
 29.01  -8.002
 29.11  -8.003
 29.22  -8.004
 29.33  -8.006
 29.43  -8.007
 29.53  -8.008
 29.63  -8.009
 29.73  -8.011
 29.84  -8.012
 29.95  -8.013
 30.05  -8.015
 30.15  -8.016
 30.25  -8.018
 30.35  -8.019
 30.46  -8.020
 30.56  -8.022
 30.66  -8.023
 30.76  -8.025
 30.87  -8.026
 30.96  -8.028
 31.06  -8.029
 31.17  -8.031
 31.26  -8.032
 31.36  -8.033
 31.46  -8.035
 31.56  -8.036
 31.66  -8.038
 31.76  -8.039
 31.86  -8.041
 31.96  -8.042
 32.06  -8.044
 32.15  -8.046
 32.25  -8.047
 32.35  -8.049
 32.45  -8.051
 32.55  -8.053
 32.65  -8.054
 32.75  -8.056
 32.85  -8.058
 32.95  -8.060
 33.04  -8.063
 33.14  -8.065
 33.24  -8.067
 33.34  -8.069
 33.44  -8.071
 33.53  -8.074
 33.63  -8.076
 33.73  -8.078
 33.93  -8.083
 34.03  -8.086
 34.12  -8.088
 34.22  -8.092
 34.41  -8.098
 34.51  -8.101
 34.61  -8.105
 34.71  -8.108
 34.81  -8.111
 34.90  -8.115
 35.00  -8.118
 35.10  -8.121
 35.20  -8.125
 35.30  -8.128
 35.39  -8.131
 35.49  -8.133
 35.59  -8.136
 35.68  -8.138
 35.78  -8.140
 35.88  -8.141
 35.98  -8.142
 36.08  -8.143
 36.18  -8.143
 36.27  -8.144
 36.37  -8.144
 36.47  -8.145
 36.56  -8.145
 36.66  -8.145
 36.76  -8.146
 36.85  -8.146
 36.95  -8.146
 37.05  -8.146
 37.14  -8.146
 37.24  -8.146
 37.34  -8.147
 37.44  -8.147
 37.54  -8.147
 37.63  -8.147
 37.73  -8.147
 37.83  -8.147
 37.93  -8.147
 38.02  -8.147
 38.12  -8.147
 38.21  -8.146
 38.31  -8.146
 38.41  -8.146
 38.51  -8.146
 38.61  -8.146
 38.70  -8.146
 38.80  -8.146
 38.90  -8.145
 38.99  -8.145
 39.09  -8.145
 39.19  -8.145
 39.29  -8.145
 39.38  -8.145
 39.48  -8.145
 39.57  -8.145
 39.67  -8.145
 39.77  -8.144
 39.87  -8.144
 39.97  -8.144
 40.06  -8.144
 40.16  -8.144
 40.26  -8.144
 40.35  -8.144
 40.45  -8.144
 40.55  -8.143
 40.65  -8.143
 40.75  -8.143
 40.85  -8.142
 40.94  -8.142
 41.04  -8.142
 41.14  -8.142
 41.24  -8.141
 41.33  -8.141
 41.43  -8.141
 41.52  -8.140
 41.62  -8.140
 41.72  -8.140
 41.82  -8.139
 41.92  -8.139
 42.01  -8.139
 42.11  -8.138
 42.21  -8.138
 42.31  -8.138
 42.40  -8.137
 42.50  -8.137
 42.60  -8.137
 42.70  -8.136
 42.79  -8.136
 42.89  -8.136
 42.99  -8.135
 43.09  -8.135
 43.18  -8.134
 43.28  -8.134
 43.38  -8.133
 43.48  -8.133
 43.57  -8.132
 43.67  -8.131
 43.77  -8.131
 43.87  -8.130
 43.96  -8.129
 44.06  -8.128
 44.16  -8.127
 44.25  -8.127
 44.35  -8.126
 44.45  -8.125
 44.55  -8.124
 44.64  -8.123
 44.74  -8.122
 44.84  -8.121
 44.93  -8.120
 45.03  -8.119
 45.13  -8.118
 45.23  -8.117
 45.32  -8.116
 45.42  -8.115
 45.52  -8.115
 45.61  -8.114
 45.71  -8.113
 45.81  -8.112
 45.91  -8.111
 46.00  -8.110
 46.10  -8.109
 46.20  -8.108
 46.30  -8.107
 46.39  -8.105
 46.49  -8.104
 46.59  -8.103
 46.68  -8.102
 46.78  -8.101
 46.88  -8.100
 46.98  -8.099
 47.07  -8.098
 47.17  -8.097
 47.27  -8.096
 47.37  -8.095
 47.46  -8.093
 47.56  -8.092
 47.66  -8.091
 47.76  -8.090
 47.86  -8.089
 47.95  -8.087
 48.05  -8.086
 48.15  -8.085
 48.25  -8.084
 48.34  -8.082
 48.44  -8.081
 48.54  -8.080
 48.64  -8.078
 48.73  -8.077
 48.83  -8.076
 48.93  -8.074
 49.02  -8.073
 49.12  -8.071
 49.22  -8.070
 49.32  -8.068
 49.41  -8.067
 49.51  -8.065
 49.61  -8.064
 49.71  -8.062
 49.80  -8.060
 49.90  -8.058
 50.00  -8.057
 50.10  -8.055
 50.19  -8.053
 50.29  -8.051
 50.39  -8.049
 50.49  -8.047
 50.59  -8.045
 50.68  -8.043
 50.78  -8.041
 50.88  -8.039
 50.97  -8.037
 51.07  -8.035
 51.17  -8.033
 51.27  -8.031
 51.37  -8.029
 51.46  -8.027
 51.56  -8.026
 51.66  -8.024
 51.76  -8.022
 51.86  -8.021
 51.95  -8.019
 52.05  -8.018
 52.15  -8.016
 52.25  -8.014
 52.35  -8.013
 52.44  -8.011
 52.54  -8.009
 52.64  -8.008
 52.74  -8.006
 52.83  -8.004
 52.93  -8.002
 53.03  -8.000
 53.13  -7.998
 53.23  -7.996
 53.32  -7.994
 53.42  -7.992
 53.51  -7.990
 53.61  -7.988
 53.71  -7.986
 53.81  -7.984
 53.90  -7.982
 54.00  -7.980
 54.10  -7.978
 54.19  -7.976
 54.30  -7.974
 54.39  -7.972
 54.49  -7.969
 54.59  -7.967
 54.69  -7.965
 54.78  -7.963
 54.88  -7.960
 54.98  -7.958
 55.07  -7.956
 55.17  -7.953
 55.27  -7.951
 55.37  -7.949
 55.46  -7.947
 55.56  -7.944
 55.66  -7.942
 55.76  -7.940
 55.85  -7.938
 55.95  -7.936
 56.05  -7.934
 56.14  -7.932
 56.24  -7.931
 56.34  -7.929
 56.44  -7.927
 56.53  -7.926
 56.63  -7.924
 56.73  -7.923
 56.82  -7.921
 56.92  -7.920
 57.02  -7.918
 57.12  -7.916
 57.21  -7.915
 57.31  -7.913
 57.41  -7.911
 57.51  -7.910
 57.60  -7.908
 57.70  -7.906
 57.80  -7.905
 57.90  -7.903
 57.99  -7.901
 58.09  -7.899
 58.19  -7.897
 58.29  -7.895
 58.39  -7.893
 58.49  -7.891
 58.58  -7.890
 58.68  -7.888
 58.78  -7.886
 58.87  -7.884
 58.97  -7.882
 59.07  -7.880
 59.17  -7.878
 59.26  -7.876
 59.36  -7.874
 59.46  -7.871
 59.56  -7.869
 59.65  -7.867
 59.75  -7.865
 59.85  -7.863
 59.94  -7.861
 60.04  -7.859
 60.14  -7.857
 60.24  -7.856
 60.34  -7.854
 60.44  -7.852
 60.53  -7.850
 60.63  -7.848
 60.73  -7.845
 60.82  -7.843
 60.92  -7.840
 61.02  -7.837
 61.12  -7.835
 61.21  -7.832
 61.31  -7.829
 61.41  -7.827
 61.51  -7.825
 61.61  -7.823
 61.71  -7.822
 61.80  -7.820
 61.90  -7.818
 62.00  -7.817
 62.09  -7.815
 62.19  -7.814
 62.29  -7.812
 62.39  -7.810
 62.49  -7.808
 62.59  -7.806
 62.69  -7.804
 62.78  -7.802
 62.88  -7.800
 62.98  -7.798
 63.08  -7.795
 63.17  -7.793
 63.27  -7.791
 63.37  -7.788
 63.46  -7.786
 63.56  -7.783
 63.66  -7.781
 63.76  -7.778
 63.85  -7.776
 63.95  -7.774
 64.05  -7.772
 64.14  -7.770
 64.24  -7.768
 64.34  -7.766
 64.44  -7.765
 64.54  -7.763
 64.63  -7.761
 64.73  -7.759
 64.83  -7.756
 64.92  -7.754
 65.02  -7.752
 65.12  -7.750
 65.21  -7.748
 65.31  -7.745
 65.41  -7.743
 65.51  -7.740
 65.61  -7.738
 65.70  -7.735
 65.80  -7.732
 65.90  -7.729
 65.99  -7.727
 66.09  -7.724
 66.19  -7.722
 66.29  -7.720
 66.39  -7.718
 66.48  -7.716
 66.58  -7.714
 66.68  -7.712
 66.77  -7.709
 66.87  -7.707
 66.97  -7.704
 67.07  -7.701
 67.17  -7.697
 67.26  -7.694
 67.36  -7.690
 67.45  -7.687
 67.55  -7.683
 67.65  -7.679
 67.75  -7.676
 67.84  -7.672
 67.94  -7.669
 68.04  -7.665
 68.13  -7.662
 68.22  -7.659
 68.32  -7.656
 68.41  -7.652
 68.51  -7.650
 68.60  -7.647
 68.69  -7.645
 68.79  -7.642
 68.89  -7.640
 68.98  -7.638
 69.07  -7.636
 69.17  -7.634
 69.27  -7.631
 69.36  -7.629
 69.45  -7.627
 69.55  -7.625
 69.64  -7.623
 69.74  -7.620
 69.84  -7.618
 69.93  -7.615
 70.02  -7.612
 70.12  -7.609
 70.21  -7.605
 70.31  -7.602
 70.40  -7.598
 70.50  -7.595
 70.59  -7.591
 70.69  -7.587
 70.78  -7.584
 70.88  -7.580
 70.97  -7.576
 71.07  -7.572
 71.16  -7.569
 71.26  -7.565
 71.36  -7.562
 71.45  -7.559
 71.55  -7.557
 71.64  -7.556
 71.73  -7.554
 71.83  -7.553
 71.92  -7.552
 72.02  -7.550
 72.12  -7.549
 72.21  -7.548
 72.30  -7.546
 72.40  -7.545
 72.50  -7.543
 72.59  -7.541
 72.69  -7.539
 72.78  -7.537
 72.88  -7.535
 72.97  -7.532
 73.07  -7.530
 73.16  -7.527
 73.26  -7.524
 73.36  -7.521
 73.45  -7.517
 73.55  -7.514
 73.64  -7.511
 73.74  -7.507
 73.83  -7.503
 73.93  -7.500
 74.02  -7.496
 74.12  -7.493
 74.21  -7.489
 74.31  -7.485
 74.40  -7.482
 74.50  -7.479
 74.60  -7.475
 74.69  -7.472
 74.79  -7.469
 74.88  -7.466
 74.98  -7.464
 75.07  -7.461
 75.17  -7.458
 75.27  -7.455
 75.36  -7.453
 75.46  -7.450
 75.55  -7.447
 75.65  -7.445
 75.75  -7.442
 75.84  -7.440
 75.94  -7.437
 76.03  -7.435
 76.13  -7.432
 76.23  -7.429
 76.32  -7.426
 76.42  -7.423
 76.52  -7.420
 76.61  -7.417
 76.71  -7.414
 76.80  -7.412
 76.90  -7.409
 77.00  -7.407
 77.09  -7.405
 77.19  -7.403
 77.29  -7.401
 77.38  -7.399
 77.48  -7.397
 77.57  -7.395
 77.67  -7.393
 77.77  -7.390
 77.87  -7.387
 77.96  -7.384
 78.06  -7.381
 78.15  -7.378
 78.25  -7.376
 78.34  -7.373
 78.44  -7.370
 78.54  -7.367
 78.63  -7.364
 78.73  -7.362
 78.82  -7.359
 78.92  -7.356
 79.02  -7.353
 79.11  -7.350
 79.21  -7.348
 79.31  -7.345
 79.40  -7.342
 79.50  -7.339
 79.59  -7.336
 79.69  -7.333
 79.79  -7.330
 79.88  -7.327
 79.98  -7.324
 80.07  -7.321
 80.17  -7.318
 80.27  -7.315
 80.37  -7.312
 80.46  -7.309
 80.56  -7.306
 80.65  -7.303
 80.75  -7.300
 80.85  -7.297
 80.94  -7.294
 81.04  -7.292
 81.14  -7.289
 81.23  -7.286
 81.33  -7.283
 81.43  -7.280
 81.53  -7.277
 81.63  -7.274
 81.72  -7.271
 81.82  -7.268
 81.91  -7.265
 82.01  -7.262
 82.11  -7.259
 82.21  -7.256
 82.30  -7.253
 82.40  -7.250
 82.49  -7.247
 82.59  -7.244
 82.69  -7.241
 82.78  -7.238
 82.88  -7.235
 82.98  -7.232
 83.08  -7.229
 83.17  -7.226
 83.27  -7.223
 83.37  -7.220
 83.46  -7.217
 83.56  -7.214
 83.66  -7.210
 83.76  -7.207
 83.85  -7.203
 83.95  -7.200
 84.05  -7.196
 84.14  -7.192
 84.24  -7.189
 84.34  -7.185
 84.43  -7.181
 84.53  -7.177
 84.63  -7.173
 84.73  -7.170
 84.82  -7.166
 84.92  -7.162
 85.02  -7.158
 85.12  -7.154
 85.21  -7.151
 85.31  -7.147
 85.41  -7.143
 85.51  -7.140
 85.60  -7.136
 85.70  -7.132
 85.80  -7.129
 85.89  -7.125
 85.99  -7.122
 86.09  -7.118
 86.19  -7.115
 86.29  -7.111
 86.38  -7.107
 86.47  -7.104
 86.57  -7.101
 86.67  -7.097
 86.77  -7.094
 86.87  -7.091
 86.96  -7.089
 87.06  -7.086
 87.16  -7.083
 87.25  -7.081
 87.35  -7.079
 87.45  -7.076
 87.55  -7.074
 87.64  -7.072
 87.74  -7.069
 87.84  -7.067
 87.94  -7.065
 88.03  -7.062
 88.13  -7.060
 88.23  -7.057
 88.32  -7.055
 88.42  -7.052
 88.52  -7.049
 88.62  -7.045
 88.71  -7.042
 88.81  -7.039
 88.91  -7.035
 89.00  -7.032
 89.10  -7.028
 89.20  -7.024
 89.30  -7.021
 89.39  -7.017
 89.49  -7.013
 89.59  -7.009
 89.69  -7.006
 89.79  -7.002
 89.89  -6.998
 89.98  -6.995
 90.08  -6.992
 90.18  -6.988
 90.27  -6.985
 90.37  -6.982
 90.47  -6.979
 90.57  -6.976
 90.67  -6.973
 90.76  -6.970
 90.86  -6.967
 90.96  -6.964
 91.05  -6.961
 91.15  -6.958
 91.25  -6.955
 91.35  -6.952
 91.45  -6.948
 91.54  -6.945
 91.64  -6.941
 91.74  -6.937
 91.84  -6.933
 91.94  -6.929
 92.03  -6.925
 92.13  -6.921
 92.23  -6.916
 92.33  -6.912
 92.42  -6.908
 92.52  -6.904
 92.62  -6.899
 92.72  -6.895
 92.82  -6.891
 92.91  -6.887
 93.01  -6.883
 93.11  -6.879
 93.21  -6.876
 93.31  -6.872
 93.41  -6.869
 93.50  -6.866
 93.60  -6.863
 93.70  -6.860
 93.79  -6.857
 93.89  -6.854
 93.99  -6.851
 94.08  -6.848
 94.18  -6.846
 94.28  -6.843
 94.38  -6.840
 94.48  -6.837
 94.58  -6.835
 94.67  -6.832
 94.77  -6.829
 94.87  -6.826
 94.97  -6.824
 95.07  -6.821
 95.16  -6.818
 95.26  -6.815
 95.36  -6.812
 95.46  -6.810
 95.56  -6.807
 95.66  -6.805
 95.75  -6.802
 95.85  -6.800
 95.95  -6.797
 96.04  -6.795
 96.14  -6.792
 96.24  -6.789
 96.34  -6.785
 96.44  -6.782
 96.53  -6.778
 96.63  -6.774
 96.73  -6.770
 96.82  -6.765
 96.92  -6.761
 97.02  -6.757
 97.12  -6.753
 97.22  -6.748
 97.31  -6.744
 97.41  -6.740
 97.51  -6.736
 97.61  -6.732
 97.70  -6.728
 97.80  -6.724
 97.90  -6.720
 98.00  -6.717
 98.10  -6.714
 98.19  -6.711
 98.29  -6.708
 98.39  -6.705
 98.49  -6.702
 98.58  -6.699
 98.68  -6.696
 98.78  -6.694
 98.88  -6.691
 98.97  -6.688
 99.07  -6.685
 99.17  -6.682
 99.26  -6.679
 99.36  -6.675
 99.46  -6.671
 99.56  -6.666
 99.65  -6.661
 99.75  -6.656
 99.85  -6.651
 99.95  -6.646
100.04  -6.640
100.14  -6.635
100.24  -6.629
100.34  -6.624
100.44  -6.619
100.54  -6.614
100.64  -6.609
100.74  -6.604
100.84  -6.599
100.95  -6.594
101.05  -6.590
101.15  -6.587
101.26  -6.583
101.36  -6.579
101.46  -6.576
101.57  -6.573
101.67  -6.570
101.77  -6.567
101.88  -6.564
101.98  -6.561
102.08  -6.558
102.19  -6.555
102.29  -6.553
102.39  -6.550
102.49  -6.548
102.60  -6.545
102.70  -6.543
102.80  -6.540
102.91  -6.538
103.01  -6.535
103.11  -6.533
103.21  -6.531
103.32  -6.528
103.42  -6.526
103.52  -6.524
103.63  -6.521
103.73  -6.519
103.84  -6.517
103.94  -6.515
104.04  -6.512
104.14  -6.510
104.24  -6.507
104.34  -6.505
104.44  -6.501
104.54  -6.498
104.64  -6.495
104.74  -6.492
104.84  -6.488
104.94  -6.485
105.04  -6.482
105.15  -6.478
105.25  -6.475
105.35  -6.472
105.45  -6.469
105.55  -6.466
105.65  -6.462
105.75  -6.459
105.86  -6.456
105.96  -6.453
106.06  -6.449
106.16  -6.446
106.26  -6.443
106.36  -6.439
106.46  -6.436
106.56  -6.433
106.66  -6.429
106.76  -6.426
106.86  -6.423
106.96  -6.419
107.07  -6.416
107.17  -6.413
107.27  -6.410
107.36  -6.407
107.47  -6.404
107.57  -6.401
107.67  -6.398
107.77  -6.395
107.87  -6.392
107.97  -6.390
108.07  -6.387
108.17  -6.384
108.27  -6.382
108.37  -6.379
108.47  -6.376
108.57  -6.374
108.67  -6.371
108.77  -6.368
108.87  -6.365
108.97  -6.363
109.08  -6.360
109.18  -6.357
109.28  -6.353
109.38  -6.350
109.48  -6.347
109.58  -6.344
109.68  -6.340
109.78  -6.337
109.88  -6.333
109.98  -6.330
110.08  -6.326
110.19  -6.323
110.29  -6.320
110.39  -6.316
110.49  -6.313
110.60  -6.309
110.70  -6.306
110.80  -6.303
110.90  -6.299
111.00  -6.296
111.10  -6.293
111.20  -6.290
111.30  -6.286
111.41  -6.283
111.51  -6.280
111.61  -6.277
111.71  -6.273
111.81  -6.270
111.91  -6.267
112.01  -6.264
112.11  -6.261
112.22  -6.257
112.32  -6.254
112.42  -6.251
112.52  -6.248
112.62  -6.245
112.73  -6.242
112.83  -6.239
112.93  -6.236
113.03  -6.233
113.13  -6.230
113.23  -6.227
113.33  -6.224
113.43  -6.221
113.54  -6.218
113.64  -6.215
113.74  -6.212
113.84  -6.209
113.94  -6.206
114.04  -6.202
114.14  -6.199
114.24  -6.195
114.34  -6.191
114.45  -6.188
114.55  -6.184
114.66  -6.180
114.76  -6.177
114.86  -6.173
114.96  -6.169
115.06  -6.165
115.16  -6.162
115.26  -6.158
115.36  -6.154
115.46  -6.151
115.57  -6.148
115.67  -6.145
115.77  -6.143
115.87  -6.140
115.97  -6.138
116.07  -6.136
116.17  -6.134
116.27  -6.132
116.37  -6.130
116.47  -6.127
116.58  -6.124
116.68  -6.121
116.78  -6.118
116.88  -6.115
116.98  -6.112
117.09  -6.109
117.18  -6.106
117.29  -6.104
117.39  -6.101
117.49  -6.098
117.59  -6.095
117.69  -6.093
117.80  -6.090
117.90  -6.087
118.00  -6.084
118.09  -6.081
118.20  -6.078
118.30  -6.075
118.40  -6.072
118.60  -6.066
118.70  -6.063
118.80  -6.060
118.90  -6.056
119.00  -6.053
119.10  -6.050
119.21  -6.047
119.31  -6.043
119.40  -6.040
119.51  -6.037
119.61  -6.033
119.72  -6.030
119.82  -6.026
119.91  -6.023
120.02  -6.020
120.12  -6.016
120.22  -6.013
120.33  -6.010
120.43  -6.007
120.53  -6.004
120.63  -6.001
120.73  -5.998
120.83  -5.995
120.94  -5.992
121.04  -5.989
121.14  -5.986
121.24  -5.983
121.34  -5.981
121.44  -5.978
121.54  -5.975
121.64  -5.972
121.74  -5.969
121.84  -5.966
121.95  -5.963
122.05  -5.960
122.15  -5.957
122.25  -5.954
122.35  -5.951
122.45  -5.948
122.55  -5.945
122.66  -5.942
122.76  -5.938
122.86  -5.935
122.96  -5.932
123.06  -5.929
123.17  -5.926
123.26  -5.922
123.37  -5.919
123.47  -5.916
123.57  -5.913
123.67  -5.909
123.77  -5.906
123.87  -5.903
123.97  -5.899
124.08  -5.896
124.18  -5.892
124.28  -5.889
124.38  -5.885
124.48  -5.882
124.58  -5.879
124.69  -5.875
124.79  -5.872
124.89  -5.868
124.99  -5.865
125.09  -5.862
125.19  -5.858
125.29  -5.855
125.39  -5.852
125.49  -5.849
125.60  -5.845
125.70  -5.842
125.80  -5.839
125.90  -5.836
126.00  -5.833
126.10  -5.830
126.20  -5.827
126.31  -5.824
126.41  -5.821
126.51  -5.818
126.61  -5.816
126.71  -5.813
126.81  -5.810
126.91  -5.807
127.02  -5.804
127.12  -5.801
127.22  -5.798
127.32  -5.795
127.42  -5.792
127.52  -5.789
127.62  -5.786
127.73  -5.783
127.83  -5.780
127.93  -5.778
128.03  -5.775
128.13  -5.772
128.23  -5.770
128.33  -5.767
128.44  -5.764
128.54  -5.762
128.64  -5.759
128.74  -5.756
128.84  -5.753
128.94  -5.750
129.05  -5.747
129.15  -5.744
129.25  -5.741
129.35  -5.738
129.45  -5.735
129.55  -5.732
129.65  -5.729
129.75  -5.726
129.86  -5.723
129.96  -5.720
130.06  -5.716
130.16  -5.713
130.26  -5.709
130.36  -5.705
130.46  -5.701
130.57  -5.696
130.67  -5.692
130.77  -5.688
130.87  -5.684
130.97  -5.679
131.07  -5.676
131.17  -5.672
131.27  -5.668
131.37  -5.665
131.47  -5.661
131.58  -5.658
131.68  -5.654
131.78  -5.651
131.88  -5.648
131.98  -5.645
132.08  -5.642
132.19  -5.639
132.29  -5.637
132.39  -5.634
132.49  -5.631
132.59  -5.629
132.69  -5.626
132.80  -5.624
132.90  -5.621
133.00  -5.619
133.10  -5.616
133.20  -5.614
133.31  -5.611
133.41  -5.608
133.51  -5.605
133.61  -5.602
133.71  -5.599
133.81  -5.595
133.91  -5.592
134.02  -5.589
134.12  -5.585
134.22  -5.582
134.32  -5.579
134.42  -5.575
134.52  -5.572
134.62  -5.568
134.72  -5.565
134.82  -5.562
134.92  -5.558
135.02  -5.555
135.12  -5.552
135.22  -5.549
135.32  -5.546
135.42  -5.543
135.52  -5.540
135.62  -5.537
135.72  -5.535
135.82  -5.532
135.92  -5.529
136.02  -5.526
136.13  -5.523
136.23  -5.520
136.32  -5.517
136.43  -5.515
136.53  -5.512
136.63  -5.509
136.73  -5.506
136.83  -5.503
136.93  -5.500
137.03  -5.497
137.13  -5.495
137.24  -5.492
137.34  -5.489
137.44  -5.486
137.54  -5.483
137.64  -5.480
137.74  -5.477
137.85  -5.474
137.95  -5.471
138.05  -5.469
138.15  -5.466
138.25  -5.463
138.35  -5.460
138.45  -5.457
138.55  -5.454
138.66  -5.451
138.75  -5.448
138.85  -5.445
138.95  -5.442
139.05  -5.439
139.15  -5.436
139.24  -5.433
139.34  -5.430
139.44  -5.427
139.54  -5.424
139.64  -5.421
139.73  -5.418
139.83  -5.415
139.93  -5.412
140.03  -5.409
140.12  -5.406
140.22  -5.403
140.32  -5.400
140.42  -5.397
140.52  -5.394
140.62  -5.391
140.72  -5.388
140.82  -5.385
140.91  -5.382
141.01  -5.379
141.11  -5.376
141.21  -5.373
141.30  -5.370
141.40  -5.367
141.50  -5.364
141.60  -5.362
141.70  -5.359
141.79  -5.357
141.89  -5.354
141.99  -5.351
142.09  -5.349
142.19  -5.347
142.29  -5.344
142.39  -5.342
142.49  -5.339
142.58  -5.337
142.68  -5.334
142.78  -5.332
142.88  -5.329
142.98  -5.327
143.08  -5.324
143.18  -5.321
143.28  -5.319
143.38  -5.316
143.47  -5.313
143.57  -5.310
143.67  -5.307
143.77  -5.304
143.87  -5.302
143.97  -5.299
144.07  -5.297
144.16  -5.294
144.26  -5.291
144.37  -5.288
144.46  -5.285
144.56  -5.282
144.66  -5.279
144.76  -5.275
144.86  -5.271
144.96  -5.267
145.06  -5.263
145.16  -5.259
145.26  -5.254
145.36  -5.250
145.45  -5.246
145.55  -5.242
145.66  -5.238
145.75  -5.234
145.85  -5.230
145.95  -5.226
146.05  -5.222
146.15  -5.219
146.25  -5.216
146.35  -5.213
146.45  -5.211
146.55  -5.208
146.64  -5.206
146.74  -5.204
146.84  -5.202
146.94  -5.200
147.04  -5.197
147.14  -5.195
147.24  -5.193
147.34  -5.191
147.44  -5.189
147.54  -5.186
147.64  -5.184
147.74  -5.181
147.84  -5.178
147.93  -5.174
148.03  -5.170
148.14  -5.167
148.24  -5.163
148.34  -5.159
148.43  -5.155
148.53  -5.150
148.63  -5.146
148.73  -5.142
148.83  -5.138
148.93  -5.134
149.03  -5.130
149.13  -5.126
149.23  -5.122
149.33  -5.118
149.43  -5.114
149.53  -5.111
149.63  -5.108
149.73  -5.104
149.83  -5.101
149.93  -5.098
150.03  -5.094
150.12  -5.091
150.22  -5.088
150.32  -5.085
150.42  -5.081
150.52  -5.078
150.62  -5.075
150.72  -5.071
150.82  -5.068
150.92  -5.065
151.02  -5.061
151.12  -5.058
151.22  -5.054
151.32  -5.051
151.42  -5.047
151.52  -5.044
151.62  -5.040
151.72  -5.036
151.82  -5.032
151.92  -5.028
152.02  -5.024
152.12  -5.020
152.22  -5.016
152.32  -5.012
152.42  -5.009
152.52  -5.005
152.62  -5.002
152.72  -4.999
152.82  -4.997
152.92  -4.994
153.02  -4.992
153.12  -4.990
153.23  -4.987
153.33  -4.985
153.42  -4.982
153.53  -4.980
153.63  -4.978
153.73  -4.975
153.83  -4.972
153.93  -4.969
154.02  -4.966
154.12  -4.963
154.23  -4.959
154.32  -4.954
154.42  -4.949
154.52  -4.944
154.62  -4.939
154.72  -4.934
154.83  -4.929
154.92  -4.924
155.03  -4.918
155.13  -4.913
155.23  -4.908
155.33  -4.903
155.43  -4.898
155.53  -4.894
155.62  -4.889
155.72  -4.886
155.82  -4.883
155.92  -4.880
156.02  -4.879
156.12  -4.877
156.22  -4.875
156.32  -4.874
156.42  -4.873
156.52  -4.872
156.62  -4.871
156.72  -4.870
156.82  -4.868
156.92  -4.867
157.02  -4.866
157.12  -4.864
157.22  -4.862
157.32  -4.860
157.42  -4.857
157.52  -4.853
157.62  -4.849
157.72  -4.844
157.82  -4.839
157.92  -4.835
158.02  -4.830
158.12  -4.825
158.22  -4.820
158.32  -4.815
158.42  -4.810
158.52  -4.806
158.62  -4.801
158.72  -4.796
158.82  -4.792
158.92  -4.789
159.02  -4.786
159.12  -4.783
159.22  -4.781
159.32  -4.779
159.42  -4.777
159.52  -4.775
159.62  -4.774
159.72  -4.772
159.81  -4.770
159.91  -4.769
160.01  -4.767
160.11  -4.766
160.21  -4.764
160.32  -4.762
160.41  -4.760
160.51  -4.758
160.61  -4.755
160.71  -4.752
160.81  -4.749
160.91  -4.745
161.01  -4.742
161.11  -4.738
161.21  -4.735
161.31  -4.731
161.41  -4.727
161.51  -4.724
161.61  -4.720
161.71  -4.717
161.81  -4.713
161.91  -4.710
162.01  -4.706
162.11  -4.703
162.21  -4.701
162.31  -4.698
162.41  -4.696
162.51  -4.694
162.61  -4.692
162.71  -4.689
162.81  -4.687
162.91  -4.685
163.01  -4.683
163.11  -4.681
163.21  -4.679
163.31  -4.677
163.41  -4.675
163.51  -4.672
163.61  -4.670
163.71  -4.666
163.81  -4.663
163.91  -4.659
164.01  -4.655
164.11  -4.651
164.21  -4.647
164.31  -4.642
164.41  -4.638
164.51  -4.633
164.61  -4.629
164.71  -4.624
164.81  -4.620
164.91  -4.616
165.01  -4.612
165.11  -4.608
165.21  -4.604
165.31  -4.601
165.41  -4.598
165.51  -4.596
165.61  -4.594
165.70  -4.592
165.80  -4.591
165.91  -4.589
166.00  -4.588
166.10  -4.587
166.21  -4.585
166.30  -4.584
166.40  -4.583
166.50  -4.581
166.60  -4.580
166.70  -4.578
166.80  -4.577
166.90  -4.575
167.00  -4.572
167.10  -4.569
167.20  -4.566
167.30  -4.563
167.40  -4.560
167.50  -4.556
167.59  -4.553
167.70  -4.549
167.80  -4.546
167.90  -4.542
168.00  -4.539
168.10  -4.535
168.19  -4.532
168.29  -4.528
168.39  -4.525
168.49  -4.522
168.59  -4.519
168.69  -4.516
168.79  -4.514
168.89  -4.512
168.99  -4.509
169.09  -4.507
169.19  -4.505
169.29  -4.503
169.39  -4.500
169.49  -4.498
169.59  -4.495
169.69  -4.493
169.79  -4.490
169.89  -4.488
169.99  -4.485
170.08  -4.483
170.18  -4.480
170.29  -4.478
170.39  -4.475
170.48  -4.472
170.58  -4.470
170.68  -4.467
170.78  -4.464
170.88  -4.461
170.99  -4.459
171.09  -4.456
171.19  -4.453
171.29  -4.450
171.38  -4.448
171.48  -4.445
171.58  -4.442
171.68  -4.440
171.78  -4.437
171.88  -4.434
171.98  -4.432
172.08  -4.429
172.18  -4.427
172.28  -4.424
172.38  -4.422
172.48  -4.419
172.58  -4.417
172.68  -4.414
172.78  -4.412
172.87  -4.410
172.97  -4.407
173.07  -4.405
173.16  -4.402
173.26  -4.400
173.35  -4.398
173.45  -4.395
173.54  -4.393
173.64  -4.390
173.73  -4.388
173.83  -4.386
173.93  -4.383
174.02  -4.381
174.12  -4.378
174.21  -4.376
174.31  -4.374
174.41  -4.372
174.51  -4.369
174.60  -4.367
174.70  -4.365
174.80  -4.363
174.89  -4.361
174.99  -4.359
175.09  -4.357
175.18  -4.355
175.28  -4.353
175.37  -4.351
175.47  -4.349
175.57  -4.348
175.66  -4.346
175.76  -4.344
175.85  -4.342
175.95  -4.340
176.05  -4.339
176.14  -4.337
176.24  -4.335
176.34  -4.333
176.43  -4.331
176.53  -4.329
176.63  -4.326
176.73  -4.324
176.82  -4.322
176.92  -4.319
177.02  -4.317
177.12  -4.315
177.21  -4.313
177.31  -4.311
177.41  -4.309
177.50  -4.307
177.60  -4.305
177.70  -4.303
177.79  -4.300
177.89  -4.298
177.99  -4.295
178.09  -4.293
178.19  -4.290
178.28  -4.287
178.38  -4.284
178.48  -4.281
178.58  -4.279
178.68  -4.276
178.77  -4.273
178.87  -4.270
178.96  -4.267
179.06  -4.264
179.16  -4.262
179.26  -4.259
179.36  -4.257
179.45  -4.255
179.55  -4.253
179.65  -4.252
179.75  -4.250
179.84  -4.249
179.94  -4.248
180.04  -4.247
180.13  -4.246
180.23  -4.245
180.33  -4.244
180.42  -4.242
180.52  -4.241
180.62  -4.240
180.72  -4.239
180.81  -4.237
180.91  -4.235
181.01  -4.233
181.10  -4.231
181.20  -4.228
181.30  -4.225
181.39  -4.221
181.49  -4.218
181.59  -4.214
181.69  -4.210
181.79  -4.206
181.88  -4.202
181.98  -4.199
182.07  -4.195
182.17  -4.191
182.27  -4.187
182.37  -4.183
182.46  -4.180
182.56  -4.176
182.66  -4.173
182.75  -4.169
182.85  -4.166
182.95  -4.163
183.04  -4.160
183.14  -4.158
183.23  -4.155
183.33  -4.152
183.43  -4.149
183.52  -4.146
183.62  -4.143
183.81  -4.138
183.91  -4.135
184.01  -4.133
184.10  -4.130
184.20  -4.127
184.30  -4.125
184.39  -4.123
184.49  -4.120
184.59  -4.118
184.68  -4.115
184.79  -4.113
184.88  -4.111
184.98  -4.108
185.08  -4.106
185.17  -4.104
185.27  -4.101
185.37  -4.099
185.46  -4.097
185.56  -4.094
185.66  -4.092
185.75  -4.089
185.85  -4.087
185.94  -4.084
186.04  -4.081
186.14  -4.079
186.23  -4.076
186.33  -4.073
186.43  -4.070
186.52  -4.067
186.62  -4.065
186.72  -4.062
186.82  -4.059
186.91  -4.056
187.01  -4.053
187.11  -4.051
187.20  -4.048
187.30  -4.045
187.40  -4.043
187.50  -4.040
187.59  -4.037
187.69  -4.035
187.79  -4.032
187.88  -4.030
187.98  -4.027
188.08  -4.025
188.17  -4.022
188.27  -4.020
188.37  -4.017
188.46  -4.015
188.56  -4.012
188.66  -4.010
188.75  -4.007
188.85  -4.004
188.94  -4.002
189.04  -3.999
189.14  -3.996
189.24  -3.993
189.33  -3.991
189.43  -3.988
189.53  -3.985
189.62  -3.982
189.72  -3.979
189.82  -3.977
189.92  -3.974
190.01  -3.971
190.11  -3.968
190.21  -3.965
190.30  -3.962
190.40  -3.959
190.50  -3.956
190.60  -3.953
190.69  -3.950
190.79  -3.947
190.89  -3.944
190.98  -3.941
191.08  -3.938
191.17  -3.935
191.27  -3.931
191.37  -3.928
191.46  -3.925
191.56  -3.922
191.66  -3.919
191.76  -3.916
191.85  -3.914
191.95  -3.911
192.04  -3.908
192.14  -3.905
192.24  -3.903
192.34  -3.900
192.43  -3.898
192.53  -3.895
192.63  -3.893
192.73  -3.891
192.82  -3.888
192.92  -3.886
193.02  -3.884
193.12  -3.882
193.21  -3.879
193.31  -3.877
193.41  -3.874
193.51  -3.870
193.60  -3.867
193.70  -3.863
193.80  -3.859
193.90  -3.855
193.99  -3.852
194.09  -3.848
194.19  -3.843
194.29  -3.840
194.38  -3.836
194.48  -3.832
194.58  -3.828
194.67  -3.824
194.77  -3.820
194.87  -3.816
194.97  -3.813
195.06  -3.810
195.16  -3.807
195.26  -3.804
195.35  -3.801
195.45  -3.798
195.55  -3.795
195.65  -3.793
195.75  -3.790
195.84  -3.787
195.94  -3.785
196.03  -3.782
196.13  -3.779
196.23  -3.777
196.33  -3.774
196.42  -3.771
196.52  -3.769
196.61  -3.766
196.71  -3.763
196.81  -3.760
196.90  -3.757
197.00  -3.754
197.10  -3.751
197.19  -3.748
197.29  -3.744
197.39  -3.741
197.48  -3.738
197.58  -3.735
197.67  -3.732
197.77  -3.729
197.87  -3.726
197.96  -3.723
198.06  -3.720
198.16  -3.717
198.25  -3.714
198.35  -3.711
198.45  -3.708
198.54  -3.705
198.64  -3.702
198.73  -3.699
198.83  -3.696
198.93  -3.692
199.02  -3.689
199.12  -3.686
199.22  -3.683
199.31  -3.680
199.41  -3.677
199.51  -3.674
199.60  -3.671
199.70  -3.667
199.80  -3.664
199.89  -3.661
199.99  -3.658
200.09  -3.655
200.18  -3.651
200.28  -3.648
200.38  -3.645
200.47  -3.642
200.57  -3.639
200.66  -3.636
200.76  -3.632
200.86  -3.629
200.95  -3.626
201.05  -3.623
201.14  -3.620
201.24  -3.617
201.34  -3.613
201.43  -3.610
201.53  -3.607
201.63  -3.604
201.72  -3.601
201.82  -3.598
201.92  -3.594
202.02  -3.591
202.12  -3.588
202.21  -3.585
202.31  -3.582
202.40  -3.579
202.50  -3.576
202.60  -3.573
202.69  -3.570
202.79  -3.567
202.88  -3.565
202.98  -3.562
203.07  -3.559
203.17  -3.557
203.27  -3.554
203.37  -3.552
203.46  -3.549
203.56  -3.547
203.65  -3.544
203.75  -3.541
203.85  -3.539
203.95  -3.536
204.04  -3.533
204.14  -3.531
204.23  -3.528
204.33  -3.525
204.42  -3.521
204.52  -3.518
204.62  -3.515
204.71  -3.511
204.81  -3.508
204.91  -3.504
205.00  -3.501
205.10  -3.497
205.19  -3.494
205.29  -3.490
205.39  -3.486
205.48  -3.483
205.57  -3.479
205.67  -3.475
205.76  -3.471
205.85  -3.467
205.94  -3.463
206.04  -3.459
206.13  -3.455
206.22  -3.451
206.32  -3.447
206.41  -3.443
206.50  -3.439
206.59  -3.435
206.69  -3.431
206.78  -3.427
206.87  -3.423
206.97  -3.420
207.06  -3.416
207.16  -3.412
207.25  -3.408
207.34  -3.405
207.43  -3.401
207.53  -3.398
207.62  -3.395
207.71  -3.392
207.80  -3.389
207.90  -3.386
207.99  -3.383
208.08  -3.380
208.18  -3.377
208.27  -3.374
208.36  -3.371
208.46  -3.368
208.55  -3.365
208.65  -3.362
208.74  -3.359
208.83  -3.356
208.93  -3.353
209.02  -3.350
209.11  -3.347
209.20  -3.343
209.29  -3.340
209.39  -3.337
209.48  -3.333
209.57  -3.330
209.67  -3.327
209.76  -3.323
209.85  -3.320
209.95  -3.317
210.04  -3.313
210.14  -3.310
210.23  -3.306
210.32  -3.303
210.42  -3.299
210.51  -3.296
210.60  -3.292
210.70  -3.288
210.79  -3.285
210.89  -3.281
210.98  -3.277
211.08  -3.274
211.17  -3.270
211.26  -3.266
211.36  -3.262
211.45  -3.258
211.54  -3.255
211.64  -3.251
211.73  -3.247
211.82  -3.243
211.92  -3.239
212.01  -3.235
212.10  -3.231
212.19  -3.227
212.29  -3.223
212.38  -3.219
212.48  -3.215
212.57  -3.211
212.67  -3.207
212.76  -3.203
212.85  -3.199
212.95  -3.195
213.04  -3.191
213.13  -3.188
213.23  -3.184
213.32  -3.180
213.41  -3.177
213.51  -3.173
213.60  -3.170
213.69  -3.167
213.79  -3.163
213.88  -3.160
213.97  -3.156
214.07  -3.153
214.16  -3.149
214.25  -3.146
214.35  -3.142
214.44  -3.138
214.53  -3.135
214.62  -3.131
214.72  -3.128
214.81  -3.125
214.90  -3.121
215.00  -3.118
215.09  -3.115
215.19  -3.112
215.28  -3.109
215.37  -3.106
215.46  -3.103
215.55  -3.099
215.65  -3.096
215.74  -3.093
215.84  -3.090
215.93  -3.087
216.02  -3.083
216.12  -3.080
216.21  -3.077
216.31  -3.074
216.40  -3.072
216.49  -3.069
216.59  -3.066
216.68  -3.063
216.77  -3.060
216.87  -3.058
216.96  -3.055
217.06  -3.052
217.15  -3.049
217.25  -3.046
217.34  -3.043
217.44  -3.040
217.53  -3.036
217.63  -3.032
217.72  -3.028
217.81  -3.024
217.91  -3.019
218.00  -3.014
218.10  -3.008
218.19  -3.003
218.29  -2.997
218.38  -2.992
218.47  -2.986
218.57  -2.980
218.66  -2.975
218.76  -2.969
218.85  -2.963
218.95  -2.958
219.04  -2.953
219.13  -2.947
219.23  -2.943
219.32  -2.938
219.42  -2.934
219.51  -2.931
219.60  -2.927
219.70  -2.924
219.79  -2.920
219.89  -2.917
219.98  -2.914
220.08  -2.911
220.17  -2.908
220.26  -2.905
220.36  -2.902
220.45  -2.899
220.55  -2.895
220.64  -2.892
220.73  -2.889
220.83  -2.886
220.92  -2.882
221.01  -2.878
221.11  -2.874
221.20  -2.871
221.29  -2.867
221.39  -2.863
221.48  -2.859
221.58  -2.855
221.67  -2.851
221.77  -2.847
221.86  -2.844
221.95  -2.840
222.05  -2.836
222.15  -2.832
222.24  -2.828
222.33  -2.824
222.42  -2.820
222.52  -2.816
222.61  -2.812
222.71  -2.808
222.80  -2.805
222.89  -2.801
222.98  -2.797
223.08  -2.793
223.17  -2.789
223.27  -2.785
223.36  -2.781
223.45  -2.777
223.55  -2.773
223.64  -2.768
223.73  -2.764
223.83  -2.760
223.92  -2.756
224.02  -2.751
224.11  -2.747
224.20  -2.743
224.30  -2.738
224.39  -2.734
224.49  -2.729
224.58  -2.725
224.67  -2.721
224.77  -2.716
224.86  -2.712
224.96  -2.708
225.05  -2.703
225.14  -2.699
225.24  -2.695
225.33  -2.691
225.43  -2.688
225.52  -2.684
225.62  -2.680
225.71  -2.677
225.81  -2.673
225.90  -2.670
225.99  -2.666
226.09  -2.662
226.18  -2.659
226.28  -2.655
226.37  -2.652
226.46  -2.648
226.56  -2.644
226.65  -2.641
226.75  -2.637
226.84  -2.633
226.93  -2.629
227.03  -2.625
227.12  -2.621
227.22  -2.617
227.31  -2.613
227.41  -2.609
227.50  -2.605
227.60  -2.601
227.69  -2.597
227.79  -2.593
227.89  -2.588
227.98  -2.584
228.07  -2.579
228.17  -2.575
228.26  -2.570
228.35  -2.565
228.45  -2.560
228.55  -2.554
228.64  -2.549
228.73  -2.543
228.83  -2.538
228.92  -2.532
229.02  -2.526
229.11  -2.520
229.21  -2.515
229.30  -2.509
229.39  -2.503
229.49  -2.497
229.58  -2.492
229.68  -2.486
229.77  -2.481
229.87  -2.476
229.96  -2.471
230.05  -2.467
230.15  -2.462
230.24  -2.458
230.34  -2.453
230.43  -2.449
230.52  -2.445
230.62  -2.441
230.72  -2.437
230.81  -2.432
230.90  -2.428
231.00  -2.424
231.09  -2.420
231.19  -2.415
231.28  -2.411
231.37  -2.406
231.47  -2.401
231.56  -2.396
231.66  -2.391
231.75  -2.385
231.85  -2.380
231.94  -2.375
232.04  -2.370
232.13  -2.365
232.22  -2.359
232.32  -2.355
232.41  -2.350
232.50  -2.345
232.60  -2.340
232.69  -2.336
232.78  -2.332
232.88  -2.329
232.97  -2.326
233.07  -2.323
233.16  -2.321
233.26  -2.319
233.35  -2.316
233.44  -2.314
233.54  -2.312
233.63  -2.310
233.72  -2.308
233.82  -2.306
233.91  -2.304
234.00  -2.301
234.10  -2.299
234.19  -2.297
234.29  -2.294
234.38  -2.291
234.48  -2.287
234.58  -2.283
234.67  -2.280
234.76  -2.276
234.86  -2.271
234.95  -2.267
235.04  -2.263
235.14  -2.259
235.23  -2.255
235.33  -2.251
235.42  -2.247
235.51  -2.242
235.61  -2.238
235.70  -2.234
235.80  -2.229
235.89  -2.225
235.98  -2.220
236.08  -2.216
236.17  -2.211
236.27  -2.207
236.36  -2.203
236.46  -2.198
236.55  -2.194
236.65  -2.189
236.74  -2.185
236.83  -2.181
236.93  -2.176
237.02  -2.172
237.11  -2.168
237.21  -2.165
237.30  -2.161
237.39  -2.158
237.48  -2.156
237.57  -2.153
237.66  -2.151
237.75  -2.149
237.84  -2.147
237.94  -2.145
238.03  -2.143
238.21  -2.140
238.30  -2.138
238.39  -2.136
238.48  -2.134
238.57  -2.132
238.66  -2.130
238.75  -2.128
238.84  -2.125
238.93  -2.123
239.03  -2.120
239.12  -2.117
239.21  -2.114
239.30  -2.111
239.39  -2.108
239.48  -2.105
239.57  -2.101
239.66  -2.098
239.75  -2.095
239.84  -2.092
239.93  -2.088
240.02  -2.085
240.11  -2.081
240.21  -2.077
240.30  -2.073
240.39  -2.069
240.48  -2.065
240.57  -2.061
240.66  -2.056
240.75  -2.052
240.84  -2.048
240.93  -2.043
241.02  -2.039
241.12  -2.034
241.21  -2.030
241.30  -2.025
241.39  -2.021
241.48  -2.017
241.57  -2.013
241.66  -2.009
241.75  -2.005
241.84  -2.002
241.94  -1.999
242.03  -1.996
242.12  -1.993
242.21  -1.990
242.30  -1.988
242.39  -1.985
242.48  -1.982
242.58  -1.980
242.67  -1.977
242.76  -1.975
242.85  -1.972
242.94  -1.970
243.03  -1.967
243.12  -1.964
243.21  -1.961
243.30  -1.957
243.39  -1.954
243.48  -1.950
243.58  -1.947
243.67  -1.943
243.76  -1.939
243.85  -1.936
243.94  -1.932
244.03  -1.929
244.12  -1.925
244.21  -1.922
244.31  -1.918
244.40  -1.915
244.49  -1.912
244.58  -1.909
244.67  -1.907
244.76  -1.904
244.85  -1.902
244.94  -1.900
245.03  -1.898
245.12  -1.897
245.22  -1.895
245.31  -1.893
245.40  -1.891
245.49  -1.889
245.58  -1.887
245.67  -1.885
245.76  -1.883
245.85  -1.881
245.94  -1.879
246.03  -1.877
246.12  -1.874
246.22  -1.871
246.31  -1.868
246.40  -1.865
246.49  -1.862
246.58  -1.859
246.67  -1.855
246.77  -1.852
246.86  -1.848
246.95  -1.845
247.04  -1.841
247.13  -1.838
247.22  -1.834
247.32  -1.830
247.41  -1.826
247.50  -1.822
247.60  -1.817
247.69  -1.812
247.78  -1.807
247.87  -1.802
247.97  -1.797
248.06  -1.792
248.15  -1.786
248.24  -1.781
248.33  -1.775
248.43  -1.770
248.52  -1.764
248.61  -1.759
248.70  -1.753
248.79  -1.747
248.88  -1.742
248.97  -1.738
249.06  -1.736
249.16  -1.736
249.25  -1.736
249.34  -1.736
249.43  -1.733
249.52  -1.730
249.61  -1.727
249.70  -1.724
249.79  -1.722
249.88  -1.721
249.97  -1.720
250.06  -1.718
250.16  -1.716
250.25  -1.713
250.34  -1.711
250.43  -1.708
250.52  -1.705
250.61  -1.702
250.70  -1.699
250.79  -1.696
250.89  -1.692
250.98  -1.689
251.07  -1.685
251.16  -1.682
251.25  -1.678
251.34  -1.674
251.43  -1.670
251.52  -1.666
251.61  -1.662
251.70  -1.658
251.79  -1.654
251.88  -1.650
251.97  -1.647
252.07  -1.644
252.16  -1.641
252.25  -1.639
252.34  -1.636
252.43  -1.634
252.52  -1.631
252.61  -1.629
252.71  -1.626
252.80  -1.624
252.89  -1.621
252.98  -1.618
253.07  -1.616
253.17  -1.613
253.26  -1.610
253.35  -1.607
253.44  -1.604
253.54  -1.600
253.63  -1.597
253.72  -1.593
253.81  -1.589
253.90  -1.586
253.99  -1.582
254.08  -1.578
254.17  -1.574
254.26  -1.571
254.35  -1.567
254.45  -1.564
254.54  -1.561
254.63  -1.557
254.72  -1.554
254.81  -1.551
254.90  -1.548
254.99  -1.545
255.08  -1.542
255.17  -1.539
255.26  -1.537
255.35  -1.534
255.44  -1.531
255.54  -1.528
255.63  -1.526
255.72  -1.523
255.81  -1.520
255.90  -1.517
255.99  -1.514
256.08  -1.511
256.17  -1.508
256.26  -1.504
256.36  -1.500
256.45  -1.496
256.54  -1.492
256.63  -1.487
256.72  -1.483
256.81  -1.478
256.91  -1.474
257.00  -1.469
257.09  -1.465
257.18  -1.460
257.27  -1.455
257.36  -1.451
257.45  -1.446
257.54  -1.442
257.63  -1.438
257.72  -1.434
257.81  -1.430
257.91  -1.427
258.00  -1.424
258.09  -1.421
258.18  -1.419
258.27  -1.416
258.36  -1.413
258.45  -1.411
258.54  -1.408
258.63  -1.406
258.72  -1.403
258.81  -1.401
258.90  -1.398
259.00  -1.395
259.09  -1.393
259.17  -1.390
259.26  -1.386
259.35  -1.383
259.44  -1.379
259.53  -1.375
259.63  -1.371
259.72  -1.368
259.81  -1.364
259.89  -1.360
259.98  -1.356
260.07  -1.352
260.17  -1.348
260.26  -1.345
260.35  -1.341
260.44  -1.338
260.53  -1.334
260.62  -1.331
260.71  -1.328
260.80  -1.326
260.89  -1.324
260.98  -1.322
261.07  -1.319
261.16  -1.317
261.25  -1.316
261.34  -1.314
261.43  -1.312
261.53  -1.310
261.62  -1.308
261.71  -1.306
261.80  -1.304
261.89  -1.302
261.98  -1.300
262.07  -1.298
262.16  -1.296
262.25  -1.294
262.34  -1.291
262.44  -1.288
262.53  -1.286
262.62  -1.283
262.71  -1.280
262.80  -1.277
262.89  -1.275
262.98  -1.272
263.07  -1.269
263.16  -1.266
263.25  -1.263
263.34  -1.261
263.43  -1.258
263.52  -1.255
263.61  -1.252
263.70  -1.250
263.79  -1.247
263.88  -1.244
263.98  -1.241
264.07  -1.239
264.16  -1.236
264.25  -1.233
264.34  -1.230
264.43  -1.228
264.52  -1.225
264.61  -1.222
264.70  -1.219
264.80  -1.216
264.89  -1.213
264.98  -1.210
265.07  -1.206
265.16  -1.203
265.25  -1.199
265.33  -1.196
265.43  -1.192
265.52  -1.189
265.61  -1.185
265.70  -1.182
265.79  -1.178
265.88  -1.174
265.97  -1.171
266.06  -1.168
266.15  -1.164
266.24  -1.161
266.33  -1.157
266.43  -1.154
266.52  -1.151
266.61  -1.149
266.70  -1.146
266.79  -1.143
266.88  -1.141
266.97  -1.139
267.06  -1.136
267.15  -1.134
267.24  -1.131
267.33  -1.129
267.42  -1.127
267.51  -1.125
267.60  -1.122
267.70  -1.120
267.79  -1.118
267.88  -1.116
267.97  -1.114
268.06  -1.111
268.15  -1.109
268.23  -1.107
268.32  -1.105
268.41  -1.103
268.49  -1.101
268.58  -1.098
268.67  -1.096
268.76  -1.094
268.85  -1.092
268.93  -1.090
269.02  -1.088
269.11  -1.085
269.20  -1.083
269.29  -1.080
269.37  -1.078
269.46  -1.075
269.55  -1.072
269.64  -1.069
269.73  -1.066
269.82  -1.063
269.90  -1.060
269.99  -1.056
270.08  -1.053
270.16  -1.050
270.25  -1.047
270.34  -1.044
270.43  -1.041
270.51  -1.038
270.60  -1.035
270.69  -1.032
270.77  -1.029
270.86  -1.027
270.95  -1.025
271.04  -1.023
271.12  -1.021
271.21  -1.019
271.30  -1.017
271.38  -1.015
271.47  -1.013
271.56  -1.011
271.65  -1.009
271.74  -1.006
271.82  -1.004
271.91  -1.002
272.00  -1.000
272.09  -0.997
272.18  -0.995
272.26  -0.992
272.35  -0.989
272.44  -0.986
272.53  -0.982
272.61  -0.979
272.70  -0.976
272.79  -0.973
272.87  -0.969
272.96  -0.966
273.05  -0.963
273.14  -0.960
273.23  -0.957
273.31  -0.954
273.40  -0.951
273.49  -0.948
273.58  -0.945
273.67  -0.943
273.75  -0.940
273.84  -0.938
273.92  -0.936
274.01  -0.934
274.10  -0.932
274.19  -0.930
274.27  -0.927
274.36  -0.925
274.45  -0.923
274.53  -0.921
274.62  -0.919
274.71  -0.917
274.80  -0.915
274.88  -0.913
274.97  -0.911
275.06  -0.909
275.15  -0.907
275.24  -0.905
275.32  -0.903
275.41  -0.901
275.50  -0.899
275.58  -0.897
275.67  -0.895
275.76  -0.892
275.85  -0.890
275.94  -0.888
276.02  -0.885
276.11  -0.882
276.20  -0.880
276.29  -0.877
276.38  -0.873
276.46  -0.870
276.55  -0.866
276.64  -0.862
276.73  -0.859
276.82  -0.855
276.90  -0.851
276.99  -0.846
277.08  -0.842
277.17  -0.838
277.26  -0.833
277.35  -0.829
277.44  -0.824
277.52  -0.820
277.61  -0.816
277.70  -0.812
277.79  -0.808
277.88  -0.805
277.97  -0.802
278.05  -0.799
278.14  -0.796
278.23  -0.793
278.32  -0.790
278.41  -0.787
278.50  -0.785
278.59  -0.782
278.68  -0.780
278.76  -0.777
278.85  -0.775
278.94  -0.772
279.03  -0.770
279.12  -0.767
279.21  -0.764
279.30  -0.761
279.39  -0.758
279.48  -0.755
279.57  -0.751
279.65  -0.748
279.74  -0.745
279.83  -0.741
279.92  -0.738
280.01  -0.734
280.10  -0.730
280.18  -0.727
280.27  -0.723
280.36  -0.720
280.45  -0.716
280.54  -0.713
280.63  -0.710
280.72  -0.707
280.80  -0.704
280.89  -0.702
280.98  -0.699
281.07  -0.697
281.16  -0.694
281.25  -0.692
281.34  -0.689
281.43  -0.687
281.52  -0.685
281.61  -0.683
281.69  -0.680
281.78  -0.678
281.87  -0.676
281.96  -0.673
282.05  -0.670
282.14  -0.667
282.23  -0.664
282.32  -0.661
282.40  -0.658
282.49  -0.655
282.58  -0.651
282.67  -0.648
282.76  -0.645
282.85  -0.641
282.94  -0.638
283.03  -0.634
283.12  -0.631
283.21  -0.628
283.30  -0.624
283.39  -0.621
283.48  -0.618
283.57  -0.616
283.66  -0.613
283.75  -0.611
283.84  -0.608
283.92  -0.606
284.01  -0.603
284.10  -0.601
284.19  -0.599
284.28  -0.596
284.37  -0.594
284.46  -0.591
284.55  -0.589
284.64  -0.587
284.73  -0.585
284.82  -0.582
284.91  -0.580
285.00  -0.578
285.08  -0.576
285.17  -0.574
285.26  -0.572
285.35  -0.570
285.44  -0.568
285.53  -0.566
285.62  -0.564
285.70  -0.562
285.79  -0.560
285.88  -0.558
285.97  -0.555
286.06  -0.553
286.15  -0.551
286.24  -0.549
286.33  -0.546
286.42  -0.543
286.51  -0.541
286.59  -0.538
286.68  -0.535
286.77  -0.532
286.86  -0.529
286.95  -0.526
287.04  -0.523
287.12  -0.521
287.21  -0.518
287.30  -0.515
287.39  -0.511
287.48  -0.508
287.56  -0.505
287.65  -0.503
287.74  -0.500
287.82  -0.497
287.91  -0.494
288.00  -0.492
288.09  -0.489
288.18  -0.486
288.27  -0.484
288.36  -0.481
288.45  -0.478
288.54  -0.475
288.63  -0.473
288.71  -0.470
288.80  -0.467
288.89  -0.464
288.98  -0.461
289.07  -0.458
289.16  -0.456
289.25  -0.453
289.34  -0.451
289.42  -0.448
289.52  -0.446
289.61  -0.444
289.70  -0.441
289.78  -0.439
289.87  -0.436
289.96  -0.434
290.05  -0.432
290.14  -0.429
290.23  -0.427
290.32  -0.425
290.41  -0.422
290.50  -0.420
290.59  -0.417
290.68  -0.415
290.76  -0.413
290.85  -0.410
290.94  -0.408
291.03  -0.405
291.12  -0.403
291.21  -0.401
291.30  -0.398
291.39  -0.396
291.47  -0.393
291.56  -0.391
291.65  -0.389
291.74  -0.386
291.83  -0.384
291.92  -0.382
292.01  -0.379
292.10  -0.377
292.19  -0.375
292.28  -0.372
292.36  -0.370
292.45  -0.368
292.54  -0.365
292.63  -0.363
292.72  -0.361
292.81  -0.358
292.90  -0.356
292.98  -0.353
293.07  -0.351
293.16  -0.349
293.25  -0.346
293.34  -0.344
293.43  -0.342
293.52  -0.340
293.61  -0.337
293.69  -0.335
293.78  -0.333
293.87  -0.331
293.96  -0.328
294.05  -0.326
294.13  -0.324
294.22  -0.322
294.31  -0.319
294.40  -0.317
294.49  -0.315
294.57  -0.312
294.66  -0.310
294.75  -0.307
294.84  -0.304
294.93  -0.301
295.02  -0.298
295.11  -0.295
295.19  -0.292
295.28  -0.289
295.37  -0.286
295.46  -0.283
295.55  -0.280
295.64  -0.277
295.72  -0.274
295.81  -0.270
295.90  -0.267
295.99  -0.264
296.08  -0.261
296.17  -0.258
296.25  -0.256
296.34  -0.253
296.43  -0.250
296.52  -0.248
296.61  -0.245
296.70  -0.243
296.79  -0.241
296.88  -0.238
296.97  -0.236
297.06  -0.234
297.14  -0.231
297.23  -0.229
297.32  -0.227
297.41  -0.224
297.50  -0.222
297.59  -0.220
297.68  -0.217
297.76  -0.215
297.85  -0.212
297.94  -0.210
298.03  -0.207
298.11  -0.205
298.20  -0.202
298.28  -0.200
298.36  -0.197
298.45  -0.195
298.54  -0.192
298.63  -0.190
298.71  -0.187
298.79  -0.185
298.88  -0.183
298.97  -0.180
299.05  -0.178
299.14  -0.176
299.23  -0.174
299.31  -0.172
299.40  -0.170
299.49  -0.168
299.57  -0.166
299.65  -0.164
299.73  -0.162
299.82  -0.160
299.91  -0.158
299.99  -0.156
300.08  -0.153
300.16  -0.151
300.25  -0.149
300.33  -0.146
300.42  -0.144
300.50  -0.141
300.59  -0.138
300.68  -0.135
300.77  -0.132
300.85  -0.128
300.93  -0.125
301.02  -0.122
301.11  -0.119
301.20  -0.116
301.28  -0.113
301.36  -0.110
301.45  -0.107
301.53  -0.104
301.62  -0.101
301.70  -0.099
301.79  -0.097
301.88  -0.095
301.96  -0.093
302.04  -0.091
302.13  -0.089
302.22  -0.088
302.30  -0.086
302.39  -0.085
302.48  -0.083
302.57  -0.082
302.65  -0.080
302.74  -0.079
302.82  -0.077
302.91  -0.076
302.99  -0.074
303.08  -0.073
303.17  -0.071
303.25  -0.069
303.34  -0.068
303.42  -0.066
303.51  -0.064
303.60  -0.062
303.68  -0.060
303.77  -0.058
303.86  -0.056
303.94  -0.054
304.03  -0.052
304.11  -0.050
304.20  -0.048
304.28  -0.046
304.37  -0.044
304.45  -0.042
304.54  -0.040
304.63  -0.038
304.71  -0.035
304.80  -0.033
304.88  -0.031
304.97  -0.029
305.05  -0.026
305.14  -0.024
305.23  -0.021
305.31  -0.019
305.40  -0.016
305.49  -0.014
305.57  -0.011
305.66  -0.009
305.74  -0.006
305.83  -0.004
305.92  -0.001
306.00   0.001
306.09   0.004
306.17   0.007
306.26   0.009
306.35   0.012
306.43   0.014
306.52   0.017
306.60   0.019
306.69   0.022
306.78   0.025
306.86   0.027
306.95   0.030
307.03   0.032
307.12   0.035
307.20   0.037
307.29   0.040
307.37   0.042
307.46   0.045
307.55   0.047
307.63   0.050
307.72   0.052
307.80   0.055
307.89   0.057
307.98   0.059
308.06   0.062
308.15   0.064
308.23   0.066
308.32   0.069
308.41   0.071
308.49   0.073
308.58   0.076
308.66   0.078
308.75   0.080
308.84   0.082
308.92   0.084
309.01   0.087
309.10   0.089
309.18   0.091
309.27   0.093
309.36   0.095
309.44   0.097
309.53   0.099
309.61   0.102
309.70   0.104
309.78   0.106
309.87   0.108
309.96   0.110
310.04   0.112
310.12   0.114
310.21   0.116
310.30   0.118
310.39   0.120
310.47   0.122
310.56   0.124
310.65   0.126
310.73   0.128
310.82   0.129
310.91   0.131
310.99   0.133
311.08   0.135
311.16   0.137
311.25   0.139
311.34   0.141
311.43   0.143
311.51   0.145
311.60   0.147
311.68   0.149
311.77   0.151
311.86   0.153
311.95   0.155
312.04   0.157
312.12   0.159
312.21   0.161
312.30   0.163
312.38   0.165
312.47   0.167
312.56   0.168
312.64   0.170
312.73   0.172
312.81   0.174
312.90   0.175
312.99   0.177
313.08   0.178
313.16   0.180
313.25   0.181
313.33   0.183
313.42   0.184
313.51   0.185
313.59   0.187
313.68   0.188
313.76   0.189
313.85   0.191
313.94   0.192
314.02   0.194
314.11   0.196
314.19   0.198
314.28   0.201
314.36   0.204
314.45   0.206
314.54   0.209
314.63   0.212
314.71   0.215
314.80   0.218
314.88   0.220
314.97   0.222
315.06   0.225
315.14   0.227
315.23   0.229
315.32   0.231
315.40   0.233
315.49   0.235
315.57   0.238
315.66   0.240
315.74   0.243
315.83   0.245
315.92   0.248
316.00   0.250
316.09   0.253
316.18   0.255
316.27   0.257
316.35   0.260
316.43   0.262
316.52   0.264
316.61   0.266
316.69   0.269
316.78   0.271
316.86   0.273
316.95   0.276
317.03   0.278
317.12   0.281
317.21   0.283
317.29   0.286
317.38   0.288
317.47   0.291
317.55   0.293
317.64   0.296
317.73   0.298
317.81   0.301
317.90   0.303
317.98   0.305
318.07   0.308
318.15   0.310
318.24   0.312
318.33   0.314
318.41   0.315
318.50   0.317
318.58   0.319
318.67   0.320
318.76   0.322
318.85   0.323
318.93   0.325
319.02   0.326
319.10   0.328
319.19   0.329
319.27   0.331
319.36   0.332
319.44   0.334
319.52   0.336
319.61   0.337
319.69   0.339
319.78   0.341
319.87   0.343
319.95   0.346
320.04   0.348
320.12   0.350
320.21   0.352
320.29   0.355
320.38   0.357
320.47   0.359
320.55   0.362
320.64   0.364
320.72   0.367
320.81   0.369
320.89   0.372
320.98   0.375
321.06   0.378
321.15   0.380
321.24   0.383
321.32   0.386
321.41   0.389
321.49   0.392
321.58   0.396
321.66   0.399
321.75   0.402
321.83   0.405
321.92   0.408
322.01   0.411
322.09   0.414
322.18   0.417
322.26   0.420
322.35   0.423
322.44   0.426
322.52   0.428
322.61   0.431
322.69   0.433
322.78   0.436
322.87   0.438
322.95   0.440
323.04   0.442
323.12   0.445
323.21   0.447
323.30   0.449
323.38   0.452
323.47   0.454
323.55   0.457
323.64   0.459
323.72   0.462
323.81   0.464
323.90   0.467
323.98   0.470
324.07   0.473
324.15   0.476
324.24   0.479
324.32   0.482
324.41   0.485
324.49   0.488
324.58   0.491
324.66   0.494
324.75   0.497
324.83   0.500
324.92   0.503
325.01   0.506
325.09   0.509
325.18   0.513
325.26   0.516
325.35   0.520
325.43   0.524
325.51   0.527
325.60   0.531
325.69   0.534
325.77   0.537
325.86   0.540
325.94   0.543
326.03   0.546
326.12   0.548
326.20   0.551
326.29   0.554
326.38   0.556
326.46   0.559
326.55   0.562
326.64   0.565
326.72   0.568
326.80   0.571
326.89   0.574
326.97   0.577
327.05   0.580
327.13   0.583
327.21   0.585
327.30   0.588
327.38   0.591
327.46   0.593
327.55   0.596
327.63   0.598
327.71   0.601
327.80   0.603
327.88   0.606
327.96   0.608
328.04   0.611
328.12   0.613
328.20   0.615
328.29   0.617
328.37   0.619
328.45   0.622
328.54   0.624
328.62   0.626
328.70   0.628
328.78   0.631
328.87   0.633
328.95   0.635
329.03   0.637
329.11   0.639
329.20   0.641
329.28   0.643
329.37   0.645
329.45   0.646
329.53   0.648
329.61   0.650
329.70   0.652
329.78   0.654
329.86   0.655
329.95   0.657
330.03   0.659
330.12   0.661
330.20   0.664
330.28   0.666
330.36   0.668
330.45   0.671
330.53   0.675
330.62   0.678
330.70   0.682
330.78   0.686
330.86   0.690
330.95   0.694
331.03   0.699
331.11   0.703
331.19   0.707
331.28   0.712
331.36   0.716
331.44   0.720
331.53   0.725
331.61   0.729
331.69   0.733
331.78   0.737
331.86   0.740
331.95   0.744
332.03   0.747
332.11   0.750
332.19   0.752
332.28   0.755
332.36   0.758
332.44   0.760
332.53   0.763
332.61   0.766
332.69   0.768
332.78   0.771
332.86   0.774
332.94   0.776
333.02   0.779
333.11   0.782
333.19   0.785
333.28   0.788
333.36   0.791
333.44   0.794
333.53   0.797
333.61   0.800
333.69   0.803
333.77   0.807
333.86   0.810
333.94   0.813
334.02   0.817
334.10   0.820
334.19   0.823
334.27   0.827
334.36   0.830
334.44   0.833
334.52   0.835
334.60   0.838
334.69   0.840
334.77   0.843
334.86   0.845
334.94   0.847
335.03   0.850
335.11   0.853
335.19   0.856
335.27   0.859
335.36   0.862
335.44   0.866
335.52   0.869
335.61   0.872
335.69   0.876
335.78   0.879
335.86   0.882
335.94   0.885
336.03   0.888
336.11   0.891
336.20   0.894
336.28   0.898
336.37   0.901
336.45   0.904
336.53   0.907
336.62   0.910
336.70   0.913
336.79   0.917
336.87   0.920
336.96   0.923
337.04   0.926
337.12   0.929
337.21   0.932
337.30   0.935
337.38   0.938
337.46   0.941
337.54   0.944
337.63   0.947
337.72   0.950
337.80   0.953
337.88   0.955
337.97   0.958
338.05   0.960
338.14   0.963
338.23   0.965
338.31   0.968
338.39   0.970
338.47   0.973
338.56   0.976
338.64   0.980
338.73   0.983
338.81   0.987
338.90   0.991
338.98   0.994
339.07   0.998
339.15   1.001
339.23   1.004
339.32   1.008
339.40   1.011
339.49   1.014
339.57   1.016
339.66   1.019
339.74   1.022
339.83   1.025
339.91   1.028
340.00   1.031
340.08   1.034
340.17   1.036
340.25   1.039
340.34   1.042
340.42   1.045
340.50   1.047
340.59   1.050
340.67   1.052
340.76   1.055
340.84   1.058
340.93   1.060
341.01   1.063
341.10   1.065
341.18   1.068
341.27   1.071
341.35   1.073
341.43   1.076
341.52   1.079
341.60   1.082
341.68   1.085
341.77   1.087
341.86   1.090
341.94   1.093
342.02   1.096
342.11   1.099
342.20   1.102
342.28   1.105
342.36   1.107
342.45   1.110
342.53   1.113
342.62   1.116
342.70   1.119
342.79   1.122
342.87   1.125
342.96   1.128
343.04   1.131
343.13   1.134
343.21   1.137
343.30   1.140
343.38   1.143
343.46   1.146
343.55   1.149
343.63   1.152
343.72   1.155
343.80   1.158
343.89   1.161
343.97   1.164
344.06   1.167
344.14   1.170
344.23   1.173
344.31   1.176
344.40   1.179
344.48   1.182
344.56   1.184
344.65   1.187
344.73   1.190
344.82   1.193
344.90   1.196
344.99   1.198
345.07   1.201
345.15   1.204
345.24   1.207
345.32   1.209
345.41   1.212
345.49   1.215
345.58   1.218
345.67   1.221
345.75   1.224
345.83   1.226
345.92   1.229
346.00   1.232
346.08   1.235
346.16   1.237
346.25   1.240
346.34   1.243
346.42   1.245
346.50   1.248
346.59   1.250
346.67   1.253
346.76   1.255
346.84   1.258
346.92   1.260
347.01   1.263
347.09   1.265
347.18   1.267
347.26   1.270
347.35   1.272
347.43   1.274
347.51   1.277
347.59   1.279
347.68   1.281
347.77   1.284
347.85   1.286
347.93   1.288
348.02   1.290
348.10   1.293
348.19   1.295
348.27   1.297
348.36   1.299
348.44   1.301
348.52   1.304
348.60   1.306
348.69   1.308
348.86   1.312
348.94   1.315
349.03   1.317
349.11   1.319
349.20   1.321
349.29   1.324
349.37   1.326
349.46   1.328
349.54   1.331
349.63   1.333
349.71   1.336
349.80   1.338
349.88   1.341
349.96   1.343
350.05   1.346
350.14   1.348
350.22   1.351
350.30   1.354
350.39   1.356
350.47   1.359
350.56   1.361
350.64   1.364
350.73   1.366
350.81   1.369
350.89   1.371
350.98   1.374
351.06   1.376
351.15   1.379
351.23   1.381
351.32   1.383
351.40   1.386
351.48   1.388
351.57   1.391
351.66   1.393
351.74   1.395
351.83   1.398
351.91   1.400
351.99   1.403
352.08   1.405
352.16   1.407
352.25   1.410
352.33   1.412
352.41   1.414
352.50   1.417
352.58   1.419
352.67   1.421
352.75   1.424
352.83   1.426
352.92   1.428
353.01   1.430
353.09   1.432
353.18   1.435
353.26   1.437
353.34   1.439
353.43   1.441
353.51   1.443
353.60   1.445
353.69   1.447
353.76   1.449
353.85   1.451
353.94   1.453
354.02   1.455
354.11   1.457
354.19   1.459
354.28   1.461
354.36   1.463
354.45   1.465
354.53   1.467
354.61   1.469
354.70   1.471
354.78   1.473
354.86   1.475
354.94   1.477
355.02   1.479
355.10   1.481
355.19   1.484
355.27   1.486
355.35   1.488
355.43   1.490
355.51   1.492
355.60   1.494
355.68   1.497
355.76   1.499
355.84   1.501
355.92   1.503
356.00   1.505
356.08   1.507
356.16   1.510
356.24   1.512
356.32   1.514
356.41   1.516
356.48   1.518
356.57   1.520
356.65   1.522
356.73   1.524
356.81   1.527
356.89   1.529
356.97   1.531
357.05   1.533
357.14   1.535
357.22   1.537
357.30   1.539
357.38   1.541
357.46   1.543
357.54   1.544
357.62   1.546
