  
  DOI/GTN-P Deep Borehole Array, Arctic Alaska 
             U.S. Geological Survey 
            Processed Temperature Log 
                    28-Aug-2013 
________________________________________________ 
  
Temperature Log Information: 
  Well name:   Seabee 
  File name:   SBE_07JUL21_c_d 
  Log date:    21-JUL-2007 
  
Contact Information: 
  Gary Clow 
  U.S. Geological Survey 
  clow@usgs.gov 
  
Definitions: 
  Depth:        Depth below local ground surface (m) 
  Temperature:  ITS-90 temperature (°C) 
________________________________________________ 
             
 Depth  Temperature 
 11.60  -4.784
 11.63  -4.784
 11.65  -4.784
 11.68  -4.784
 11.72  -4.784
 11.77  -4.784
 11.82  -4.784
 11.87  -4.784
 11.92  -4.784
 11.97  -4.784
 12.02  -4.784
 12.07  -4.784
 12.12  -4.784
 12.17  -4.784
 12.36  -4.783
 12.40  -4.783
 12.45  -4.783
 12.51  -4.783
 12.55  -4.783
 12.60  -4.783
 12.65  -4.783
 12.70  -4.783
 12.75  -4.783
 12.80  -4.783
 12.85  -4.783
 12.90  -4.783
 12.95  -4.782
 13.00  -4.782
 13.05  -4.782
 13.10  -4.782
 13.15  -4.782
 13.20  -4.782
 13.24  -4.782
 13.29  -4.782
 13.34  -4.782
 13.39  -4.782
 13.44  -4.781
 13.49  -4.781
 13.54  -4.781
 13.59  -4.781
 13.64  -4.781
 13.69  -4.781
 13.74  -4.781
 13.79  -4.780
 13.84  -4.780
 13.89  -4.780
 13.94  -4.780
 13.99  -4.780
 14.03  -4.780
 14.09  -4.780
 14.13  -4.780
 14.18  -4.779
 14.23  -4.779
 14.28  -4.779
 14.32  -4.779
 14.38  -4.779
 14.42  -4.779
 14.47  -4.779
 14.52  -4.779
 14.57  -4.778
 14.62  -4.778
 14.67  -4.778
 14.72  -4.778
 14.77  -4.778
 14.82  -4.778
 14.87  -4.778
 14.92  -4.778
 14.97  -4.778
 15.02  -4.778
 15.07  -4.778
 15.12  -4.778
 15.17  -4.778
 15.22  -4.778
 15.26  -4.778
 15.31  -4.778
 15.36  -4.777
 15.41  -4.777
 15.46  -4.777
 15.51  -4.777
 15.56  -4.777
 15.61  -4.777
 15.66  -4.777
 15.71  -4.777
 15.76  -4.777
 15.81  -4.777
 15.86  -4.777
 15.91  -4.777
 15.96  -4.777
 16.01  -4.776
 16.06  -4.776
 16.11  -4.776
 16.16  -4.776
 16.21  -4.776
 16.26  -4.776
 16.30  -4.776
 16.35  -4.775
 16.45  -4.775
 16.50  -4.775
 16.55  -4.775
 16.60  -4.775
 16.65  -4.775
 16.70  -4.774
 16.75  -4.774
 16.80  -4.774
 16.85  -4.774
 16.90  -4.774
 16.95  -4.774
 17.00  -4.774
 17.05  -4.773
 17.10  -4.773
 17.15  -4.773
 17.20  -4.773
 17.25  -4.773
 17.29  -4.773
 17.34  -4.773
 17.39  -4.773
 17.44  -4.773
 17.49  -4.772
 17.54  -4.772
 17.59  -4.772
 17.64  -4.772
 17.69  -4.772
 17.74  -4.772
 17.79  -4.772
 17.84  -4.772
 17.89  -4.772
 17.94  -4.772
 17.99  -4.772
 18.04  -4.772
 18.09  -4.772
 18.14  -4.772
 18.19  -4.772
 18.24  -4.772
 18.29  -4.772
 18.33  -4.772
 18.38  -4.772
 18.43  -4.772
 18.48  -4.772
 18.52  -4.773
 18.57  -4.773
 18.62  -4.773
 18.68  -4.773
 18.72  -4.774
 18.77  -4.774
 18.82  -4.774
 18.87  -4.775
 18.92  -4.775
 18.97  -4.776
 19.02  -4.777
 19.07  -4.777
 19.12  -4.778
 19.17  -4.779
 19.22  -4.780
 19.27  -4.781
 19.31  -4.782
 19.36  -4.782
 19.41  -4.784
 19.46  -4.785
 19.51  -4.786
 19.56  -4.787
 19.61  -4.788
 19.66  -4.789
 19.71  -4.791
 19.76  -4.792
 19.81  -4.793
 19.86  -4.795
 19.91  -4.796
 19.96  -4.798
 20.01  -4.799
 20.16  -4.804
 20.21  -4.806
 20.28  -4.808
 20.36  -4.810
 20.44  -4.812
 20.51  -4.815
 20.59  -4.817
 20.68  -4.819
 20.77  -4.822
 20.86  -4.824
 20.95  -4.827
 21.05  -4.830
 21.15  -4.833
 21.25  -4.835
 21.35  -4.838
 21.45  -4.841
 21.56  -4.844
 21.66  -4.847
 21.76  -4.850
 21.87  -4.853
 21.97  -4.856
 22.07  -4.860
 22.17  -4.863
 22.27  -4.866
 22.37  -4.869
 22.58  -4.875
 22.68  -4.879
 22.79  -4.882
 22.89  -4.885
 22.99  -4.889
 23.09  -4.892
 23.19  -4.895
 23.29  -4.899
 23.39  -4.902
 23.49  -4.906
 23.60  -4.909
 23.70  -4.913
 23.91  -4.920
 24.01  -4.924
 24.11  -4.927
 24.21  -4.931
 24.31  -4.935
 24.41  -4.938
 24.52  -4.942
 24.62  -4.946
 24.72  -4.949
 24.83  -4.953
 24.93  -4.956
 25.03  -4.960
 25.13  -4.964
 25.23  -4.967
 25.33  -4.970
 25.43  -4.974
 25.53  -4.977
 25.63  -4.980
 25.74  -4.984
 25.84  -4.987
 25.94  -4.990
 26.04  -4.993
 26.14  -4.997
 26.24  -5.000
 26.34  -5.003
 26.44  -5.006
 26.54  -5.010
 26.64  -5.013
 26.74  -5.016
 26.84  -5.020
 26.94  -5.023
 27.04  -5.027
 27.14  -5.030
 27.24  -5.034
 27.34  -5.037
 27.43  -5.041
 27.53  -5.045
 27.63  -5.048
 27.73  -5.052
 27.83  -5.056
 27.93  -5.060
 28.03  -5.063
 28.13  -5.067
 28.23  -5.071
 28.33  -5.075
 28.43  -5.079
 28.52  -5.083
 28.62  -5.088
 28.72  -5.092
 28.82  -5.096
 28.92  -5.101
 29.02  -5.105
 29.12  -5.109
 29.22  -5.114
 29.33  -5.118
 29.42  -5.123
 29.51  -5.127
 29.62  -5.132
 29.72  -5.136
 29.82  -5.141
 29.92  -5.145
 30.02  -5.150
 30.12  -5.154
 30.22  -5.159
 30.32  -5.163
 30.42  -5.167
 30.52  -5.172
 30.61  -5.176
 30.71  -5.180
 30.81  -5.184
 30.91  -5.189
 31.01  -5.193
 31.11  -5.197
 31.21  -5.202
 31.31  -5.206
 31.41  -5.210
 31.51  -5.214
 31.61  -5.218
 31.71  -5.222
 31.81  -5.226
 31.91  -5.230
 32.01  -5.234
 32.11  -5.238
 32.21  -5.242
 32.31  -5.246
 32.41  -5.249
 32.51  -5.253
 32.61  -5.257
 32.70  -5.261
 32.80  -5.265
 32.90  -5.269
 33.00  -5.272
 33.10  -5.276
 33.20  -5.280
 33.30  -5.284
 33.40  -5.288
 33.50  -5.292
 33.60  -5.297
 33.69  -5.301
 33.79  -5.305
 33.89  -5.309
 33.99  -5.313
 34.09  -5.317
 34.19  -5.322
 34.29  -5.326
 34.39  -5.330
 34.49  -5.334
 34.59  -5.339
 34.68  -5.343
 34.79  -5.347
 34.89  -5.352
 34.99  -5.356
 35.09  -5.360
 35.19  -5.365
 35.29  -5.369
 35.39  -5.373
 35.49  -5.378
 35.59  -5.382
 35.69  -5.386
 35.78  -5.391
 35.88  -5.395
 35.98  -5.400
 36.08  -5.404
 36.18  -5.408
 36.28  -5.413
 36.38  -5.417
 36.48  -5.422
 36.58  -5.426
 36.68  -5.431
 36.77  -5.435
 36.87  -5.439
 36.97  -5.444
 37.07  -5.448
 37.18  -5.453
 37.28  -5.457
 37.37  -5.462
 37.47  -5.466
 37.57  -5.470
 37.67  -5.475
 37.78  -5.479
 37.87  -5.484
 37.97  -5.488
 38.07  -5.493
 38.17  -5.497
 38.27  -5.501
 38.37  -5.506
 38.47  -5.510
 38.57  -5.515
 38.67  -5.519
 38.77  -5.524
 38.86  -5.528
 38.96  -5.533
 39.06  -5.537
 39.16  -5.542
 39.26  -5.546
 39.36  -5.550
 39.46  -5.555
 39.56  -5.559
 39.66  -5.563
 39.76  -5.568
 39.86  -5.572
 39.95  -5.576
 40.05  -5.581
 40.15  -5.585
 40.25  -5.589
 40.35  -5.593
 40.45  -5.597
 40.55  -5.602
 40.65  -5.606
 40.75  -5.610
 40.86  -5.614
 40.95  -5.618
 41.04  -5.623
 41.15  -5.627
 41.25  -5.631
 41.35  -5.635
 41.45  -5.640
 41.55  -5.644
 41.65  -5.648
 41.75  -5.653
 41.85  -5.657
 41.95  -5.661
 42.04  -5.665
 42.14  -5.669
 42.24  -5.673
 42.34  -5.678
 42.44  -5.682
 42.54  -5.686
 42.64  -5.690
 42.74  -5.693
 42.84  -5.697
 42.94  -5.701
 43.04  -5.705
 43.13  -5.709
 43.23  -5.712
 43.33  -5.716
 43.43  -5.719
 43.53  -5.723
 43.64  -5.726
 43.73  -5.730
 43.83  -5.733
 43.93  -5.736
 44.03  -5.739
 44.12  -5.743
 44.23  -5.746
 44.33  -5.748
 44.43  -5.751
 44.53  -5.754
 44.63  -5.756
 44.73  -5.759
 44.83  -5.761
 44.93  -5.764
 45.03  -5.766
 45.13  -5.768
 45.22  -5.771
 45.32  -5.773
 45.42  -5.775
 45.52  -5.777
 45.62  -5.779
 45.72  -5.781
 45.82  -5.783
 45.92  -5.785
 46.02  -5.787
 46.12  -5.790
 46.22  -5.792
 46.31  -5.794
 46.41  -5.796
 46.51  -5.798
 46.61  -5.800
 46.71  -5.802
 46.81  -5.804
 46.91  -5.806
 47.01  -5.808
 47.11  -5.810
 47.21  -5.812
 47.30  -5.814
 47.40  -5.816
 47.50  -5.818
 47.60  -5.820
 47.70  -5.823
 47.81  -5.825
 47.91  -5.827
 48.01  -5.829
 48.11  -5.832
 48.21  -5.834
 48.31  -5.836
 48.40  -5.838
 48.50  -5.841
 48.60  -5.843
 48.70  -5.845
 48.80  -5.848
 48.90  -5.850
 49.00  -5.852
 49.10  -5.854
 49.20  -5.856
 49.30  -5.858
 49.40  -5.860
 49.49  -5.862
 49.59  -5.864
 49.69  -5.866
 49.79  -5.867
 49.89  -5.869
 49.99  -5.871
 50.09  -5.873
 50.19  -5.874
 50.29  -5.876
 50.39  -5.878
 50.48  -5.880
 50.59  -5.881
 50.69  -5.883
 50.79  -5.884
 50.89  -5.886
 50.99  -5.888
 51.08  -5.889
 51.18  -5.891
 51.29  -5.893
 51.39  -5.894
 51.49  -5.896
 51.58  -5.897
 51.68  -5.899
 51.78  -5.900
 51.88  -5.902
 51.98  -5.903
 52.08  -5.905
 52.18  -5.906
 52.28  -5.908
 52.38  -5.909
 52.48  -5.910
 52.58  -5.912
 52.67  -5.913
 52.77  -5.914
 52.87  -5.916
 52.98  -5.917
 53.08  -5.918
 53.18  -5.919
 53.28  -5.921
 53.37  -5.922
 53.47  -5.923
 53.58  -5.924
 53.67  -5.926
 53.77  -5.927
 53.87  -5.928
 53.97  -5.929
 54.07  -5.930
 54.17  -5.931
 54.27  -5.932
 54.37  -5.933
 54.47  -5.934
 54.57  -5.935
 54.67  -5.936
 54.76  -5.937
 54.86  -5.938
 54.96  -5.939
 55.06  -5.940
 55.17  -5.941
 55.27  -5.942
 55.36  -5.943
 55.46  -5.943
 55.56  -5.944
 55.66  -5.945
 55.76  -5.946
 55.86  -5.947
 55.96  -5.947
 56.06  -5.948
 56.16  -5.949
 56.26  -5.950
 56.36  -5.951
 56.46  -5.951
 56.56  -5.952
 56.66  -5.953
 56.76  -5.953
 56.86  -5.954
 56.95  -5.955
 57.05  -5.955
 57.15  -5.956
 57.25  -5.957
 57.35  -5.957
 57.45  -5.958
 57.55  -5.958
 57.65  -5.959
 57.75  -5.959
 57.85  -5.960
 57.95  -5.961
 58.05  -5.961
 58.15  -5.962
 58.25  -5.962
 58.35  -5.963
 58.45  -5.963
 58.55  -5.963
 58.65  -5.964
 58.75  -5.964
 58.85  -5.965
 58.94  -5.965
 59.04  -5.965
 59.14  -5.966
 59.24  -5.966
 59.34  -5.966
 59.44  -5.967
 59.54  -5.967
 59.64  -5.967
 59.74  -5.967
 59.84  -5.968
 59.94  -5.968
 60.04  -5.968
 60.14  -5.968
 60.24  -5.968
 60.34  -5.968
 60.44  -5.969
 60.54  -5.969
 60.64  -5.969
 60.74  -5.969
 60.84  -5.969
 60.94  -5.969
 61.04  -5.969
 61.13  -5.969
 61.23  -5.969
 61.33  -5.969
 61.43  -5.969
 61.54  -5.969
 61.64  -5.969
 61.73  -5.969
 61.83  -5.968
 61.94  -5.968
 62.03  -5.968
 62.13  -5.968
 62.23  -5.968
 62.33  -5.968
 62.43  -5.968
 62.53  -5.968
 62.63  -5.968
 62.73  -5.968
 62.83  -5.967
 62.93  -5.967
 63.03  -5.967
 63.13  -5.967
 63.22  -5.967
 63.32  -5.967
 63.42  -5.967
 63.52  -5.966
 63.62  -5.966
 63.72  -5.966
 63.82  -5.966
 63.92  -5.966
 64.02  -5.965
 64.12  -5.965
 64.22  -5.965
 64.32  -5.965
 64.42  -5.965
 64.52  -5.964
 64.62  -5.964
 64.72  -5.964
 64.82  -5.964
 64.92  -5.963
 65.02  -5.963
 65.12  -5.963
 65.22  -5.963
 65.31  -5.962
 65.41  -5.962
 65.51  -5.962
 65.61  -5.961
 65.71  -5.961
 65.81  -5.961
 65.91  -5.960
 66.01  -5.960
 66.11  -5.960
 66.21  -5.959
 66.30  -5.959
 66.40  -5.959
 66.50  -5.958
 66.60  -5.958
 66.70  -5.958
 66.80  -5.957
 66.89  -5.957
 66.99  -5.957
 67.08  -5.956
 67.18  -5.956
 67.28  -5.955
 67.38  -5.955
 67.47  -5.955
 67.57  -5.954
 67.67  -5.954
 67.76  -5.954
 67.86  -5.953
 67.96  -5.953
 68.06  -5.952
 68.16  -5.952
 68.25  -5.951
 68.35  -5.951
 68.44  -5.950
 68.54  -5.950
 68.64  -5.949
 68.74  -5.949
 68.84  -5.948
 68.93  -5.948
 69.03  -5.947
 69.13  -5.946
 69.23  -5.946
 69.32  -5.945
 69.42  -5.944
 69.51  -5.944
 69.61  -5.943
 69.71  -5.942
 69.81  -5.941
 70.00  -5.940
 70.10  -5.939
 70.20  -5.938
 70.30  -5.937
 70.39  -5.936
 70.49  -5.935
 70.58  -5.934
 70.68  -5.933
 70.78  -5.933
 70.88  -5.932
 70.98  -5.931
 71.07  -5.930
 71.17  -5.929
 71.27  -5.928
 71.37  -5.927
 71.47  -5.926
 71.56  -5.925
 71.66  -5.924
 71.75  -5.923
 71.85  -5.922
 71.95  -5.921
 72.05  -5.920
 72.14  -5.919
 72.24  -5.918
 72.34  -5.917
 72.44  -5.917
 72.54  -5.916
 72.63  -5.915
 72.72  -5.914
 72.82  -5.913
 72.92  -5.912
 73.02  -5.911
 73.12  -5.910
 73.21  -5.910
 73.31  -5.909
 73.41  -5.908
 73.51  -5.907
 73.61  -5.906
 73.70  -5.905
 73.79  -5.905
 73.89  -5.904
 73.99  -5.903
 74.09  -5.902
 74.18  -5.901
 74.28  -5.901
 74.38  -5.900
 74.48  -5.899
 74.58  -5.898
 74.67  -5.897
 74.76  -5.896
 74.86  -5.895
 74.96  -5.894
 75.06  -5.893
 75.16  -5.892
 75.26  -5.891
 75.35  -5.890
 75.45  -5.889
 75.55  -5.888
 75.64  -5.887
 75.73  -5.886
 75.83  -5.885
 75.93  -5.884
 76.03  -5.883
 76.13  -5.882
 76.22  -5.881
 76.32  -5.880
 76.42  -5.879
 76.52  -5.877
 76.62  -5.876
 76.71  -5.875
 76.80  -5.874
 76.90  -5.873
 77.00  -5.872
 77.10  -5.870
 77.20  -5.869
 77.29  -5.868
 77.39  -5.867
 77.49  -5.866
 77.59  -5.864
 77.68  -5.863
 77.78  -5.862
 77.87  -5.861
 77.97  -5.860
 78.07  -5.859
 78.17  -5.858
 78.27  -5.856
 78.36  -5.855
 78.46  -5.854
 78.56  -5.853
 78.66  -5.852
 78.76  -5.851
 78.85  -5.850
 78.94  -5.849
 79.04  -5.848
 79.14  -5.847
 79.23  -5.846
 79.33  -5.845
 79.43  -5.844
 79.53  -5.844
 79.63  -5.843
 79.72  -5.842
 79.82  -5.841
 79.91  -5.840
 80.01  -5.839
 80.11  -5.839
 80.21  -5.838
 80.30  -5.837
 80.40  -5.836
 80.50  -5.835
 80.60  -5.834
 80.70  -5.833
 80.89  -5.832
 80.98  -5.831
 81.08  -5.830
 81.18  -5.829
 81.28  -5.828
 81.37  -5.827
 81.47  -5.826
 81.57  -5.825
 81.67  -5.824
 81.76  -5.823
 81.86  -5.822
 81.96  -5.821
 82.05  -5.820
 82.15  -5.819
 82.25  -5.818
 82.35  -5.817
 82.44  -5.816
 82.54  -5.815
 82.64  -5.814
 82.74  -5.813
 82.84  -5.812
 82.93  -5.811
 83.02  -5.810
 83.12  -5.808
 83.22  -5.807
 83.32  -5.806
 83.42  -5.805
 83.51  -5.804
 83.61  -5.803
 83.71  -5.802
 83.81  -5.801
 83.90  -5.800
 83.99  -5.799
 84.09  -5.798
 84.19  -5.797
 84.29  -5.796
 84.39  -5.795
 84.49  -5.794
 84.58  -5.792
 84.68  -5.791
 84.78  -5.790
 84.88  -5.789
 84.97  -5.788
 85.06  -5.787
 85.16  -5.786
 85.26  -5.785
 85.36  -5.785
 85.45  -5.784
 85.55  -5.783
 85.65  -5.782
 85.75  -5.781
 85.85  -5.780
 85.94  -5.779
 86.04  -5.778
 86.13  -5.777
 86.23  -5.776
 86.33  -5.775
 86.43  -5.774
 86.53  -5.773
 86.62  -5.772
 86.72  -5.771
 86.82  -5.770
 86.91  -5.769
 87.01  -5.768
 87.11  -5.767
 87.20  -5.766
 87.30  -5.765
 87.40  -5.764
 87.49  -5.763
 87.59  -5.762
 87.69  -5.761
 87.79  -5.760
 87.89  -5.759
 87.98  -5.759
 88.08  -5.758
 88.17  -5.757
 88.27  -5.756
 88.37  -5.755
 88.47  -5.754
 88.57  -5.753
 88.66  -5.752
 88.76  -5.751
 88.86  -5.750
 88.96  -5.749
 89.05  -5.748
 89.15  -5.747
 89.24  -5.746
 89.34  -5.745
 89.44  -5.744
 89.54  -5.743
 89.63  -5.742
 89.73  -5.740
 89.83  -5.739
 89.93  -5.738
 90.03  -5.737
 90.12  -5.736
 90.22  -5.735
 90.31  -5.734
 90.41  -5.733
 90.51  -5.732
 90.61  -5.731
 90.70  -5.730
 90.80  -5.728
 90.90  -5.727
 91.00  -5.726
 91.09  -5.725
 91.19  -5.724
 91.29  -5.723
 91.38  -5.722
 91.48  -5.720
 91.58  -5.719
 91.67  -5.718
 91.77  -5.717
 91.87  -5.716
 91.97  -5.715
 92.07  -5.713
 92.17  -5.712
 92.26  -5.711
 92.35  -5.710
 92.45  -5.708
 92.55  -5.707
 92.65  -5.706
 92.75  -5.705
 92.85  -5.703
 92.94  -5.702
 93.04  -5.701
 93.13  -5.699
 93.23  -5.698
 93.33  -5.697
 93.42  -5.695
 93.52  -5.694
 93.62  -5.693
 93.72  -5.691
 93.82  -5.690
 93.91  -5.688
 94.01  -5.687
 94.11  -5.686
 94.21  -5.684
 94.31  -5.683
 94.40  -5.681
 94.49  -5.680
 94.59  -5.678
 94.69  -5.676
 94.79  -5.675
 94.89  -5.673
 94.99  -5.671
 95.08  -5.670
 95.18  -5.668
 95.28  -5.666
 95.38  -5.665
 95.47  -5.663
 95.57  -5.661
 95.66  -5.659
 95.76  -5.658
 95.86  -5.656
 95.96  -5.654
 96.06  -5.652
 96.16  -5.651
 96.25  -5.649
 96.35  -5.647
 96.45  -5.645
 96.54  -5.644
 96.64  -5.642
 96.73  -5.640
 96.83  -5.638
 96.93  -5.637
 97.03  -5.635
 97.13  -5.633
 97.23  -5.632
 97.33  -5.630
 97.42  -5.628
 97.52  -5.626
 97.61  -5.625
 97.71  -5.623
 97.81  -5.621
 97.91  -5.620
 98.01  -5.618
 98.10  -5.616
 98.20  -5.615
 98.30  -5.613
 98.40  -5.611
 98.50  -5.610
 98.59  -5.608
 98.69  -5.606
 98.78  -5.605
 98.88  -5.603
 98.98  -5.602
 99.08  -5.600
 99.18  -5.598
 99.28  -5.597
 99.37  -5.595
 99.47  -5.593
 99.56  -5.591
 99.66  -5.590
 99.76  -5.588
 99.86  -5.586
 99.96  -5.584
100.05  -5.583
100.15  -5.581
100.25  -5.579
100.35  -5.577
100.45  -5.575
100.55  -5.574
100.64  -5.572
100.74  -5.570
100.83  -5.568
100.93  -5.566
101.03  -5.564
101.13  -5.562
101.23  -5.560
101.33  -5.558
101.43  -5.557
101.52  -5.555
101.62  -5.553
101.71  -5.551
101.81  -5.549
101.91  -5.547
102.01  -5.545
102.11  -5.543
102.21  -5.541
102.31  -5.539
102.40  -5.537
102.50  -5.535
102.60  -5.533
102.70  -5.531
102.79  -5.529
102.89  -5.527
102.99  -5.525
103.08  -5.523
103.18  -5.521
103.28  -5.519
103.38  -5.517
103.48  -5.515
103.57  -5.513
103.67  -5.511
103.77  -5.509
103.86  -5.507
103.96  -5.505
104.06  -5.503
104.16  -5.501
104.26  -5.499
104.36  -5.497
104.45  -5.495
104.55  -5.493
104.65  -5.491
104.75  -5.489
104.84  -5.487
104.93  -5.485
105.03  -5.483
105.13  -5.481
105.23  -5.479
105.32  -5.477
105.42  -5.475
105.51  -5.473
105.61  -5.471
105.71  -5.469
105.80  -5.467
105.89  -5.465
105.98  -5.463
106.08  -5.460
106.18  -5.458
106.27  -5.456
106.37  -5.454
106.46  -5.452
106.56  -5.450
106.65  -5.447
106.75  -5.445
106.84  -5.443
106.94  -5.441
107.03  -5.439
107.12  -5.436
107.22  -5.434
107.31  -5.432
107.41  -5.430
107.51  -5.427
107.60  -5.425
107.70  -5.423
107.79  -5.420
107.89  -5.418
107.98  -5.416
108.07  -5.413
108.17  -5.411
108.27  -5.409
108.36  -5.406
108.46  -5.404
108.56  -5.401
108.65  -5.399
108.74  -5.396
108.84  -5.394
108.94  -5.391
109.03  -5.389
109.12  -5.386
109.22  -5.384
109.31  -5.381
109.41  -5.378
109.51  -5.376
109.60  -5.373
109.70  -5.370
109.80  -5.368
109.89  -5.365
109.98  -5.362
110.07  -5.359
110.17  -5.356
110.27  -5.353
110.36  -5.350
110.46  -5.347
110.55  -5.344
110.65  -5.341
110.74  -5.338
110.84  -5.335
110.93  -5.332
111.02  -5.328
111.12  -5.325
111.21  -5.322
111.31  -5.319
111.40  -5.316
111.50  -5.312
111.60  -5.309
111.70  -5.306
111.79  -5.302
111.88  -5.299
111.97  -5.296
112.07  -5.293
112.16  -5.289
112.26  -5.286
112.36  -5.283
112.45  -5.279
112.55  -5.276
112.65  -5.273
112.74  -5.270
112.83  -5.267
112.93  -5.263
113.02  -5.260
113.12  -5.257
113.21  -5.255
113.31  -5.252
113.40  -5.249
113.50  -5.246
113.59  -5.244
113.69  -5.241
113.79  -5.239
113.88  -5.236
113.97  -5.234
114.07  -5.231
114.16  -5.229
114.25  -5.226
114.35  -5.224
114.45  -5.221
114.54  -5.218
114.64  -5.216
114.73  -5.213
114.83  -5.210
114.92  -5.207
115.01  -5.204
115.11  -5.201
115.20  -5.198
115.30  -5.194
115.39  -5.191
115.49  -5.188
115.59  -5.185
115.68  -5.182
115.78  -5.179
115.87  -5.176
115.96  -5.172
116.06  -5.169
116.15  -5.167
116.25  -5.164
116.34  -5.161
116.44  -5.158
116.54  -5.156
116.63  -5.153
116.73  -5.151
116.82  -5.148
116.91  -5.146
117.00  -5.143
117.10  -5.140
117.20  -5.138
117.29  -5.135
117.39  -5.133
117.48  -5.130
117.58  -5.128
117.68  -5.125
117.77  -5.122
117.86  -5.120
117.95  -5.117
118.05  -5.114
118.14  -5.112
118.24  -5.109
118.34  -5.106
118.43  -5.103
118.53  -5.100
118.63  -5.098
118.72  -5.095
118.81  -5.092
118.90  -5.089
118.99  -5.087
119.09  -5.084
119.19  -5.081
119.28  -5.078
119.38  -5.075
119.48  -5.072
119.57  -5.070
119.67  -5.067
119.76  -5.064
119.85  -5.061
119.95  -5.058
120.04  -5.055
120.14  -5.052
120.23  -5.049
120.33  -5.047
120.43  -5.044
120.52  -5.041
120.62  -5.038
120.71  -5.035
120.80  -5.033
120.89  -5.030
120.99  -5.027
121.09  -5.024
121.18  -5.022
121.28  -5.019
121.37  -5.016
121.47  -5.014
121.56  -5.011
121.66  -5.008
121.76  -5.006
121.84  -5.003
121.94  -5.000
122.03  -4.998
122.13  -4.995
122.23  -4.993
122.32  -4.990
122.42  -4.987
122.51  -4.985
122.61  -4.982
122.71  -4.980
122.80  -4.977
122.89  -4.975
122.98  -4.973
123.08  -4.970
123.18  -4.968
123.27  -4.965
123.37  -4.963
123.46  -4.960
123.56  -4.958
123.66  -4.956
123.75  -4.953
123.84  -4.951
123.93  -4.948
124.03  -4.946
124.13  -4.943
124.22  -4.941
124.32  -4.939
124.41  -4.936
124.51  -4.934
124.61  -4.931
124.70  -4.929
124.80  -4.926
124.88  -4.924
124.98  -4.922
125.07  -4.919
125.17  -4.917
125.27  -4.914
125.36  -4.912
125.46  -4.910
125.56  -4.907
125.65  -4.905
125.75  -4.902
125.83  -4.900
125.93  -4.898
126.03  -4.895
126.12  -4.893
126.22  -4.891
126.31  -4.888
126.41  -4.886
126.50  -4.883
126.60  -4.881
126.70  -4.879
126.79  -4.876
126.88  -4.874
126.97  -4.871
127.07  -4.869
127.16  -4.867
127.26  -4.864
127.36  -4.862
127.46  -4.859
127.55  -4.857
127.65  -4.855
127.74  -4.852
127.83  -4.850
127.92  -4.847
128.02  -4.845
128.12  -4.842
128.21  -4.840
128.31  -4.838
128.40  -4.835
128.50  -4.833
128.60  -4.830
128.69  -4.828
128.78  -4.825
128.87  -4.823
128.97  -4.820
129.06  -4.818
129.16  -4.815
129.26  -4.813
129.35  -4.810
129.45  -4.808
129.55  -4.805
129.64  -4.803
129.74  -4.800
129.82  -4.798
129.92  -4.795
130.01  -4.793
130.11  -4.791
130.21  -4.788
130.30  -4.786
130.40  -4.784
130.49  -4.782
130.59  -4.779
130.69  -4.777
130.78  -4.775
130.87  -4.773
130.96  -4.770
131.06  -4.768
131.16  -4.766
131.25  -4.764
131.35  -4.761
131.44  -4.759
131.54  -4.757
131.64  -4.754
131.73  -4.752
131.82  -4.750
131.92  -4.748
132.01  -4.745
132.11  -4.743
132.21  -4.741
132.30  -4.738
132.40  -4.736
132.49  -4.734
132.59  -4.731
132.67  -4.729
132.77  -4.727
132.87  -4.724
132.96  -4.722
133.06  -4.720
133.16  -4.718
133.25  -4.715
133.35  -4.713
133.44  -4.711
133.54  -4.708
133.63  -4.706
133.72  -4.703
133.82  -4.701
133.92  -4.699
134.01  -4.696
134.11  -4.694
134.20  -4.691
134.30  -4.689
134.40  -4.686
134.49  -4.684
134.58  -4.681
134.68  -4.679
134.77  -4.676
134.87  -4.674
134.96  -4.671
135.06  -4.668
135.15  -4.666
135.25  -4.663
135.35  -4.660
135.44  -4.658
135.54  -4.655
135.63  -4.652
135.72  -4.650
135.82  -4.647
135.91  -4.644
136.01  -4.641
136.10  -4.639
136.20  -4.636
136.30  -4.633
136.39  -4.630
136.49  -4.628
136.58  -4.625
136.67  -4.622
136.77  -4.619
136.87  -4.616
136.96  -4.614
137.06  -4.611
137.16  -4.608
137.25  -4.605
137.34  -4.602
137.43  -4.599
137.53  -4.596
137.63  -4.592
137.73  -4.589
137.82  -4.586
137.91  -4.583
138.01  -4.579
138.11  -4.576
138.20  -4.573
138.30  -4.569
138.39  -4.566
138.49  -4.562
138.58  -4.559
138.68  -4.556
138.77  -4.552
138.87  -4.549
138.97  -4.546
139.06  -4.542
139.16  -4.539
139.25  -4.536
139.35  -4.533
139.44  -4.530
139.53  -4.526
139.63  -4.523
139.72  -4.520
139.82  -4.517
139.92  -4.514
140.01  -4.511
140.11  -4.508
140.20  -4.505
140.30  -4.501
140.39  -4.498
140.48  -4.495
140.58  -4.492
140.67  -4.490
140.77  -4.487
140.87  -4.484
140.96  -4.481
141.06  -4.478
141.16  -4.475
141.25  -4.472
141.35  -4.470
141.44  -4.467
141.53  -4.464
141.63  -4.461
141.72  -4.458
141.82  -4.455
141.92  -4.453
142.01  -4.450
142.11  -4.447
142.20  -4.444
142.30  -4.441
142.39  -4.438
142.48  -4.435
142.58  -4.433
142.68  -4.430
142.77  -4.427
142.87  -4.424
142.96  -4.421
143.06  -4.418
143.15  -4.415
143.25  -4.412
143.34  -4.409
143.42  -4.406
143.52  -4.403
143.61  -4.400
143.70  -4.397
143.80  -4.394
143.89  -4.391
143.98  -4.388
144.08  -4.385
144.17  -4.382
144.26  -4.378
144.35  -4.375
144.45  -4.372
144.54  -4.369
144.63  -4.366
144.72  -4.363
144.82  -4.360
144.91  -4.357
145.01  -4.354
145.10  -4.351
145.19  -4.348
145.29  -4.345
145.38  -4.342
145.47  -4.339
145.56  -4.336
145.65  -4.333
145.75  -4.330
145.84  -4.327
145.93  -4.325
146.03  -4.322
146.12  -4.319
146.21  -4.316
146.30  -4.313
146.39  -4.311
146.49  -4.308
146.58  -4.305
146.67  -4.303
146.77  -4.300
146.86  -4.297
146.96  -4.295
147.05  -4.292
147.15  -4.290
147.24  -4.287
147.32  -4.285
147.42  -4.282
147.51  -4.280
147.60  -4.277
147.70  -4.275
147.79  -4.273
147.89  -4.270
147.98  -4.268
148.07  -4.265
148.17  -4.263
148.26  -4.261
148.35  -4.258
148.44  -4.256
148.53  -4.253
148.63  -4.251
148.72  -4.249
148.81  -4.246
148.91  -4.244
149.00  -4.241
149.09  -4.239
149.19  -4.237
149.28  -4.234
149.37  -4.232
149.46  -4.230
149.56  -4.227
149.65  -4.225
149.75  -4.222
149.84  -4.220
149.93  -4.217
150.02  -4.215
150.12  -4.213
150.21  -4.210
150.30  -4.208
150.39  -4.205
150.49  -4.203
150.58  -4.200
150.67  -4.198
150.77  -4.195
150.86  -4.193
150.95  -4.190
151.04  -4.188
151.13  -4.186
151.23  -4.183
151.32  -4.181
151.41  -4.178
151.51  -4.176
151.60  -4.174
151.70  -4.171
151.79  -4.169
151.88  -4.166
151.97  -4.164
152.07  -4.161
152.15  -4.159
152.25  -4.156
152.34  -4.154
152.44  -4.151
152.53  -4.149
152.63  -4.146
152.72  -4.143
152.81  -4.141
152.90  -4.138
152.99  -4.135
153.09  -4.132
153.18  -4.130
153.27  -4.127
153.37  -4.124
153.46  -4.121
153.56  -4.119
153.65  -4.116
153.74  -4.113
153.83  -4.110
153.92  -4.108
154.02  -4.105
154.11  -4.103
154.20  -4.100
154.30  -4.097
154.39  -4.095
154.48  -4.092
154.58  -4.090
154.67  -4.087
154.76  -4.085
154.85  -4.082
154.94  -4.079
155.04  -4.077
155.13  -4.074
155.23  -4.072
155.32  -4.069
155.41  -4.066
155.51  -4.064
155.60  -4.061
155.69  -4.058
155.78  -4.055
155.87  -4.053
155.97  -4.050
156.06  -4.047
156.15  -4.044
156.25  -4.041
156.34  -4.039
156.43  -4.036
156.52  -4.033
156.61  -4.030
156.71  -4.027
156.80  -4.025
156.89  -4.022
156.99  -4.019
157.08  -4.017
157.18  -4.014
157.27  -4.012
157.36  -4.009
157.45  -4.007
157.54  -4.004
157.63  -4.002
157.73  -3.999
157.82  -3.997
157.92  -3.994
158.01  -3.992
158.11  -3.989
158.20  -3.987
158.29  -3.985
158.38  -3.982
158.48  -3.980
158.57  -3.978
158.66  -3.976
158.75  -3.973
158.84  -3.971
158.94  -3.969
159.03  -3.967
159.12  -3.964
159.22  -3.962
159.31  -3.960
159.41  -3.958
159.49  -3.956
159.59  -3.954
159.68  -3.952
159.77  -3.949
159.87  -3.947
159.96  -3.945
160.05  -3.943
160.15  -3.941
160.23  -3.939
160.33  -3.937
160.42  -3.935
160.52  -3.933
160.61  -3.931
160.71  -3.928
160.80  -3.926
160.89  -3.924
160.98  -3.922
161.08  -3.920
161.17  -3.918
161.26  -3.916
161.35  -3.914
161.45  -3.912
161.54  -3.910
161.63  -3.908
161.73  -3.906
161.82  -3.904
161.91  -3.902
162.01  -3.900
162.09  -3.899
162.19  -3.897
162.28  -3.895
162.37  -3.893
162.47  -3.891
162.56  -3.889
162.65  -3.887
162.75  -3.885
162.84  -3.882
162.93  -3.880
163.02  -3.878
163.12  -3.876
163.21  -3.873
163.31  -3.871
163.40  -3.868
163.50  -3.866
163.59  -3.864
163.68  -3.861
163.77  -3.859
163.86  -3.856
163.96  -3.854
164.05  -3.851
164.14  -3.849
164.24  -3.847
164.33  -3.844
164.42  -3.842
164.52  -3.840
164.61  -3.838
164.70  -3.835
164.79  -3.833
164.89  -3.831
164.98  -3.829
165.07  -3.827
165.17  -3.825
165.26  -3.823
165.35  -3.821
165.45  -3.818
165.54  -3.816
165.63  -3.814
165.72  -3.812
165.82  -3.810
165.91  -3.807
166.01  -3.805
166.10  -3.803
166.19  -3.800
166.28  -3.798
166.37  -3.796
166.46  -3.793
166.56  -3.791
166.65  -3.788
166.75  -3.786
166.84  -3.783
166.93  -3.781
167.02  -3.778
167.12  -3.776
167.21  -3.774
167.30  -3.771
167.40  -3.769
167.49  -3.766
167.58  -3.764
167.67  -3.761
167.77  -3.759
167.86  -3.757
167.96  -3.754
168.05  -3.752
168.14  -3.749
168.23  -3.747
168.33  -3.744
168.42  -3.742
168.51  -3.739
168.61  -3.737
168.70  -3.734
168.79  -3.732
168.89  -3.729
168.98  -3.726
169.07  -3.724
169.16  -3.721
169.26  -3.718
169.35  -3.716
169.45  -3.713
169.54  -3.710
169.63  -3.708
169.72  -3.705
169.81  -3.702
169.91  -3.699
170.00  -3.697
170.09  -3.694
170.19  -3.691
170.28  -3.689
170.37  -3.686
170.46  -3.684
170.56  -3.681
170.66  -3.679
170.74  -3.676
170.84  -3.674
170.93  -3.671
171.03  -3.669
171.12  -3.666
171.22  -3.664
171.31  -3.661
171.40  -3.659
171.49  -3.656
171.58  -3.654
171.68  -3.651
171.77  -3.648
171.87  -3.646
171.96  -3.643
172.05  -3.640
172.15  -3.638
172.24  -3.635
172.33  -3.632
172.42  -3.630
172.52  -3.627
172.61  -3.624
172.70  -3.621
172.80  -3.619
172.89  -3.616
172.98  -3.613
173.08  -3.610
173.17  -3.607
173.26  -3.604
173.36  -3.602
173.45  -3.599
173.55  -3.596
173.64  -3.593
173.73  -3.590
173.82  -3.587
173.92  -3.584
174.01  -3.581
174.10  -3.578
174.20  -3.575
174.29  -3.572
174.39  -3.569
174.48  -3.565
174.57  -3.562
174.67  -3.559
174.76  -3.556
174.85  -3.553
174.94  -3.550
175.04  -3.548
175.13  -3.545
175.23  -3.542
175.32  -3.539
175.41  -3.536
175.51  -3.533
175.60  -3.530
175.69  -3.527
175.78  -3.524
175.88  -3.521
175.98  -3.518
176.07  -3.515
176.16  -3.512
176.25  -3.509
176.35  -3.506
176.44  -3.503
176.53  -3.499
176.63  -3.496
176.72  -3.493
176.82  -3.489
176.91  -3.486
177.00  -3.482
177.10  -3.479
177.19  -3.475
177.28  -3.472
177.38  -3.469
177.47  -3.465
177.57  -3.462
177.66  -3.459
177.75  -3.456
177.84  -3.453
177.94  -3.450
178.03  -3.448
178.12  -3.445
178.22  -3.443
178.31  -3.441
178.41  -3.438
178.50  -3.436
178.59  -3.433
178.68  -3.431
178.78  -3.429
178.87  -3.426
178.96  -3.424
179.05  -3.421
179.15  -3.419
179.25  -3.416
179.34  -3.413
179.43  -3.409
179.53  -3.406
179.62  -3.403
179.71  -3.399
179.80  -3.396
179.90  -3.392
179.99  -3.388
180.08  -3.385
180.17  -3.381
180.26  -3.377
180.35  -3.374
180.44  -3.370
180.53  -3.367
180.62  -3.363
180.71  -3.360
180.80  -3.356
180.90  -3.353
180.99  -3.350
181.08  -3.346
181.17  -3.343
181.26  -3.340
181.35  -3.337
181.44  -3.334
181.53  -3.331
181.63  -3.328
181.72  -3.324
181.81  -3.321
181.90  -3.318
181.99  -3.315
182.08  -3.312
182.17  -3.308
182.26  -3.305
182.36  -3.302
182.45  -3.299
182.54  -3.295
182.63  -3.292
182.72  -3.288
182.81  -3.285
182.90  -3.282
182.99  -3.278
183.08  -3.275
183.18  -3.272
183.27  -3.268
183.36  -3.265
183.45  -3.262
183.54  -3.258
183.63  -3.255
183.72  -3.251
183.81  -3.248
183.91  -3.245
184.00  -3.241
184.09  -3.238
184.18  -3.235
184.27  -3.231
184.36  -3.228
184.45  -3.225
184.54  -3.221
184.64  -3.218
184.73  -3.214
184.81  -3.211
184.91  -3.207
185.00  -3.204
185.09  -3.200
185.18  -3.197
185.27  -3.193
185.37  -3.190
185.46  -3.186
185.55  -3.182
185.63  -3.179
185.73  -3.175
185.82  -3.172
185.91  -3.168
186.00  -3.164
186.09  -3.161
186.19  -3.157
186.28  -3.153
186.37  -3.150
186.45  -3.146
186.55  -3.143
186.64  -3.139
186.73  -3.136
186.82  -3.133
186.91  -3.129
187.01  -3.126
187.09  -3.123
187.19  -3.120
187.28  -3.116
187.37  -3.113
187.46  -3.110
187.55  -3.107
187.64  -3.104
187.73  -3.100
187.83  -3.097
187.91  -3.094
188.00  -3.091
188.10  -3.088
188.19  -3.085
188.28  -3.081
188.37  -3.078
188.46  -3.075
188.55  -3.072
188.64  -3.069
188.73  -3.065
188.82  -3.062
188.91  -3.059
189.00  -3.056
189.10  -3.053
189.19  -3.050
189.28  -3.047
189.37  -3.043
189.46  -3.040
189.55  -3.037
189.64  -3.034
189.73  -3.031
189.83  -3.028
189.92  -3.025
190.01  -3.022
190.19  -3.015
190.28  -3.012
190.37  -3.009
190.46  -3.006
190.55  -3.003
190.65  -3.000
190.74  -2.996
190.83  -2.993
190.91  -2.990
191.01  -2.987
191.10  -2.984
191.19  -2.981
191.28  -2.978
191.37  -2.975
191.46  -2.972
191.55  -2.969
191.64  -2.965
191.74  -2.962
191.83  -2.959
191.92  -2.956
192.01  -2.953
192.10  -2.950
192.19  -2.946
192.29  -2.943
192.37  -2.940
192.46  -2.936
192.56  -2.933
192.65  -2.929
192.74  -2.925
192.83  -2.922
192.92  -2.918
193.01  -2.914
193.11  -2.911
193.19  -2.907
193.28  -2.903
193.37  -2.899
193.47  -2.896
193.56  -2.892
193.65  -2.889
193.74  -2.885
193.83  -2.882
193.92  -2.878
194.01  -2.875
194.10  -2.872
194.19  -2.869
194.28  -2.866
194.38  -2.863
194.47  -2.860
194.56  -2.857
194.65  -2.854
194.74  -2.851
194.83  -2.848
194.92  -2.845
195.01  -2.842
195.11  -2.839
195.20  -2.836
195.29  -2.834
195.38  -2.831
195.46  -2.827
195.56  -2.824
195.65  -2.821
195.74  -2.818
195.83  -2.815
195.93  -2.812
196.02  -2.809
196.11  -2.806
196.19  -2.803
196.29  -2.799
196.38  -2.796
196.47  -2.793
196.56  -2.790
196.65  -2.787
196.74  -2.784
196.84  -2.781
196.92  -2.778
197.01  -2.774
197.11  -2.771
197.20  -2.768
197.29  -2.765
197.38  -2.762
197.47  -2.758
197.56  -2.755
197.65  -2.752
197.74  -2.749
197.83  -2.746
197.92  -2.743
198.01  -2.739
198.10  -2.736
198.20  -2.733
198.29  -2.730
198.38  -2.727
198.47  -2.724
198.56  -2.721
198.65  -2.717
198.74  -2.714
198.84  -2.711
198.93  -2.708
199.02  -2.705
199.10  -2.702
199.20  -2.699
199.29  -2.696
199.38  -2.693
199.47  -2.690
199.56  -2.687
199.66  -2.684
199.75  -2.681
