  
  DOI/GTN-P Deep Borehole Array, Arctic Alaska 
             U.S. Geological Survey 
            Processed Temperature Log 
                    28-Aug-2013 
________________________________________________ 
  
Temperature Log Information: 
  Well name:   South Meade 
  File name:   SME_02AUG20_c_d 
  Log date:    20-AUG-2002 
  
Contact Information: 
  Gary Clow 
  U.S. Geological Survey 
  clow@usgs.gov 
  
Definitions: 
  Depth:        Depth below local ground surface (m) 
  Temperature:  ITS-90 temperature (°C) 
________________________________________________ 
             
 Depth  Temperature 
  8.80  -6.142
  8.85  -6.146
  8.95  -6.154
  9.06  -6.165
  9.15  -6.179
  9.25  -6.197
  9.38  -6.218
  9.52  -6.244
  9.66  -6.273
  9.80  -6.306
  9.94  -6.340
 10.08  -6.374
 10.22  -6.405
 10.37  -6.434
 10.50  -6.461
 10.63  -6.487
 10.75  -6.515
 10.89  -6.541
 11.14  -6.581
 11.27  -6.590
 11.39  -6.594
 11.52  -6.596
 11.65  -6.597
 11.78  -6.602
 11.90  -6.607
 12.02  -6.612
 12.15  -6.617
 12.28  -6.618
 12.41  -6.619
 12.53  -6.620
 12.66  -6.621
 12.78  -6.622
 12.91  -6.623
 13.04  -6.625
 13.17  -6.626
 13.29  -6.627
 13.41  -6.627
 13.54  -6.627
 13.68  -6.627
 13.80  -6.628
 13.92  -6.629
 14.05  -6.630
 14.17  -6.631
 14.30  -6.632
 14.43  -6.633
 14.56  -6.634
 14.68  -6.636
 14.81  -6.638
 14.94  -6.641
 15.07  -6.645
 15.20  -6.650
 15.32  -6.657
 15.45  -6.664
 15.58  -6.673
 15.71  -6.683
 15.84  -6.692
 15.96  -6.702
 16.09  -6.713
 16.21  -6.723
 16.35  -6.733
 16.48  -6.743
 16.60  -6.753
 16.73  -6.763
 16.86  -6.773
 16.99  -6.783
 17.12  -6.793
 17.24  -6.804
 17.37  -6.814
 17.49  -6.825
 17.62  -6.835
 17.75  -6.846
 17.88  -6.857
 18.01  -6.868
 18.13  -6.879
 18.26  -6.890
 18.39  -6.902
 18.52  -6.914
 18.64  -6.926
 18.77  -6.938
 18.89  -6.950
 19.03  -6.963
 19.16  -6.976
 19.28  -6.989
 19.41  -7.002
 19.54  -7.016
 19.67  -7.030
 19.80  -7.043
 19.93  -7.057
 20.05  -7.071
 20.18  -7.084
 20.31  -7.098
 20.44  -7.111
 20.57  -7.124
 20.69  -7.136
 20.82  -7.148
 20.95  -7.160
 21.08  -7.172
 21.21  -7.183
 21.33  -7.193
 21.46  -7.203
 21.59  -7.212
 21.72  -7.221
 21.85  -7.229
 21.97  -7.237
 22.10  -7.245
 22.23  -7.252
 22.36  -7.259
 22.49  -7.266
 22.62  -7.273
 22.74  -7.280
 22.87  -7.286
 23.00  -7.292
 23.13  -7.298
 23.26  -7.305
 23.39  -7.311
 23.51  -7.317
 23.64  -7.323
 23.77  -7.329
 23.90  -7.334
 24.03  -7.340
 24.15  -7.346
 24.28  -7.352
 24.41  -7.357
 24.54  -7.362
 24.67  -7.367
 24.80  -7.372
 24.92  -7.377
 25.05  -7.382
 25.18  -7.387
 25.31  -7.391
 25.44  -7.396
 25.56  -7.401
 25.69  -7.406
 25.82  -7.411
 25.95  -7.416
 26.08  -7.421
 26.20  -7.426
 26.33  -7.430
 26.46  -7.435
 26.59  -7.439
 26.72  -7.443
 26.85  -7.446
 26.98  -7.450
 27.10  -7.453
 27.23  -7.456
 27.37  -7.459
 27.49  -7.462
 27.62  -7.464
 27.75  -7.466
 27.88  -7.467
 28.01  -7.469
 28.14  -7.470
 28.26  -7.471
 28.39  -7.472
 28.52  -7.473
 28.65  -7.474
 28.78  -7.475
 28.90  -7.475
 29.03  -7.476
 29.16  -7.477
 29.29  -7.477
 29.42  -7.478
 29.55  -7.478
 29.67  -7.478
 29.80  -7.479
 29.93  -7.479
 30.06  -7.479
 30.19  -7.479
 30.31  -7.480
 30.44  -7.480
 30.58  -7.480
 30.71  -7.480
 30.84  -7.480
 30.96  -7.479
 31.09  -7.479
 31.22  -7.479
 31.35  -7.478
 31.48  -7.478
 31.60  -7.477
 31.73  -7.477
 31.86  -7.476
 31.99  -7.475
 32.12  -7.474
 32.25  -7.473
 32.37  -7.472
 32.50  -7.470
 32.63  -7.469
 32.76  -7.468
 32.89  -7.466
 33.02  -7.465
 33.14  -7.463
 33.27  -7.462
 33.40  -7.460
 33.53  -7.459
 33.66  -7.457
 33.78  -7.455
 33.91  -7.454
 34.05  -7.452
 34.18  -7.450
 34.31  -7.448
 34.43  -7.446
 34.56  -7.444
 34.69  -7.442
 34.82  -7.440
 34.95  -7.438
 35.07  -7.436
 35.20  -7.434
 35.33  -7.431
 35.46  -7.429
 35.59  -7.427
 35.72  -7.424
 35.84  -7.422
 35.97  -7.419
 36.11  -7.416
 36.23  -7.414
 36.36  -7.411
 36.49  -7.408
 36.62  -7.405
 36.75  -7.402
 36.88  -7.399
 37.01  -7.396
 37.14  -7.393
 37.26  -7.390
 37.39  -7.386
 37.53  -7.383
 37.65  -7.380
 37.78  -7.376
 37.91  -7.372
 38.04  -7.368
 38.17  -7.364
 38.30  -7.360
 38.43  -7.356
 38.56  -7.352
 38.68  -7.348
 38.81  -7.343
 38.94  -7.339
 39.07  -7.335
 39.20  -7.330
 39.32  -7.326
 39.46  -7.321
 39.59  -7.317
 39.72  -7.312
 39.84  -7.308
 39.97  -7.303
 40.10  -7.299
 40.23  -7.295
 40.36  -7.291
 40.48  -7.286
 40.61  -7.282
 40.74  -7.278
 40.87  -7.273
 41.00  -7.269
 41.12  -7.265
 41.25  -7.260
 41.37  -7.256
 41.51  -7.252
 41.64  -7.247
 41.76  -7.243
 41.89  -7.238
 42.01  -7.234
 42.15  -7.229
 42.27  -7.224
 42.40  -7.219
 42.52  -7.215
 42.65  -7.210
 42.78  -7.205
 42.91  -7.200
 43.03  -7.195
 43.15  -7.190
 43.28  -7.185
 43.41  -7.181
 43.53  -7.176
 43.66  -7.171
 43.78  -7.166
 43.90  -7.161
 44.02  -7.157
 44.15  -7.152
 44.28  -7.148
 44.40  -7.143
 44.52  -7.139
 44.64  -7.134
 44.76  -7.130
 44.89  -7.125
 45.01  -7.121
 45.13  -7.116
 45.25  -7.112
 45.38  -7.107
 45.50  -7.102
 45.63  -7.098
 45.75  -7.093
 45.88  -7.088
 46.00  -7.083
 46.13  -7.078
 46.25  -7.073
 46.38  -7.068
 46.50  -7.063
 46.62  -7.058
 46.75  -7.053
 46.88  -7.047
 47.00  -7.042
 47.12  -7.037
 47.24  -7.031
 47.37  -7.026
 47.50  -7.020
 47.63  -7.015
 47.75  -7.009
 47.88  -7.004
 48.00  -6.998
 48.13  -6.993
 48.25  -6.988
 48.38  -6.982
 48.50  -6.977
 48.63  -6.972
 48.75  -6.966
 48.88  -6.961
 49.00  -6.955
 49.13  -6.950
 49.25  -6.944
 49.37  -6.938
 49.50  -6.932
 49.62  -6.926
 49.75  -6.920
 49.87  -6.914
 50.00  -6.908
 50.13  -6.901
 50.25  -6.894
 50.38  -6.887
 50.50  -6.880
 50.63  -6.873
 50.75  -6.866
 50.88  -6.859
 51.00  -6.852
 51.13  -6.844
 51.25  -6.837
 51.38  -6.830
 51.51  -6.823
 51.63  -6.816
 51.76  -6.809
 51.88  -6.802
 52.01  -6.796
 52.14  -6.789
 52.26  -6.783
 52.38  -6.776
 52.51  -6.770
 52.63  -6.763
 52.76  -6.757
 52.88  -6.751
 53.01  -6.744
 53.13  -6.738
 53.26  -6.732
 53.38  -6.725
 53.51  -6.719
 53.63  -6.713
 53.76  -6.706
 53.88  -6.699
 54.01  -6.693
 54.14  -6.686
 54.26  -6.679
 54.38  -6.672
 54.51  -6.665
 54.64  -6.658
 54.76  -6.651
 54.89  -6.644
 55.01  -6.637
 55.14  -6.630
 55.26  -6.623
 55.39  -6.616
 55.51  -6.609
 55.63  -6.602
 55.76  -6.595
 55.88  -6.588
 56.01  -6.581
 56.14  -6.575
 56.26  -6.568
 56.38  -6.562
 56.51  -6.556
 56.64  -6.549
 56.76  -6.543
 56.88  -6.537
 57.01  -6.530
 57.14  -6.524
 57.26  -6.517
 57.39  -6.511
 57.51  -6.504
 57.64  -6.498
 57.76  -6.491
 57.89  -6.485
 58.01  -6.478
 58.13  -6.471
 58.26  -6.464
 58.39  -6.457
 58.51  -6.450
 58.64  -6.443
 58.76  -6.436
 58.89  -6.429
 59.01  -6.422
 59.13  -6.415
 59.26  -6.408
 59.39  -6.401
 59.51  -6.394
 59.63  -6.387
 59.76  -6.380
 59.88  -6.373
 60.01  -6.366
 60.14  -6.358
 60.26  -6.351
 60.39  -6.344
 60.51  -6.337
 60.64  -6.330
 60.76  -6.322
 60.88  -6.315
 61.01  -6.308
 61.13  -6.301
 61.26  -6.294
 61.38  -6.286
 61.51  -6.279
 61.63  -6.272
 61.76  -6.266
 61.88  -6.259
 62.01  -6.252
 62.13  -6.246
 62.26  -6.240
 62.38  -6.234
 62.51  -6.228
 62.64  -6.222
 62.76  -6.216
 62.89  -6.210
 63.01  -6.204
 63.14  -6.198
 63.26  -6.192
 63.39  -6.186
 63.51  -6.180
 63.63  -6.174
 63.76  -6.168
 63.89  -6.162
 64.01  -6.155
 64.14  -6.148
 64.26  -6.142
 64.39  -6.135
 64.51  -6.128
 64.64  -6.121
 64.76  -6.114
 64.88  -6.107
 65.01  -6.100
 65.14  -6.093
 65.26  -6.086
 65.39  -6.079
 65.51  -6.071
 65.63  -6.064
 65.76  -6.057
 65.89  -6.050
 66.01  -6.043
 66.13  -6.036
 66.26  -6.029
 66.39  -6.023
 66.51  -6.016
 66.64  -6.009
 66.76  -6.002
 66.89  -5.995
 67.01  -5.988
 67.14  -5.982
 67.26  -5.975
 67.39  -5.968
 67.51  -5.961
 67.64  -5.954
 67.76  -5.947
 67.89  -5.940
 68.02  -5.934
 68.14  -5.927
 68.26  -5.920
 68.39  -5.913
 68.52  -5.906
 68.64  -5.899
 68.77  -5.892
 68.89  -5.885
 69.02  -5.878
 69.14  -5.871
 69.27  -5.865
 69.40  -5.858
 69.52  -5.851
 69.64  -5.844
 69.77  -5.837
 69.90  -5.831
 70.02  -5.824
 70.15  -5.818
 70.27  -5.811
 70.40  -5.805
 70.52  -5.798
 70.65  -5.792
 70.77  -5.785
 70.89  -5.779
 71.02  -5.773
 71.15  -5.766
 71.27  -5.760
 71.40  -5.753
 71.52  -5.747
 71.65  -5.741
 71.77  -5.734
 71.90  -5.728
 72.02  -5.721
 72.15  -5.715
 72.27  -5.709
 72.40  -5.702
 72.52  -5.696
 72.65  -5.689
 72.77  -5.683
 72.90  -5.676
 73.02  -5.670
 73.15  -5.664
 73.27  -5.657
 73.40  -5.651
 73.52  -5.644
 73.65  -5.638
 73.77  -5.631
 73.90  -5.625
 74.02  -5.618
 74.14  -5.612
 74.27  -5.605
 74.40  -5.598
 74.52  -5.591
 74.65  -5.585
 74.77  -5.578
 74.89  -5.571
 75.02  -5.564
 75.14  -5.558
 75.27  -5.551
 75.39  -5.544
 75.52  -5.537
 75.64  -5.531
 75.76  -5.524
 75.89  -5.518
 76.01  -5.511
 76.14  -5.505
 76.26  -5.499
 76.39  -5.493
 76.51  -5.487
 76.64  -5.480
 76.76  -5.474
 76.88  -5.468
 77.01  -5.462
 77.13  -5.456
 77.26  -5.450
 77.38  -5.443
 77.51  -5.437
 77.63  -5.431
 77.76  -5.425
 77.88  -5.419
 78.01  -5.413
 78.13  -5.407
 78.25  -5.401
 78.37  -5.394
 78.50  -5.388
 78.63  -5.382
 78.75  -5.376
 78.87  -5.369
 78.99  -5.363
 79.12  -5.357
 79.24  -5.351
 79.36  -5.344
 79.48  -5.338
 79.60  -5.331
 79.71  -5.325
 79.84  -5.317
 79.96  -5.310
 80.08  -5.302
 80.20  -5.294
 80.32  -5.286
 80.44  -5.278
 80.56  -5.270
 80.68  -5.262
 80.80  -5.254
 80.92  -5.246
 81.05  -5.238
 81.17  -5.230
 81.29  -5.222
 81.41  -5.215
 81.53  -5.207
 81.65  -5.199
 81.77  -5.192
 81.89  -5.185
 82.01  -5.179
 82.13  -5.172
 82.25  -5.166
 82.38  -5.160
 82.50  -5.154
 82.62  -5.148
 82.74  -5.142
 82.86  -5.136
 82.98  -5.129
 83.11  -5.123
 83.22  -5.117
 83.34  -5.111
 83.46  -5.105
 83.59  -5.099
 83.71  -5.092
 83.83  -5.085
 83.95  -5.079
 84.07  -5.072
 84.20  -5.065
 84.32  -5.057
 84.44  -5.050
 84.56  -5.043
 84.68  -5.036
 84.80  -5.029
 84.93  -5.023
 85.05  -5.016
 85.17  -5.009
 85.29  -5.003
 85.41  -4.996
 85.53  -4.989
 85.65  -4.983
 85.78  -4.976
 85.90  -4.969
 86.02  -4.962
 86.14  -4.955
 86.27  -4.949
 86.39  -4.942
 86.51  -4.935
 86.63  -4.929
 86.75  -4.922
 86.87  -4.915
 86.99  -4.909
 87.11  -4.902
 87.23  -4.896
 87.36  -4.889
 87.48  -4.883
 87.60  -4.877
 87.72  -4.871
 87.84  -4.864
 87.97  -4.858
 88.09  -4.852
 88.21  -4.847
 88.33  -4.841
 88.45  -4.835
 88.57  -4.829
 88.70  -4.823
 88.82  -4.817
 88.94  -4.811
 89.06  -4.805
 89.18  -4.799
 89.30  -4.793
 89.43  -4.787
 89.55  -4.781
 89.67  -4.775
 89.79  -4.770
 89.91  -4.764
 90.03  -4.758
 90.16  -4.753
 90.28  -4.747
 90.40  -4.741
 90.52  -4.735
 90.64  -4.728
 90.77  -4.722
 90.89  -4.715
 91.01  -4.708
 91.13  -4.701
 91.37  -4.687
 91.50  -4.681
 91.62  -4.675
 91.74  -4.668
 91.86  -4.662
 91.98  -4.657
 92.11  -4.651
 92.23  -4.645
 92.35  -4.639
 92.47  -4.633
 92.59  -4.627
 92.71  -4.621
 92.83  -4.614
 92.95  -4.608
 93.07  -4.602
 93.19  -4.596
 93.32  -4.589
 93.44  -4.583
 93.55  -4.576
 93.68  -4.570
 93.80  -4.563
 93.92  -4.556
 94.05  -4.549
 94.17  -4.542
 94.29  -4.536
 94.41  -4.529
 94.53  -4.522
 94.65  -4.515
 94.77  -4.508
 94.89  -4.502
 95.01  -4.495
 95.14  -4.489
 95.26  -4.482
 95.38  -4.476
 95.50  -4.470
 95.62  -4.464
 95.74  -4.459
 95.87  -4.454
 95.99  -4.448
 96.11  -4.443
 96.23  -4.438
 96.35  -4.433
 96.47  -4.428
 96.59  -4.423
 96.72  -4.417
 96.83  -4.412
 96.95  -4.407
 97.08  -4.402
 97.20  -4.397
 97.32  -4.391
 97.44  -4.386
 97.56  -4.380
 97.69  -4.374
 97.81  -4.368
 97.93  -4.362
 98.05  -4.356
 98.17  -4.349
 98.29  -4.343
 98.41  -4.337
 98.53  -4.331
 98.65  -4.326
 98.77  -4.320
 98.89  -4.314
 99.02  -4.308
 99.14  -4.303
 99.26  -4.297
 99.38  -4.292
 99.50  -4.287
 99.62  -4.282
 99.74  -4.277
 99.86  -4.273
 99.98  -4.268
100.11  -4.264
100.23  -4.259
100.35  -4.255
100.47  -4.251
100.59  -4.246
100.71  -4.242
100.83  -4.238
100.96  -4.234
101.08  -4.230
101.20  -4.226
101.32  -4.222
101.44  -4.219
101.56  -4.215
101.68  -4.211
101.80  -4.208
101.92  -4.204
102.04  -4.201
102.16  -4.198
102.28  -4.194
102.41  -4.191
102.53  -4.188
102.65  -4.184
102.77  -4.181
102.89  -4.177
103.01  -4.174
103.13  -4.170
103.25  -4.166
103.37  -4.162
103.49  -4.158
103.62  -4.154
103.74  -4.149
103.86  -4.145
103.98  -4.141
104.10  -4.136
104.22  -4.132
104.34  -4.128
104.46  -4.123
104.58  -4.119
104.70  -4.114
104.83  -4.110
104.95  -4.106
105.07  -4.102
105.19  -4.097
105.31  -4.093
105.43  -4.090
105.55  -4.086
105.68  -4.082
105.80  -4.078
105.92  -4.074
106.04  -4.070
106.16  -4.066
106.28  -4.062
106.40  -4.058
106.52  -4.054
106.64  -4.050
106.76  -4.046
106.89  -4.042
107.01  -4.038
107.13  -4.034
107.25  -4.030
107.37  -4.026
107.49  -4.021
107.62  -4.017
107.74  -4.013
107.86  -4.008
107.98  -4.004
108.10  -3.999
108.22  -3.995
108.34  -3.990
108.46  -3.986
108.58  -3.981
108.70  -3.976
108.82  -3.971
108.94  -3.966
109.06  -3.961
109.18  -3.956
109.30  -3.950
109.42  -3.945
109.54  -3.939
109.67  -3.933
109.79  -3.928
109.91  -3.922
110.03  -3.916
110.15  -3.910
110.27  -3.905
110.39  -3.899
110.51  -3.893
110.63  -3.887
110.76  -3.881
110.88  -3.876
111.00  -3.870
111.12  -3.865
111.24  -3.859
111.36  -3.854
111.48  -3.848
111.59  -3.843
111.71  -3.838
111.83  -3.832
111.96  -3.827
112.07  -3.821
112.19  -3.816
112.31  -3.810
112.43  -3.805
112.55  -3.799
112.67  -3.794
112.79  -3.788
112.90  -3.783
113.02  -3.777
113.14  -3.771
113.26  -3.765
113.38  -3.759
113.50  -3.754
113.61  -3.748
113.73  -3.742
113.85  -3.736
113.96  -3.730
114.08  -3.724
114.19  -3.718
114.30  -3.712
114.42  -3.706
114.54  -3.700
114.65  -3.694
114.77  -3.687
114.88  -3.681
115.00  -3.674
115.12  -3.667
115.23  -3.661
115.35  -3.654
115.47  -3.647
115.58  -3.640
115.70  -3.633
115.82  -3.627
115.94  -3.620
116.06  -3.613
116.17  -3.607
116.29  -3.600
116.41  -3.594
116.53  -3.588
116.65  -3.582
116.76  -3.577
116.88  -3.571
117.00  -3.566
117.12  -3.561
117.24  -3.556
117.35  -3.551
117.47  -3.546
117.59  -3.542
117.71  -3.537
117.82  -3.532
117.94  -3.527
118.06  -3.522
118.17  -3.517
118.29  -3.512
118.41  -3.507
118.53  -3.502
118.64  -3.496
118.76  -3.491
118.88  -3.485
119.00  -3.480
119.11  -3.474
119.23  -3.468
119.35  -3.462
119.47  -3.456
119.59  -3.450
119.70  -3.444
119.82  -3.438
119.93  -3.432
120.06  -3.426
120.18  -3.420
120.29  -3.414
120.41  -3.407
120.53  -3.401
120.64  -3.395
120.76  -3.389
120.88  -3.382
121.00  -3.376
121.12  -3.369
121.23  -3.363
121.35  -3.356
121.47  -3.349
121.59  -3.342
121.71  -3.336
121.83  -3.329
121.94  -3.322
122.06  -3.314
122.18  -3.307
122.29  -3.299
122.41  -3.292
122.53  -3.284
122.65  -3.276
122.77  -3.268
122.88  -3.260
123.00  -3.252
123.12  -3.244
123.24  -3.236
123.35  -3.227
123.47  -3.219
123.59  -3.211
123.70  -3.203
123.82  -3.195
123.94  -3.187
124.06  -3.180
124.18  -3.172
124.30  -3.165
124.41  -3.158
124.53  -3.151
124.65  -3.144
124.76  -3.137
124.88  -3.130
125.00  -3.124
125.12  -3.117
125.24  -3.110
125.36  -3.103
125.47  -3.096
125.59  -3.089
125.71  -3.081
125.83  -3.074
125.95  -3.067
126.06  -3.061
126.18  -3.054
126.30  -3.047
126.42  -3.040
126.54  -3.033
126.65  -3.026
126.77  -3.019
126.89  -3.012
127.01  -3.004
127.13  -2.996
127.24  -2.988
127.36  -2.980
127.48  -2.971
127.60  -2.963
127.72  -2.955
127.84  -2.948
127.95  -2.941
128.07  -2.934
128.19  -2.928
128.31  -2.921
128.42  -2.915
128.54  -2.909
128.66  -2.902
128.78  -2.896
128.90  -2.889
129.01  -2.882
129.13  -2.875
129.25  -2.868
129.37  -2.861
129.49  -2.854
129.61  -2.847
129.72  -2.840
129.84  -2.834
129.96  -2.827
130.08  -2.821
130.20  -2.814
130.31  -2.808
130.43  -2.801
130.55  -2.795
130.67  -2.788
130.79  -2.780
130.91  -2.773
131.02  -2.765
131.14  -2.758
131.26  -2.750
131.38  -2.742
131.49  -2.734
131.61  -2.725
131.73  -2.717
131.85  -2.709
131.97  -2.700
132.09  -2.692
132.20  -2.683
132.32  -2.675
132.44  -2.666
132.56  -2.657
132.68  -2.648
132.79  -2.639
132.91  -2.630
133.03  -2.621
133.15  -2.613
133.26  -2.604
133.38  -2.595
133.50  -2.587
133.62  -2.578
133.74  -2.570
133.85  -2.563
133.97  -2.555
134.09  -2.547
134.21  -2.540
134.33  -2.532
134.44  -2.525
134.56  -2.518
134.68  -2.510
134.80  -2.503
134.92  -2.495
135.04  -2.488
135.16  -2.480
135.27  -2.473
135.39  -2.465
135.51  -2.457
135.63  -2.449
135.75  -2.441
135.87  -2.432
135.99  -2.424
136.10  -2.416
136.22  -2.407
136.34  -2.399
136.46  -2.391
136.58  -2.382
136.69  -2.374
136.81  -2.366
136.93  -2.358
137.05  -2.350
137.17  -2.342
137.29  -2.335
137.41  -2.328
137.53  -2.320
137.65  -2.314
137.76  -2.307
137.88  -2.300
138.00  -2.294
138.12  -2.287
138.24  -2.281
138.36  -2.274
138.47  -2.268
138.59  -2.261
138.71  -2.255
138.83  -2.248
138.95  -2.242
139.07  -2.235
139.18  -2.228
139.30  -2.221
139.42  -2.214
139.54  -2.207
139.66  -2.200
139.77  -2.193
139.89  -2.186
140.01  -2.178
140.13  -2.171
140.25  -2.164
140.37  -2.157
140.48  -2.149
140.60  -2.142
140.72  -2.135
140.84  -2.128
140.96  -2.121
141.08  -2.113
141.20  -2.106
141.31  -2.099
141.43  -2.092
141.55  -2.085
141.67  -2.078
141.78  -2.071
141.90  -2.064
142.02  -2.057
142.14  -2.050
142.26  -2.043
142.38  -2.037
142.49  -2.030
142.61  -2.023
142.73  -2.016
142.85  -2.009
142.96  -2.003
143.08  -1.996
143.20  -1.989
143.31  -1.983
143.43  -1.976
143.55  -1.970
143.67  -1.963
143.79  -1.957
143.90  -1.950
144.02  -1.944
144.14  -1.938
144.26  -1.931
144.38  -1.925
144.49  -1.919
144.61  -1.913
144.73  -1.907
144.84  -1.900
144.96  -1.894
145.08  -1.888
145.20  -1.882
145.31  -1.876
145.43  -1.870
145.55  -1.864
145.67  -1.858
145.78  -1.852
145.90  -1.846
146.02  -1.840
146.13  -1.834
146.25  -1.829
146.36  -1.823
146.48  -1.818
146.60  -1.812
146.71  -1.807
146.83  -1.802
146.94  -1.797
147.06  -1.792
147.17  -1.787
147.28  -1.782
147.40  -1.778
147.51  -1.773
147.63  -1.768
147.74  -1.764
147.85  -1.759
147.97  -1.755
148.08  -1.750
148.20  -1.746
148.31  -1.741
148.42  -1.737
148.54  -1.732
148.65  -1.727
148.77  -1.722
148.88  -1.717
148.99  -1.712
149.11  -1.707
149.22  -1.702
149.34  -1.697
149.45  -1.691
149.57  -1.686
149.68  -1.681
149.80  -1.676
149.91  -1.671
150.03  -1.666
150.14  -1.661
150.25  -1.656
150.37  -1.652
150.49  -1.647
150.60  -1.642
150.71  -1.637
150.83  -1.633
150.94  -1.628
151.06  -1.624
151.17  -1.619
151.29  -1.615
151.40  -1.610
151.51  -1.606
151.63  -1.601
151.74  -1.597
151.86  -1.592
151.97  -1.588
152.09  -1.584
152.20  -1.580
152.32  -1.576
152.43  -1.572
152.55  -1.568
152.66  -1.564
152.78  -1.560
152.89  -1.557
153.01  -1.553
153.12  -1.549
153.24  -1.546
153.35  -1.542
153.47  -1.538
153.58  -1.535
153.69  -1.531
153.81  -1.527
153.92  -1.524
154.04  -1.520
154.15  -1.516
154.27  -1.512
154.38  -1.508
154.50  -1.503
154.61  -1.499
154.73  -1.495
154.84  -1.490
154.96  -1.486
155.07  -1.482
155.19  -1.477
155.30  -1.473
155.42  -1.469
155.53  -1.464
155.65  -1.460
155.76  -1.456
155.88  -1.451
155.99  -1.447
167.70  -1.045
167.81  -1.042
167.92  -1.039
168.04  -1.036
168.15  -1.032
168.27  -1.029
168.39  -1.026
168.50  -1.023
168.61  -1.020
168.73  -1.017
168.85  -1.014
168.96  -1.011
169.07  -1.008
169.19  -1.005
169.30  -1.002
169.42  -0.999
169.54  -0.996
169.65  -0.993
169.76  -0.990
169.88  -0.987
169.99  -0.983
170.11  -0.980
170.22  -0.977
170.34  -0.974
170.45  -0.970
170.56  -0.967
170.68  -0.963
170.80  -0.959
170.91  -0.955
171.02  -0.951
171.14  -0.947
171.26  -0.943
171.37  -0.939
171.49  -0.935
171.60  -0.931
171.71  -0.927
171.83  -0.923
171.95  -0.919
172.06  -0.914
172.17  -0.910
172.29  -0.906
172.40  -0.902
172.52  -0.899
172.64  -0.895
172.75  -0.892
172.86  -0.888
172.98  -0.885
173.09  -0.882
173.21  -0.878
173.32  -0.875
173.44  -0.872
173.55  -0.868
173.67  -0.865
173.78  -0.862
173.90  -0.858
174.01  -0.855
174.13  -0.852
174.24  -0.848
174.36  -0.844
174.47  -0.841
174.59  -0.837
174.70  -0.833
174.81  -0.829
174.93  -0.825
175.04  -0.821
175.16  -0.818
175.27  -0.814
175.39  -0.810
175.51  -0.806
175.62  -0.802
175.74  -0.798
175.85  -0.794
175.96  -0.790
176.08  -0.786
176.20  -0.782
176.31  -0.778
176.42  -0.774
176.54  -0.770
176.65  -0.766
176.77  -0.762
176.88  -0.758
177.00  -0.753
177.11  -0.749
177.22  -0.745
177.34  -0.741
177.45  -0.737
177.57  -0.733
177.68  -0.729
177.79  -0.725
177.91  -0.722
178.02  -0.718
178.13  -0.714
178.25  -0.711
178.36  -0.707
178.47  -0.704
178.58  -0.700
178.70  -0.697
178.81  -0.694
178.92  -0.690
179.03  -0.687
179.14  -0.683
179.25  -0.680
179.36  -0.676
179.47  -0.673
179.58  -0.669
179.69  -0.666
179.80  -0.662
179.91  -0.659
180.02  -0.655
180.13  -0.651
180.24  -0.647
180.36  -0.644
180.47  -0.640
180.58  -0.636
180.69  -0.632
180.80  -0.628
180.91  -0.624
181.03  -0.620
181.13  -0.616
181.24  -0.612
181.36  -0.608
181.47  -0.604
181.58  -0.600
181.70  -0.596
181.81  -0.592
181.91  -0.588
182.03  -0.583
182.14  -0.579
182.25  -0.575
182.36  -0.571
182.47  -0.566
182.59  -0.562
182.70  -0.558
182.81  -0.554
182.92  -0.549
183.04  -0.545
183.15  -0.541
183.26  -0.537
183.37  -0.533
183.49  -0.529
183.60  -0.524
183.71  -0.520
183.82  -0.517
183.93  -0.513
184.05  -0.509
184.15  -0.505
184.27  -0.501
184.38  -0.497
184.49  -0.493
184.60  -0.489
184.71  -0.485
184.83  -0.481
184.94  -0.477
185.05  -0.473
185.16  -0.470
185.27  -0.466
185.38  -0.462
185.49  -0.458
185.60  -0.454
185.72  -0.450
185.83  -0.446
185.94  -0.443
186.05  -0.439
186.16  -0.435
186.28  -0.431
186.39  -0.427
186.50  -0.423
186.61  -0.419
186.72  -0.415
186.84  -0.411
186.95  -0.407
187.06  -0.403
187.17  -0.399
187.28  -0.394
187.40  -0.390
187.51  -0.386
187.62  -0.381
187.73  -0.377
187.84  -0.373
187.95  -0.368
188.06  -0.364
188.18  -0.359
188.29  -0.355
188.40  -0.350
188.51  -0.346
188.62  -0.342
188.73  -0.337
188.84  -0.333
188.96  -0.329
189.07  -0.325
189.18  -0.321
189.29  -0.316
189.40  -0.312
189.51  -0.308
189.62  -0.304
189.74  -0.300
189.85  -0.295
189.96  -0.291
190.07  -0.286
190.18  -0.282
190.30  -0.277
190.41  -0.273
190.52  -0.268
190.63  -0.263
190.74  -0.257
190.86  -0.252
190.97  -0.247
191.08  -0.241
191.19  -0.236
191.30  -0.231
191.41  -0.225
191.53  -0.220
191.64  -0.214
191.75  -0.209
191.86  -0.203
191.97  -0.198
192.08  -0.193
192.19  -0.188
192.31  -0.183
192.42  -0.178
192.53  -0.173
192.64  -0.169
192.76  -0.164
192.87  -0.159
192.98  -0.155
193.09  -0.151
193.20  -0.146
193.32  -0.142
193.43  -0.137
193.53  -0.132
193.65  -0.128
193.76  -0.123
193.87  -0.119
193.98  -0.114
194.10  -0.109
194.21  -0.105
194.32  -0.100
194.43  -0.095
194.54  -0.090
194.66  -0.085
194.77  -0.079
194.88  -0.074
194.99  -0.069
195.11  -0.064
195.22  -0.059
195.33  -0.054
195.44  -0.049
195.55  -0.044
195.67  -0.039
195.78  -0.034
195.89  -0.030
196.00  -0.025
196.11  -0.020
196.23  -0.016
196.34  -0.011
196.45  -0.006
196.56  -0.002
196.68   0.003
196.79   0.008
196.90   0.012
197.01   0.017
197.12   0.022
197.23   0.026
197.35   0.031
197.46   0.036
197.57   0.040
197.69   0.045
197.80   0.050
197.91   0.055
198.02   0.060
198.14   0.064
198.25   0.069
198.36   0.074
198.47   0.079
198.59   0.084
198.70   0.089
198.81   0.093
198.92   0.098
199.04   0.103
199.15   0.108
199.26   0.113
199.37   0.118
199.48   0.123
199.60   0.128
199.71   0.133
199.82   0.138
199.93   0.143
200.04   0.148
200.16   0.153
200.27   0.158
200.38   0.163
200.49   0.168
200.61   0.173
200.72   0.177
200.83   0.182
200.94   0.187
201.06   0.191
201.17   0.196
201.28   0.200
201.39   0.203
201.50   0.207
201.62   0.210
201.73   0.214
201.84   0.217
201.96   0.221
202.07   0.224
202.18   0.227
202.29   0.231
202.40   0.234
202.52   0.237
202.63   0.241
202.74   0.244
202.85   0.248
202.96   0.252
203.08   0.257
203.19   0.262
203.30   0.267
203.42   0.273
203.53   0.278
203.64   0.284
203.75   0.289
203.87   0.295
203.98   0.301
204.09   0.306
204.20   0.312
204.31   0.318
204.43   0.323
204.54   0.329
204.65   0.334
204.76   0.339
204.88   0.344
204.99   0.348
205.10   0.353
205.21   0.357
205.33   0.361
205.44   0.365
205.55   0.369
205.66   0.373
205.77   0.377
205.89   0.381
206.00   0.385
206.11   0.389
206.22   0.393
206.34   0.397
206.45   0.401
206.56   0.405
206.67   0.410
206.78   0.414
206.90   0.419
207.01   0.423
207.12   0.428
207.23   0.433
207.34   0.437
207.45   0.442
207.57   0.447
207.68   0.451
207.79   0.456
207.90   0.461
208.01   0.465
208.13   0.470
208.24   0.475
208.35   0.479
208.46   0.484
208.58   0.488
208.69   0.493
208.80   0.497
208.91   0.502
209.02   0.507
209.13   0.511
209.25   0.516
209.36   0.520
209.47   0.525
209.58   0.529
209.69   0.534
209.81   0.538
209.92   0.543
210.03   0.547
210.25   0.556
210.37   0.560
210.48   0.564
210.59   0.569
210.70   0.573
210.81   0.577
210.92   0.581
211.03   0.585
211.14   0.590
211.24   0.594
211.35   0.598
211.46   0.602
211.57   0.606
211.68   0.611
211.79   0.615
211.90   0.620
212.00   0.624
212.11   0.629
212.22   0.634
212.33   0.639
212.44   0.644
212.55   0.649
212.65   0.654
212.76   0.659
212.87   0.664
212.98   0.669
213.09   0.674
213.20   0.679
213.31   0.684
213.41   0.689
213.52   0.694
213.63   0.699
213.74   0.704
213.85   0.709
213.95   0.714
214.06   0.719
214.17   0.724
214.28   0.729
214.39   0.734
214.50   0.739
214.61   0.743
214.71   0.748
214.82   0.753
214.93   0.758
215.04   0.763
215.15   0.767
215.26   0.772
215.37   0.777
215.48   0.781
215.59   0.785
215.70   0.790
215.81   0.794
215.91   0.798
216.02   0.802
216.13   0.807
216.24   0.811
216.35   0.815
216.46   0.819
216.57   0.823
216.68   0.827
216.79   0.831
216.90   0.835
217.01   0.839
217.11   0.843
217.22   0.847
217.33   0.851
217.44   0.856
217.55   0.860
217.66   0.864
217.77   0.868
217.87   0.872
217.98   0.876
218.09   0.881
218.20   0.885
218.31   0.889
218.42   0.893
218.53   0.897
218.64   0.902
218.74   0.906
218.86   0.910
218.97   0.914
219.07   0.918
219.18   0.922
219.29   0.926
219.40   0.930
219.51   0.934
219.62   0.938
219.73   0.942
219.84   0.947
219.95   0.951
220.06   0.955
220.17   0.959
220.28   0.963
220.38   0.967
220.49   0.972
220.60   0.976
220.71   0.981
220.82   0.985
220.93   0.990
221.04   0.994
221.15   0.999
221.26   1.004
221.37   1.009
221.48   1.014
221.59   1.018
221.70   1.023
221.81   1.028
221.92   1.033
222.03   1.038
222.14   1.042
222.25   1.047
222.36   1.052
222.47   1.056
222.57   1.061
222.68   1.065
222.80   1.070
222.90   1.074
223.01   1.078
223.12   1.083
223.23   1.087
223.34   1.091
223.45   1.095
223.56   1.100
223.67   1.104
223.78   1.108
223.89   1.112
224.00   1.117
224.11   1.121
224.22   1.126
224.33   1.130
224.44   1.135
224.55   1.139
224.66   1.144
224.77   1.149
224.88   1.153
224.98   1.158
225.09   1.162
225.20   1.167
225.31   1.171
225.42   1.176
225.53   1.180
225.64   1.185
225.75   1.189
225.86   1.193
225.97   1.197
226.08   1.201
226.19   1.205
226.30   1.209
226.41   1.213
226.52   1.217
226.63   1.220
226.74   1.224
226.85   1.228
226.96   1.232
227.07   1.235
227.18   1.239
227.29   1.243
227.39   1.246
227.50   1.250
227.61   1.254
227.72   1.258
227.83   1.261
227.94   1.265
228.05   1.269
228.16   1.273
228.27   1.276
228.38   1.280
228.49   1.284
228.60   1.288
228.71   1.292
228.82   1.295
228.93   1.299
229.04   1.303
229.15   1.306
229.25   1.310
229.36   1.314
229.47   1.317
229.58   1.321
229.69   1.325
229.80   1.328
229.91   1.332
230.02   1.335
230.13   1.339
230.24   1.342
230.35   1.346
230.46   1.349
230.57   1.353
230.67   1.356
230.78   1.360
230.89   1.364
231.00   1.367
231.11   1.371
231.22   1.375
231.33   1.379
231.43   1.383
231.55   1.387
231.66   1.391
231.76   1.394
231.87   1.398
231.98   1.403
232.09   1.407
232.20   1.411
232.31   1.415
232.42   1.419
232.53   1.423
232.64   1.427
232.75   1.431
232.86   1.435
232.96   1.439
233.07   1.442
233.18   1.446
233.29   1.450
233.40   1.454
233.51   1.457
233.62   1.461
233.73   1.465
233.84   1.469
233.95   1.472
234.06   1.476
234.16   1.480
234.27   1.484
234.38   1.488
234.50   1.491
234.60   1.495
234.71   1.499
234.82   1.504
234.93   1.508
235.04   1.512
235.15   1.516
235.25   1.520
235.37   1.525
235.48   1.529
235.59   1.533
235.70   1.537
235.80   1.542
235.91   1.546
236.02   1.550
236.13   1.554
236.24   1.558
236.35   1.562
236.46   1.566
236.57   1.569
236.68   1.573
236.79   1.576
236.89   1.580
237.01   1.583
237.12   1.586
237.23   1.590
237.34   1.593
237.45   1.596
237.56   1.599
237.66   1.603
237.77   1.606
237.88   1.610
237.99   1.613
238.10   1.617
238.21   1.620
238.32   1.624
238.43   1.628
238.54   1.631
238.65   1.635
238.76   1.639
238.87   1.643
238.97   1.647
239.09   1.651
239.20   1.655
239.30   1.659
239.41   1.663
239.52   1.667
239.63   1.671
239.74   1.675
239.85   1.679
239.96   1.684
240.07   1.688
240.18   1.692
240.28   1.696
240.39   1.701
240.50   1.705
240.61   1.709
240.72   1.714
240.83   1.718
240.94   1.723
241.05   1.727
241.15   1.731
241.26   1.736
241.37   1.740
241.47   1.744
241.58   1.749
241.69   1.753
241.80   1.757
241.91   1.761
242.01   1.765
242.12   1.769
242.22   1.773
242.33   1.777
242.43   1.781
242.53   1.785
242.64   1.788
242.74   1.792
242.84   1.796
242.95   1.800
243.05   1.804
243.16   1.808
243.27   1.813
243.37   1.817
243.48   1.821
243.58   1.825
243.69   1.830
243.79   1.834
243.90   1.839
244.00   1.843
244.11   1.848
244.22   1.852
244.32   1.856
244.43   1.861
244.53   1.865
244.64   1.870
244.75   1.874
244.85   1.879
244.96   1.883
245.06   1.887
245.17   1.892
245.28   1.896
245.38   1.900
245.49   1.905
245.60   1.909
245.70   1.913
245.81   1.917
245.91   1.921
246.02   1.926
246.12   1.930
246.23   1.934
246.34   1.938
246.44   1.942
246.55   1.947
246.65   1.951
246.76   1.955
246.87   1.959
246.97   1.963
247.08   1.967
247.19   1.971
247.29   1.975
247.40   1.979
247.50   1.983
247.61   1.987
247.71   1.990
247.82   1.994
247.93   1.998
248.03   2.002
248.14   2.006
248.24   2.010
248.35   2.013
248.45   2.017
248.56   2.021
248.66   2.025
248.77   2.028
248.87   2.032
248.98   2.036
249.09   2.040
249.19   2.043
249.29   2.047
249.40   2.051
249.51   2.054
249.62   2.058
249.72   2.062
249.83   2.065
249.93   2.069
250.04   2.073
250.15   2.077
250.25   2.081
250.35   2.085
250.46   2.088
250.57   2.092
250.67   2.096
250.78   2.100
250.88   2.104
250.99   2.108
251.09   2.112
251.20   2.116
251.31   2.120
251.41   2.124
251.52   2.128
251.62   2.132
251.73   2.136
251.84   2.140
251.94   2.143
252.05   2.147
252.15   2.151
252.26   2.154
252.36   2.158
252.47   2.162
252.57   2.165
252.68   2.169
252.79   2.173
252.89   2.176
253.00   2.180
253.11   2.184
253.21   2.188
253.32   2.192
253.42   2.195
253.53   2.199
253.63   2.203
253.74   2.208
253.84   2.212
253.95   2.216
254.06   2.220
254.16   2.224
254.27   2.228
254.37   2.233
254.48   2.237
254.59   2.241
254.70   2.245
254.80   2.250
254.91   2.254
255.01   2.258
255.12   2.263
255.22   2.267
255.33   2.271
255.43   2.275
255.54   2.280
255.65   2.284
255.75   2.288
255.86   2.293
255.96   2.297
256.07   2.301
256.17   2.305
256.28   2.310
256.39   2.314
256.49   2.318
256.60   2.323
256.71   2.327
256.81   2.331
256.92   2.336
257.02   2.340
257.13   2.344
257.24   2.349
257.35   2.353
257.45   2.357
257.55   2.362
257.66   2.366
257.77   2.370
257.88   2.375
257.98   2.379
258.09   2.383
258.19   2.387
258.30   2.392
258.41   2.396
258.52   2.400
258.62   2.404
258.73   2.408
258.83   2.412
258.94   2.417
259.04   2.421
259.15   2.425
259.25   2.429
259.36   2.433
259.47   2.437
259.57   2.441
259.68   2.445
259.78   2.449
259.89   2.453
260.00   2.458
260.10   2.462
260.21   2.466
260.32   2.471
260.42   2.475
260.53   2.480
260.64   2.484
260.74   2.489
260.85   2.494
260.95   2.498
261.06   2.503
261.16   2.508
261.27   2.513
261.37   2.517
261.48   2.522
261.59   2.527
261.70   2.532
261.80   2.536
261.91   2.541
262.01   2.546
262.12   2.551
262.23   2.556
262.33   2.561
262.44   2.565
262.55   2.570
262.65   2.575
262.76   2.580
262.86   2.585
262.97   2.590
263.07   2.594
263.18   2.599
263.29   2.604
263.40   2.609
263.50   2.613
263.60   2.618
263.71   2.622
263.82   2.627
263.92   2.631
264.03   2.635
264.14   2.640
264.24   2.644
264.35   2.648
264.46   2.652
264.56   2.656
264.67   2.661
264.77   2.665
264.88   2.669
264.99   2.673
265.09   2.678
265.20   2.682
265.30   2.687
265.41   2.691
265.52   2.696
265.62   2.701
265.73   2.706
265.84   2.710
265.94   2.715
266.05   2.720
266.16   2.725
266.26   2.730
266.37   2.735
266.47   2.740
266.58   2.745
266.69   2.750
266.79   2.756
266.90   2.761
267.00   2.766
267.11   2.771
267.22   2.776
267.32   2.781
267.43   2.786
267.53   2.791
267.64   2.796
267.75   2.801
267.85   2.806
267.96   2.811
268.06   2.816
268.17   2.821
268.28   2.826
268.38   2.831
268.49   2.836
268.60   2.841
268.70   2.846
268.81   2.851
268.91   2.855
269.02   2.860
269.12   2.865
269.23   2.869
269.33   2.874
269.44   2.879
269.55   2.883
269.65   2.888
269.76   2.893
269.86   2.897
269.97   2.902
270.08   2.907
270.18   2.911
270.29   2.916
270.39   2.921
270.50   2.926
270.60   2.930
270.71   2.935
270.82   2.940
270.92   2.945
271.03   2.950
271.13   2.955
271.24   2.960
271.35   2.965
271.45   2.970
271.56   2.975
271.66   2.979
271.77   2.984
271.88   2.989
271.98   2.994
272.09   2.999
272.19   3.004
272.29   3.009
272.40   3.014
272.50   3.019
272.60   3.024
272.71   3.029
272.81   3.034
272.91   3.039
273.01   3.044
273.11   3.049
273.22   3.054
273.32   3.059
273.43   3.063
273.53   3.068
273.63   3.073
273.73   3.078
273.83   3.083
273.94   3.088
274.04   3.093
274.14   3.097
274.24   3.102
274.34   3.107
274.45   3.112
274.55   3.116
274.65   3.121
274.76   3.126
274.86   3.131
274.96   3.135
275.06   3.140
275.17   3.144
275.27   3.149
275.37   3.154
275.48   3.158
275.58   3.163
275.68   3.167
275.79   3.171
275.89   3.176
275.99   3.180
276.09   3.185
276.20   3.189
276.30   3.193
276.40   3.198
276.51   3.202
276.61   3.206
276.71   3.211
276.81   3.215
276.92   3.219
277.02   3.224
277.12   3.228
277.23   3.233
277.33   3.237
277.43   3.242
277.54   3.246
277.64   3.251
277.74   3.255
277.84   3.260
277.95   3.264
278.05   3.269
278.15   3.273
278.26   3.278
278.36   3.282
278.46   3.286
278.56   3.291
278.67   3.295
278.77   3.299
278.87   3.302
278.98   3.306
279.08   3.310
279.18   3.313
279.29   3.317
279.39   3.320
279.49   3.324
279.60   3.327
279.70   3.331
279.80   3.334
279.91   3.338
280.01   3.341
280.12   3.345
280.22   3.348
280.32   3.352
280.43   3.355
280.53   3.359
280.63   3.363
280.74   3.367
280.84   3.371
280.94   3.375
281.04   3.379
281.15   3.383
281.25   3.387
281.35   3.391
281.46   3.395
281.56   3.399
281.66   3.403
281.76   3.407
281.87   3.411
281.97   3.414
282.07   3.418
282.18   3.422
282.28   3.425
282.39   3.429
282.49   3.432
282.59   3.435
282.70   3.439
282.80   3.442
282.91   3.445
283.01   3.449
283.11   3.452
283.22   3.455
283.32   3.459
283.42   3.462
283.53   3.466
283.63   3.469
283.73   3.472
283.84   3.476
283.94   3.479
284.04   3.483
284.15   3.487
284.25   3.490
284.35   3.494
284.45   3.497
284.56   3.501
284.66   3.504
284.77   3.508
284.87   3.511
284.97   3.515
285.08   3.519
285.18   3.522
285.28   3.526
285.38   3.529
285.49   3.533
285.59   3.536
285.70   3.540
285.80   3.543
285.90   3.546
286.00   3.550
286.11   3.553
286.21   3.557
286.32   3.560
286.42   3.564
286.52   3.567
286.63   3.571
286.73   3.574
286.83   3.578
286.94   3.581
287.04   3.585
287.14   3.589
287.25   3.593
287.35   3.596
287.45   3.600
287.55   3.604
287.66   3.608
287.76   3.612
287.86   3.616
287.97   3.619
288.07   3.623
288.17   3.627
288.28   3.631
288.38   3.635
288.48   3.638
288.59   3.642
288.69   3.646
288.79   3.649
288.90   3.653
289.00   3.656
289.10   3.660
289.20   3.663
289.31   3.667
289.41   3.670
289.52   3.674
289.62   3.677
289.72   3.681
289.83   3.684
289.93   3.687
290.03   3.691
290.14   3.694
290.24   3.698
290.34   3.701
290.45   3.704
290.55   3.708
290.65   3.711
290.76   3.715
290.86   3.718
290.96   3.721
291.06   3.725
291.17   3.728
291.27   3.731
291.37   3.735
291.48   3.738
291.58   3.741
291.69   3.745
291.79   3.748
291.89   3.752
291.99   3.755
292.10   3.758
292.20   3.762
292.30   3.765
292.41   3.769
292.51   3.772
292.61   3.776
292.72   3.779
292.82   3.783
292.92   3.786
293.03   3.790
293.13   3.793
293.23   3.797
293.34   3.800
293.44   3.804
293.54   3.807
293.65   3.810
293.75   3.814
293.85   3.817
293.96   3.821
294.06   3.824
294.17   3.828
294.27   3.831
294.37   3.835
294.47   3.838
294.58   3.842
294.68   3.845
294.79   3.849
294.89   3.853
295.00   3.856
295.10   3.860
295.20   3.863
295.31   3.867
295.41   3.871
295.52   3.874
295.62   3.878
295.72   3.882
295.83   3.885
295.93   3.889
296.04   3.893
296.14   3.897
296.25   3.900
296.35   3.904
296.45   3.908
296.55   3.912
296.66   3.916
296.76   3.920
296.86   3.924
296.97   3.929
297.07   3.933
297.18   3.938
297.28   3.942
297.39   3.947
297.49   3.951
297.59   3.956
297.70   3.961
297.80   3.966
297.90   3.970
298.01   3.975
298.11   3.980
298.21   3.985
298.32   3.989
298.42   3.994
298.53   3.999
298.63   4.003
298.74   4.008
298.84   4.012
298.94   4.017
299.05   4.021
299.15   4.026
299.26   4.030
299.36   4.034
299.46   4.039
299.56   4.043
299.67   4.047
299.77   4.052
299.87   4.056
299.97   4.060
300.08   4.065
300.18   4.069
300.28   4.074
300.38   4.079
300.49   4.084
300.53   4.088
