  
  DOI/GTN-P Deep Borehole Array, Arctic Alaska 
             U.S. Geological Survey 
            Processed Temperature Log 
                    28-Aug-2013 
________________________________________________ 
  
Temperature Log Information: 
  Well name:   South Harrison Test Well #1 
  File name:   SOH_89JUL07_c_d 
  Log date:    07-JUL-1989 
  
Contact Information: 
  Gary Clow 
  U.S. Geological Survey 
  clow@usgs.gov 
  
Definitions: 
  Depth:        Depth below local ground surface (m) 
  Temperature:  ITS-90 temperature (°C) 
________________________________________________ 
             
 Depth  Temperature 
 12.19  -9.719
 12.50  -9.718
 12.80  -9.717
 13.11  -9.716
 13.41  -9.715
 13.72  -9.714
 14.02  -9.713
 14.33  -9.713
 14.63  -9.712
 14.94  -9.712
 15.24  -9.711
 15.54  -9.711
 15.85  -9.711
 16.15  -9.711
 16.46  -9.711
 16.76  -9.711
 17.07  -9.711
 17.37  -9.711
 17.68  -9.711
 17.98  -9.712
 18.29  -9.712
 18.59  -9.712
 18.90  -9.712
 19.20  -9.713
 19.51  -9.713
 19.81  -9.713
 20.12  -9.713
 20.42  -9.713
 20.73  -9.713
 21.03  -9.713
 21.34  -9.713
 21.64  -9.713
 21.95  -9.712
 22.25  -9.712
 22.56  -9.711
 22.86  -9.710
 23.16  -9.709
 23.47  -9.708
 23.77  -9.707
 24.08  -9.705
 24.38  -9.704
 24.69  -9.702
 24.99  -9.700
 25.30  -9.697
 25.60  -9.695
 25.91  -9.692
 26.21  -9.689
 26.52  -9.686
 26.82  -9.683
 27.13  -9.679
 27.43  -9.675
 27.74  -9.671
 28.04  -9.667
 28.35  -9.662
 28.65  -9.657
 28.96  -9.652
 29.57  -9.640
 29.87  -9.635
 30.18  -9.629
 30.48  -9.623
 30.78  -9.618
 31.09  -9.612
 31.39  -9.606
 31.70  -9.600
 32.00  -9.594
 32.31  -9.588
 32.61  -9.582
 32.92  -9.576
 33.22  -9.570
 33.53  -9.564
 33.83  -9.558
 34.14  -9.552
 34.44  -9.546
 34.75  -9.540
 35.05  -9.534
 35.36  -9.528
 35.66  -9.521
 35.97  -9.515
 36.27  -9.509
 36.58  -9.503
 36.88  -9.497
 37.19  -9.490
 37.49  -9.484
 37.80  -9.478
 38.10  -9.472
 38.40  -9.467
 38.71  -9.461
 39.01  -9.455
 39.32  -9.449
 39.62  -9.443
 39.93  -9.437
 40.23  -9.432
 40.54  -9.426
 40.84  -9.420
 41.15  -9.414
 41.45  -9.408
 41.76  -9.402
 42.06  -9.396
 42.37  -9.390
 42.67  -9.384
 42.98  -9.378
 43.28  -9.372
 43.59  -9.366
 43.89  -9.360
 44.20  -9.354
 44.50  -9.347
 44.81  -9.342
 45.11  -9.336
 45.42  -9.330
 45.72  -9.324
 46.02  -9.318
 46.33  -9.313
 46.63  -9.307
 46.94  -9.302
 47.24  -9.296
 47.55  -9.291
 47.85  -9.285
 48.16  -9.280
 48.46  -9.275
 48.77  -9.270
 49.07  -9.265
 49.38  -9.260
 49.68  -9.255
 49.99  -9.250
 50.29  -9.245
 50.60  -9.239
 50.90  -9.234
 51.21  -9.230
 51.51  -9.225
 51.82  -9.220
 52.12  -9.215
 52.43  -9.210
 52.73  -9.205
 53.04  -9.200
 53.34  -9.195
 53.64  -9.190
 53.95  -9.186
 54.25  -9.181
 54.56  -9.176
 54.86  -9.172
 55.17  -9.167
 55.47  -9.163
 55.78  -9.159
 56.08  -9.155
 56.39  -9.151
 56.69  -9.147
 57.00  -9.143
 57.30  -9.139
 57.61  -9.136
 57.91  -9.132
 58.22  -9.129
 58.52  -9.125
 58.83  -9.122
 59.13  -9.119
 59.44  -9.115
 59.74  -9.112
 60.05  -9.109
 60.35  -9.105
 60.66  -9.102
 60.96  -9.099
 61.26  -9.096
 61.57  -9.093
 61.87  -9.090
 62.18  -9.087
 62.48  -9.084
 62.79  -9.081
 63.09  -9.078
 63.40  -9.075
 63.70  -9.072
 64.01  -9.069
 64.31  -9.066
 64.62  -9.063
 65.23  -9.057
 65.53  -9.054
 65.84  -9.051
 66.14  -9.048
 66.45  -9.045
 66.75  -9.042
 67.06  -9.039
 67.36  -9.036
 67.67  -9.033
 67.97  -9.030
 68.28  -9.026
 68.58  -9.023
 68.88  -9.020
 69.19  -9.017
 69.49  -9.014
 69.80  -9.010
 70.10  -9.007
 70.41  -9.004
 70.71  -9.000
 71.02  -8.997
 71.32  -8.994
 71.63  -8.990
 71.93  -8.987
 72.24  -8.983
 72.54  -8.980
 72.85  -8.976
 73.15  -8.973
 73.46  -8.969
 73.76  -8.965
 74.07  -8.962
 74.37  -8.958
 74.68  -8.955
 74.98  -8.951
 75.29  -8.947
 75.59  -8.944
 75.90  -8.940
 76.20  -8.937
 76.50  -8.933
 76.81  -8.929
 77.11  -8.926
 77.42  -8.922
 77.72  -8.919
 78.03  -8.915
 78.33  -8.912
 78.64  -8.908
 78.94  -8.904
 79.25  -8.901
 79.55  -8.897
 79.86  -8.893
 80.16  -8.889
 80.47  -8.885
 80.77  -8.881
 81.08  -8.877
 81.38  -8.874
 81.69  -8.870
 81.99  -8.866
 82.30  -8.862
 82.60  -8.858
 82.91  -8.854
 83.21  -8.849
 83.52  -8.845
 83.82  -8.841
 84.12  -8.837
 84.43  -8.832
 84.73  -8.828
 85.04  -8.824
 85.34  -8.819
 85.65  -8.815
 85.95  -8.810
 86.26  -8.805
 86.56  -8.800
 86.87  -8.795
 87.17  -8.790
 87.48  -8.784
 87.78  -8.779
 88.09  -8.774
 88.39  -8.768
 88.70  -8.763
 89.00  -8.758
 89.31  -8.753
 89.61  -8.748
 89.92  -8.743
 90.22  -8.738
 90.53  -8.733
 90.83  -8.728
 91.14  -8.723
 91.44  -8.719
 91.74  -8.714
 92.05  -8.710
 92.35  -8.705
 92.66  -8.701
 92.96  -8.696
 93.27  -8.692
 93.57  -8.687
 93.88  -8.682
 94.18  -8.677
 94.79  -8.667
 95.10  -8.662
 95.40  -8.656
 95.71  -8.651
 96.01  -8.645
 96.32  -8.639
 96.62  -8.633
 96.93  -8.627
 97.23  -8.621
 97.54  -8.615
 97.84  -8.609
 98.15  -8.602
 98.45  -8.596
 98.76  -8.589
 99.06  -8.583
 99.36  -8.576
 99.67  -8.569
 99.97  -8.563
100.28  -8.556
100.58  -8.549
100.89  -8.541
101.19  -8.534
101.50  -8.527
101.80  -8.519
102.11  -8.511
102.41  -8.504
102.72  -8.496
103.02  -8.488
103.33  -8.480
103.63  -8.472
103.94  -8.464
104.24  -8.456
104.55  -8.449
104.85  -8.441
105.16  -8.433
105.46  -8.425
105.77  -8.417
106.07  -8.409
106.38  -8.402
106.68  -8.394
106.98  -8.386
107.29  -8.379
107.59  -8.371
107.90  -8.363
108.20  -8.355
108.51  -8.347
108.81  -8.340
109.12  -8.332
109.42  -8.324
109.73  -8.315
110.03  -8.307
110.34  -8.299
110.95  -8.283
111.25  -8.274
111.56  -8.266
111.86  -8.257
112.17  -8.249
112.47  -8.241
112.78  -8.232
113.08  -8.224
113.39  -8.216
117.35  -8.117
117.65  -8.110
117.96  -8.103
118.26  -8.096
118.57  -8.088
118.87  -8.081
119.18  -8.073
119.48  -8.066
119.79  -8.058
120.09  -8.051
120.40  -8.043
120.70  -8.035
121.01  -8.028
121.31  -8.020
121.62  -8.012
121.92  -8.004
122.22  -7.997
122.53  -7.989
122.83  -7.981
123.14  -7.973
123.44  -7.965
123.75  -7.957
124.05  -7.949
124.36  -7.942
124.66  -7.934
124.97  -7.926
125.27  -7.918
125.58  -7.910
125.88  -7.902
126.19  -7.894
126.49  -7.885
126.80  -7.877
127.10  -7.869
127.41  -7.861
127.71  -7.853
128.02  -7.845
128.32  -7.837
128.63  -7.828
128.93  -7.820
129.24  -7.812
129.54  -7.804
129.84  -7.796
130.15  -7.788
130.45  -7.780
130.76  -7.773
131.06  -7.765
131.37  -7.757
131.67  -7.749
131.98  -7.741
132.28  -7.734
132.59  -7.726
132.89  -7.718
133.20  -7.710
133.50  -7.702
133.81  -7.694
134.11  -7.685
134.42  -7.677
134.72  -7.669
135.03  -7.661
135.33  -7.652
135.64  -7.643
135.94  -7.635
136.25  -7.626
136.55  -7.617
136.86  -7.609
137.16  -7.600
137.46  -7.591
137.77  -7.583
138.07  -7.574
138.38  -7.566
138.68  -7.558
138.99  -7.549
139.29  -7.541
139.60  -7.533
139.90  -7.525
140.21  -7.517
140.51  -7.509
140.82  -7.502
141.12  -7.494
141.43  -7.486
141.73  -7.478
142.04  -7.471
142.34  -7.463
142.65  -7.455
142.95  -7.447
143.26  -7.439
143.56  -7.431
143.87  -7.423
144.17  -7.415
144.48  -7.406
144.78  -7.398
145.08  -7.390
145.39  -7.381
145.69  -7.373
146.00  -7.364
146.30  -7.356
146.61  -7.347
146.91  -7.339
147.22  -7.330
147.52  -7.321
147.83  -7.312
148.13  -7.304
148.44  -7.295
148.74  -7.286
149.05  -7.276
149.35  -7.267
149.66  -7.258
149.96  -7.248
150.27  -7.239
150.57  -7.229
150.88  -7.219
151.18  -7.210
151.49  -7.200
151.79  -7.190
152.10  -7.180
152.40  -7.170
152.70  -7.160
153.01  -7.150
153.31  -7.140
153.62  -7.130
153.92  -7.120
154.23  -7.110
154.53  -7.100
154.84  -7.090
155.14  -7.080
155.45  -7.069
155.75  -7.059
156.06  -7.049
156.36  -7.039
156.67  -7.028
156.97  -7.018
157.28  -7.008
157.58  -6.997
157.89  -6.987
158.19  -6.977
158.50  -6.966
158.80  -6.956
159.11  -6.945
159.41  -6.935
159.72  -6.925
160.02  -6.915
160.32  -6.904
160.63  -6.894
160.93  -6.884
161.24  -6.874
161.54  -6.863
161.85  -6.853
162.15  -6.842
162.46  -6.832
162.76  -6.821
163.07  -6.810
163.37  -6.800
163.68  -6.789
163.98  -6.778
164.29  -6.767
164.59  -6.756
164.90  -6.744
165.20  -6.733
165.51  -6.722
165.81  -6.710
166.12  -6.699
166.42  -6.687
166.73  -6.676
167.03  -6.665
167.34  -6.654
167.64  -6.643
167.94  -6.632
168.25  -6.621
168.55  -6.610
168.86  -6.599
169.16  -6.588
169.47  -6.577
169.77  -6.566
170.08  -6.555
170.38  -6.545
170.69  -6.534
170.99  -6.524
171.30  -6.513
171.60  -6.503
171.91  -6.492
172.21  -6.482
172.52  -6.471
172.82  -6.461
173.13  -6.451
173.43  -6.440
173.74  -6.430
174.04  -6.420
174.35  -6.411
174.65  -6.401
174.96  -6.392
175.26  -6.383
175.56  -6.373
175.87  -6.364
176.17  -6.355
176.48  -6.345
176.78  -6.336
177.09  -6.326
177.39  -6.316
177.70  -6.306
178.00  -6.296
178.31  -6.286
178.61  -6.276
178.92  -6.265
179.22  -6.254
179.53  -6.242
179.83  -6.231
180.14  -6.219
180.44  -6.208
180.75  -6.196
181.05  -6.185
181.36  -6.174
181.66  -6.163
181.97  -6.152
182.27  -6.142
182.58  -6.132
182.88  -6.122
183.18  -6.113
183.49  -6.103
183.79  -6.094
184.10  -6.086
184.40  -6.078
184.71  -6.071
185.01  -6.063
185.32  -6.056
185.62  -6.049
185.93  -6.041
186.23  -6.034
186.54  -6.026
186.84  -6.017
187.15  -6.009
187.45  -6.000
187.76  -5.991
188.06  -5.982
188.37  -5.972
188.67  -5.962
188.98  -5.952
189.59  -5.930
189.89  -5.919
190.20  -5.908
190.50  -5.897
190.80  -5.886
191.11  -5.875
191.41  -5.865
195.38  -5.743
195.68  -5.734
195.99  -5.726
196.29  -5.717
196.60  -5.708
196.90  -5.698
197.21  -5.689
197.51  -5.680
197.82  -5.670
198.12  -5.660
198.42  -5.651
198.73  -5.641
199.03  -5.631
199.34  -5.620
199.64  -5.610
199.95  -5.600
200.25  -5.590
200.56  -5.580
200.86  -5.570
201.17  -5.560
201.47  -5.550
201.78  -5.540
202.08  -5.531
202.39  -5.521
202.69  -5.512
203.00  -5.502
203.30  -5.493
203.61  -5.484
203.91  -5.475
204.22  -5.467
204.52  -5.458
204.83  -5.449
205.13  -5.440
205.44  -5.432
205.74  -5.423
206.04  -5.414
206.35  -5.405
206.65  -5.395
206.96  -5.386
207.26  -5.376
207.57  -5.367
207.87  -5.357
208.18  -5.347
208.48  -5.337
208.79  -5.327
209.09  -5.317
209.40  -5.307
209.70  -5.296
210.01  -5.286
210.31  -5.275
210.62  -5.265
210.92  -5.255
211.23  -5.244
211.53  -5.234
211.84  -5.224
212.14  -5.214
212.45  -5.204
212.75  -5.193
213.06  -5.183
213.36  -5.173
213.66  -5.163
213.97  -5.153
214.27  -5.142
214.58  -5.132
214.88  -5.122
215.19  -5.112
215.49  -5.102
215.80  -5.091
216.10  -5.081
216.41  -5.071
216.71  -5.060
217.02  -5.050
217.32  -5.040
217.63  -5.029
217.93  -5.019
218.24  -5.008
218.54  -4.998
218.85  -4.987
219.15  -4.977
219.46  -4.966
219.76  -4.956
220.07  -4.945
220.37  -4.935
220.68  -4.925
220.98  -4.915
221.28  -4.905
221.59  -4.895
221.89  -4.885
222.20  -4.876
222.50  -4.866
222.81  -4.857
223.11  -4.848
223.42  -4.839
223.72  -4.831
224.03  -4.822
224.33  -4.814
224.64  -4.805
224.94  -4.797
225.25  -4.788
225.55  -4.779
225.86  -4.771
226.16  -4.762
226.47  -4.753
226.77  -4.744
227.08  -4.736
227.38  -4.727
227.69  -4.718
227.99  -4.709
228.30  -4.700
228.60  -4.691
228.90  -4.682
229.21  -4.673
229.51  -4.663
229.82  -4.654
230.12  -4.645
230.43  -4.636
230.73  -4.628
231.04  -4.619
231.34  -4.610
231.65  -4.601
231.95  -4.592
232.26  -4.584
232.56  -4.575
232.87  -4.566
233.17  -4.558
233.48  -4.549
233.78  -4.540
234.09  -4.532
234.39  -4.523
234.70  -4.514
235.00  -4.506
235.31  -4.497
235.61  -4.489
235.92  -4.480
236.22  -4.472
236.52  -4.463
236.83  -4.455
237.13  -4.446
237.44  -4.438
237.74  -4.430
238.05  -4.421
238.35  -4.413
238.66  -4.405
238.96  -4.397
239.27  -4.389
239.57  -4.381
239.88  -4.373
240.18  -4.365
240.49  -4.357
240.79  -4.349
241.10  -4.341
241.40  -4.333
241.71  -4.325
242.01  -4.317
242.32  -4.309
242.62  -4.301
242.93  -4.293
243.23  -4.286
243.54  -4.278
243.84  -4.270
244.14  -4.263
244.45  -4.255
244.75  -4.248
