  
  DOI/GTN-P Deep Borehole Array, Arctic Alaska 
             U.S. Geological Survey 
            Processed Temperature Log 
                    28-Aug-2013 
________________________________________________ 
  
Temperature Log Information: 
  Well name:   South Harrison Bay 
  File name:   SOH_12AUG04_c_d 
  Log date:    04-AUG-2012 
  
Contact Information: 
  Gary Clow 
  U.S. Geological Survey 
  clow@usgs.gov 
  
Definitions: 
  Depth:        Depth below local ground surface (m) 
  Temperature:  ITS-90 temperature (°C) 
________________________________________________ 
             
 Depth  Temperature 
  6.96  -6.966
  7.03  -6.970
  7.13  -6.975
  7.24  -6.981
  7.44  -6.996
  7.54  -7.005
  7.63  -7.013
  7.73  -7.021
  7.84  -7.029
  7.94  -7.036
  8.03  -7.042
  8.14  -7.049
  8.24  -7.055
  8.34  -7.060
  8.45  -7.066
  8.55  -7.070
  8.65  -7.074
  8.76  -7.078
  8.86  -7.081
  8.97  -7.084
  9.08  -7.086
  9.18  -7.087
  9.28  -7.089
  9.39  -7.090
  9.49  -7.092
  9.60  -7.093
  9.70  -7.095
  9.80  -7.096
  9.90  -7.098
 10.00  -7.099
 10.09  -7.100
 10.20  -7.102
 10.31  -7.103
 10.41  -7.104
 10.51  -7.105
 10.62  -7.105
 10.71  -7.105
 10.82  -7.105
 10.93  -7.105
 11.02  -7.105
 11.13  -7.104
 11.24  -7.104
 11.34  -7.103
 11.44  -7.103
 11.54  -7.102
 11.64  -7.102
 11.74  -7.101
 11.85  -7.101
 11.95  -7.100
 12.06  -7.099
 12.16  -7.098
 12.26  -7.098
 12.37  -7.097
 12.49  -7.096
 12.59  -7.095
 12.69  -7.095
 12.79  -7.094
 12.90  -7.093
 13.00  -7.092
 13.10  -7.091
 13.20  -7.090
 13.31  -7.090
 13.41  -7.089
 13.51  -7.088
 13.62  -7.087
 13.71  -7.086
 13.81  -7.085
 13.91  -7.085
 14.01  -7.084
 14.11  -7.083
 14.22  -7.083
 14.32  -7.082
 14.42  -7.082
 14.53  -7.081
 14.63  -7.081
 14.73  -7.080
 14.83  -7.080
 14.93  -7.079
 15.04  -7.079
 15.14  -7.078
 15.24  -7.078
 15.34  -7.077
 15.44  -7.077
 15.55  -7.076
 15.64  -7.076
 15.75  -7.076
 15.85  -7.075
 15.95  -7.075
 16.05  -7.074
 16.15  -7.074
 16.25  -7.074
 16.36  -7.074
 16.46  -7.074
 16.56  -7.075
 16.67  -7.075
 16.77  -7.075
 16.87  -7.076
 16.97  -7.076
 17.08  -7.077
 17.18  -7.077
 17.28  -7.078
 17.38  -7.078
 17.47  -7.079
 17.58  -7.079
 17.68  -7.080
 17.78  -7.082
 17.88  -7.083
 17.98  -7.085
 18.09  -7.087
 18.19  -7.090
 18.29  -7.093
 18.39  -7.096
 18.50  -7.100
 18.60  -7.104
 18.70  -7.108
 18.81  -7.113
 18.91  -7.118
 19.01  -7.124
 19.11  -7.129
 19.20  -7.135
 19.31  -7.142
 19.41  -7.148
 19.51  -7.154
 19.61  -7.161
 19.71  -7.167
 19.81  -7.174
 19.92  -7.180
 20.02  -7.187
 20.12  -7.194
 20.23  -7.201
 20.33  -7.208
 20.43  -7.215
 20.53  -7.222
 20.63  -7.230
 20.74  -7.237
 20.84  -7.244
 20.94  -7.252
 21.03  -7.260
 21.14  -7.267
 21.24  -7.275
 21.34  -7.283
 21.44  -7.290
 21.55  -7.298
 21.65  -7.306
 21.75  -7.314
 21.85  -7.321
 21.96  -7.329
 22.06  -7.337
 22.16  -7.344
 22.26  -7.352
 22.36  -7.359
 22.47  -7.366
 22.57  -7.374
 22.67  -7.381
 22.77  -7.389
 22.86  -7.397
 22.97  -7.404
 23.07  -7.412
 23.17  -7.420
 23.27  -7.427
 23.38  -7.435
 23.48  -7.443
 23.58  -7.451
 23.68  -7.459
 23.78  -7.466
 23.89  -7.474
 23.99  -7.482
 24.09  -7.490
 24.19  -7.498
 24.29  -7.506
 24.39  -7.514
 24.50  -7.521
 24.60  -7.529
 24.69  -7.537
 24.80  -7.545
 24.90  -7.552
 25.00  -7.560
 25.10  -7.568
 25.20  -7.575
 25.31  -7.583
 25.41  -7.591
 25.51  -7.598
 25.61  -7.606
 25.72  -7.613
 25.82  -7.621
 25.92  -7.628
 26.02  -7.636
 26.12  -7.643
 26.22  -7.651
 26.33  -7.659
 26.43  -7.666
 26.53  -7.674
 26.63  -7.681
 26.73  -7.689
 26.83  -7.697
 26.93  -7.704
 27.03  -7.712
 27.14  -7.720
 27.24  -7.728
 27.34  -7.736
 27.44  -7.743
 27.55  -7.751
 27.65  -7.758
 27.75  -7.766
 27.85  -7.773
 27.95  -7.780
 28.05  -7.787
 28.16  -7.794
 28.26  -7.801
 28.36  -7.808
 28.45  -7.814
 28.55  -7.821
 28.65  -7.827
 28.75  -7.834
 28.85  -7.840
 28.95  -7.846
 29.05  -7.851
 29.15  -7.857
 29.25  -7.863
 29.35  -7.868
 29.45  -7.874
 29.55  -7.879
 29.65  -7.884
 29.75  -7.889
 29.85  -7.894
 29.95  -7.899
 30.05  -7.903
 30.14  -7.908
 30.24  -7.912
 30.35  -7.915
 30.44  -7.919
 30.54  -7.923
 30.64  -7.927
 30.74  -7.930
 30.83  -7.934
 30.93  -7.938
 31.03  -7.942
 31.14  -7.946
 31.23  -7.950
 31.33  -7.954
 31.43  -7.958
 31.53  -7.963
 31.63  -7.967
 31.73  -7.971
 31.83  -7.976
 31.93  -7.981
 32.03  -7.985
 32.13  -7.990
 32.23  -7.995
 32.32  -8.000
 32.42  -8.006
 32.52  -8.011
 32.62  -8.016
 32.72  -8.022
 32.82  -8.027
 32.92  -8.033
 33.02  -8.039
 33.12  -8.045
 33.22  -8.051
 33.32  -8.058
 33.42  -8.065
 33.52  -8.072
 33.62  -8.079
 33.72  -8.086
 33.82  -8.093
 33.92  -8.101
 34.02  -8.108
 34.12  -8.115
 34.22  -8.122
 34.32  -8.129
 34.41  -8.136
 34.51  -8.143
 34.61  -8.150
 34.71  -8.157
 34.81  -8.164
 34.91  -8.170
 35.01  -8.177
 35.11  -8.184
 35.21  -8.190
 35.31  -8.197
 35.41  -8.203
 35.51  -8.209
 35.61  -8.216
 35.71  -8.222
 35.81  -8.228
 35.90  -8.235
 36.01  -8.241
 36.11  -8.247
 36.21  -8.253
 36.31  -8.259
 36.40  -8.265
 36.51  -8.270
 36.61  -8.276
 36.71  -8.281
 36.81  -8.286
 36.91  -8.292
 37.01  -8.297
 37.11  -8.302
 37.21  -8.308
 37.30  -8.313
 37.40  -8.318
 37.50  -8.324
 37.60  -8.329
 37.70  -8.335
 37.80  -8.341
 37.90  -8.346
 38.00  -8.352
 38.10  -8.358
 38.20  -8.364
 38.30  -8.370
 38.40  -8.376
 38.50  -8.381
 38.59  -8.387
 38.69  -8.393
 38.79  -8.399
 38.89  -8.404
 38.99  -8.409
 39.09  -8.414
 39.19  -8.419
 39.29  -8.424
 39.39  -8.429
 39.49  -8.434
 39.59  -8.438
 39.69  -8.442
 39.79  -8.446
 39.88  -8.450
 39.98  -8.454
 40.08  -8.458
 40.18  -8.462
 40.29  -8.466
 40.38  -8.469
 40.48  -8.473
 40.58  -8.477
 40.68  -8.481
 40.78  -8.485
 40.88  -8.489
 40.98  -8.492
 41.08  -8.496
 41.18  -8.500
 41.28  -8.504
 41.37  -8.508
 41.47  -8.511
 41.57  -8.515
 41.67  -8.519
 41.77  -8.522
 41.87  -8.526
 41.97  -8.530
 42.07  -8.533
 42.17  -8.537
 42.27  -8.541
 42.37  -8.545
 42.47  -8.548
 42.57  -8.552
 42.67  -8.556
 42.77  -8.560
 42.86  -8.563
 42.96  -8.567
 43.06  -8.571
 43.16  -8.575
 43.26  -8.578
 43.36  -8.582
 43.46  -8.586
 43.56  -8.589
 43.66  -8.593
 43.76  -8.597
 43.86  -8.600
 43.96  -8.604
 44.06  -8.607
 44.16  -8.611
 44.26  -8.614
 44.35  -8.618
 44.45  -8.621
 44.55  -8.624
 44.65  -8.628
 44.75  -8.631
 44.86  -8.634
 44.96  -8.637
 45.05  -8.640
 45.15  -8.643
 45.25  -8.646
 45.35  -8.649
 45.45  -8.652
 45.55  -8.655
 45.65  -8.658
 45.75  -8.660
 45.85  -8.663
 45.94  -8.666
 46.04  -8.668
 46.14  -8.671
 46.24  -8.673
 46.35  -8.675
 46.45  -8.678
 46.54  -8.680
 46.65  -8.682
 46.75  -8.684
 46.84  -8.687
 46.94  -8.689
 47.04  -8.691
 47.14  -8.693
 47.25  -8.695
 47.34  -8.697
 47.44  -8.699
 47.54  -8.701
 47.64  -8.703
 47.74  -8.705
 47.84  -8.707
 47.94  -8.709
 48.04  -8.710
 48.14  -8.712
 48.24  -8.714
 48.34  -8.716
 48.44  -8.718
 48.54  -8.720
 48.64  -8.721
 48.74  -8.723
 48.84  -8.725
 48.94  -8.727
 49.03  -8.728
 49.13  -8.730
 49.23  -8.732
 49.33  -8.733
 49.43  -8.735
 49.53  -8.736
 49.63  -8.738
 49.73  -8.739
 49.83  -8.741
 49.93  -8.742
 50.03  -8.744
 50.13  -8.745
 50.23  -8.746
 50.33  -8.748
 50.43  -8.749
 50.53  -8.750
 50.62  -8.752
 50.72  -8.753
 50.82  -8.754
 50.92  -8.756
 51.02  -8.757
 51.12  -8.758
 51.23  -8.759
 51.32  -8.760
 51.42  -8.761
 51.52  -8.762
 51.62  -8.764
 51.72  -8.765
 51.82  -8.766
 51.92  -8.767
 52.02  -8.768
 52.12  -8.769
 52.22  -8.770
 52.32  -8.771
 52.42  -8.772
 52.52  -8.773
 52.62  -8.774
 52.72  -8.774
 52.82  -8.775
 52.92  -8.776
 53.02  -8.777
 53.12  -8.778
 53.22  -8.779
 53.32  -8.780
 53.42  -8.780
 53.52  -8.781
 53.62  -8.782
 53.71  -8.783
 53.81  -8.784
 53.91  -8.784
 54.01  -8.785
 54.11  -8.786
 54.21  -8.787
 54.31  -8.787
 54.41  -8.788
 54.51  -8.789
 54.61  -8.789
 54.71  -8.790
 54.81  -8.791
 54.91  -8.791
 55.01  -8.792
 55.11  -8.793
 55.21  -8.793
 55.31  -8.794
 55.41  -8.794
 55.51  -8.795
 55.61  -8.795
 55.71  -8.796
 55.81  -8.797
 55.91  -8.797
 56.01  -8.798
 56.11  -8.798
 56.21  -8.799
 56.31  -8.799
 56.41  -8.800
 56.51  -8.800
 56.61  -8.800
 56.71  -8.801
 56.81  -8.801
 56.90  -8.802
 57.00  -8.802
 57.10  -8.803
 57.20  -8.803
 57.30  -8.804
 57.40  -8.804
 57.50  -8.804
 57.60  -8.805
 57.70  -8.805
 57.80  -8.806
 57.90  -8.806
 58.00  -8.806
 58.10  -8.807
 58.20  -8.807
 58.30  -8.807
 58.40  -8.808
 58.50  -8.808
 58.60  -8.809
 58.69  -8.809
 58.80  -8.809
 58.90  -8.810
 58.99  -8.810
 59.10  -8.811
 59.20  -8.811
 59.30  -8.811
 59.40  -8.812
 59.49  -8.812
 59.59  -8.812
 59.70  -8.813
 59.79  -8.813
 59.89  -8.813
 60.00  -8.814
 60.10  -8.814
 60.19  -8.814
 60.29  -8.815
 60.39  -8.815
 60.49  -8.815
 60.59  -8.815
 60.69  -8.816
 60.79  -8.816
 60.89  -8.816
 60.99  -8.816
 61.09  -8.817
 61.19  -8.817
 61.29  -8.817
 61.39  -8.817
 61.49  -8.817
 61.59  -8.817
 61.69  -8.817
 61.79  -8.818
 61.88  -8.818
 61.98  -8.818
 62.09  -8.818
 62.19  -8.818
 62.29  -8.818
 62.39  -8.818
 62.49  -8.818
 62.59  -8.818
 62.69  -8.818
 62.79  -8.818
 62.89  -8.818
 62.99  -8.818
 63.09  -8.818
 63.19  -8.818
 63.29  -8.818
 63.39  -8.818
 63.48  -8.817
 63.58  -8.817
 63.68  -8.817
 63.78  -8.817
 63.88  -8.817
 63.99  -8.817
 64.08  -8.817
 64.18  -8.817
 64.28  -8.817
 64.38  -8.817
 64.48  -8.817
 64.58  -8.817
 64.68  -8.817
 64.78  -8.817
 64.88  -8.817
 64.99  -8.816
 65.08  -8.816
 65.18  -8.816
 65.28  -8.816
 65.37  -8.816
 65.48  -8.816
 65.58  -8.816
 65.68  -8.816
 65.78  -8.816
 65.88  -8.816
 65.97  -8.815
 66.07  -8.815
 66.17  -8.815
 66.27  -8.815
 66.37  -8.815
 66.47  -8.815
 66.57  -8.815
 66.67  -8.815
 66.77  -8.815
 66.86  -8.814
 66.96  -8.814
 67.06  -8.814
 67.16  -8.814
 67.26  -8.814
 67.36  -8.814
 67.46  -8.814
 67.56  -8.814
 67.66  -8.813
 67.75  -8.813
 67.85  -8.813
 67.95  -8.813
 68.04  -8.813
 68.14  -8.813
 68.23  -8.813
 68.33  -8.812
 68.43  -8.812
 68.52  -8.812
 68.62  -8.812
 68.72  -8.812
 68.82  -8.812
 68.92  -8.812
 69.01  -8.812
 69.11  -8.811
 69.21  -8.811
 69.30  -8.811
 69.40  -8.811
 69.50  -8.811
 69.60  -8.811
 69.70  -8.811
 69.79  -8.811
 69.88  -8.810
 69.98  -8.810
 70.08  -8.810
 70.18  -8.810
 70.28  -8.810
 70.37  -8.810
 70.47  -8.809
 70.57  -8.809
 70.67  -8.809
 70.77  -8.809
 70.86  -8.809
 70.96  -8.808
 71.06  -8.808
 71.16  -8.808
 71.26  -8.808
 71.35  -8.808
 71.44  -8.807
 71.54  -8.807
 71.64  -8.807
 71.74  -8.807
 71.83  -8.807
 71.93  -8.806
 72.03  -8.806
 72.13  -8.806
 72.23  -8.806
 72.33  -8.805
 72.42  -8.805
 72.52  -8.805
 72.62  -8.805
 72.72  -8.804
 72.81  -8.804
 72.91  -8.804
 73.00  -8.803
 73.10  -8.803
 73.20  -8.803
 73.30  -8.803
 73.40  -8.802
 73.50  -8.802
 73.59  -8.802
 73.69  -8.801
 73.79  -8.801
 73.89  -8.801
 73.99  -8.800
 74.08  -8.800
 74.18  -8.800
 74.28  -8.799
 74.38  -8.799
 74.47  -8.799
 74.57  -8.798
 74.67  -8.798
 74.76  -8.797
 74.86  -8.797
 74.96  -8.797
 75.05  -8.796
 75.15  -8.796
 75.25  -8.796
 75.35  -8.795
 75.45  -8.795
 75.55  -8.794
 75.64  -8.794
 75.74  -8.793
 75.84  -8.793
 75.93  -8.793
 76.03  -8.792
 76.13  -8.792
 76.32  -8.791
 76.42  -8.790
 76.52  -8.790
 76.61  -8.789
 76.71  -8.789
 76.81  -8.788
 77.00  -8.787
 77.10  -8.787
 77.20  -8.786
 77.30  -8.786
 77.40  -8.785
 77.49  -8.785
 77.59  -8.784
 77.69  -8.784
 77.79  -8.783
 77.88  -8.782
 77.98  -8.782
 78.08  -8.781
 78.17  -8.781
 78.27  -8.780
 78.37  -8.779
 78.47  -8.779
 78.57  -8.778
 78.66  -8.777
 78.76  -8.777
 78.86  -8.776
 78.96  -8.776
 79.05  -8.775
 79.15  -8.774
 79.25  -8.774
 79.35  -8.773
 79.44  -8.772
 79.54  -8.772
 79.63  -8.771
 79.73  -8.770
 79.83  -8.770
 79.93  -8.769
 80.03  -8.768
 80.13  -8.768
 80.22  -8.767
 80.32  -8.767
 80.42  -8.766
 80.52  -8.765
 80.62  -8.765
 80.71  -8.764
 80.81  -8.763
 80.91  -8.763
 81.00  -8.762
 81.10  -8.762
 81.19  -8.761
 81.29  -8.760
 81.39  -8.760
 81.49  -8.759
 81.59  -8.759
 81.68  -8.758
 81.78  -8.757
 81.88  -8.757
 81.98  -8.756
 82.07  -8.756
 82.17  -8.755
 82.27  -8.754
 82.37  -8.754
 82.47  -8.753
 82.56  -8.752
 82.65  -8.752
 82.75  -8.751
 82.85  -8.750
 82.95  -8.750
 83.05  -8.749
 83.15  -8.748
 83.24  -8.747
 83.34  -8.747
 83.44  -8.746
 83.54  -8.745
 83.63  -8.744
 83.73  -8.744
 83.83  -8.743
 83.93  -8.742
 84.03  -8.741
 84.12  -8.740
 84.22  -8.740
 84.31  -8.739
 84.41  -8.738
 84.51  -8.737
 84.60  -8.736
 84.70  -8.735
 84.80  -8.734
 84.90  -8.733
 85.00  -8.732
 85.10  -8.732
 85.19  -8.731
 85.29  -8.730
 85.39  -8.729
 85.49  -8.728
 85.58  -8.727
 85.68  -8.726
 85.78  -8.725
 85.87  -8.724
 85.97  -8.723
 86.07  -8.722
 86.16  -8.721
 86.26  -8.720
 86.36  -8.719
 86.46  -8.718
 86.56  -8.718
 86.65  -8.717
 86.75  -8.716
 86.85  -8.715
 86.95  -8.714
 87.05  -8.713
 87.14  -8.712
 87.24  -8.711
 87.34  -8.710
 87.43  -8.709
 87.53  -8.708
 87.62  -8.707
 87.72  -8.706
 87.82  -8.705
 87.92  -8.704
 88.02  -8.703
 88.11  -8.702
 88.21  -8.701
 88.31  -8.700
 88.41  -8.699
 88.50  -8.698
 88.60  -8.697
 88.70  -8.696
 88.80  -8.695
 88.89  -8.694
 88.98  -8.693
 89.09  -8.692
 89.19  -8.691
 89.28  -8.689
 89.38  -8.688
 89.48  -8.687
 89.57  -8.686
 89.67  -8.685
 89.77  -8.684
 89.87  -8.683
 89.97  -8.682
 90.07  -8.680
 90.16  -8.679
 90.26  -8.678
 90.36  -8.677
 90.46  -8.676
 90.55  -8.675
 90.64  -8.674
 90.74  -8.672
 90.84  -8.671
 90.94  -8.670
 91.04  -8.669
 91.13  -8.668
 91.23  -8.666
 91.33  -8.665
 91.43  -8.664
 91.53  -8.663
 91.63  -8.661
 91.72  -8.660
 91.82  -8.659
 91.92  -8.658
 92.01  -8.656
 92.11  -8.655
 92.20  -8.654
 92.30  -8.653
 92.40  -8.651
 92.50  -8.650
 92.60  -8.649
 92.70  -8.647
 92.79  -8.646
 92.89  -8.645
 92.99  -8.643
 93.09  -8.642
 93.18  -8.640
 93.28  -8.639
 93.38  -8.637
 93.48  -8.636
 93.58  -8.634
 93.67  -8.633
 93.77  -8.631
 93.86  -8.629
 93.96  -8.628
 94.06  -8.626
 94.16  -8.625
 94.26  -8.623
 94.35  -8.622
 94.45  -8.620
 94.55  -8.619
 94.65  -8.617
 94.75  -8.616
 94.84  -8.614
 94.94  -8.613
 95.04  -8.611
 95.13  -8.610
 95.23  -8.608
 95.33  -8.607
 95.43  -8.606
 95.52  -8.604
 95.62  -8.603
 95.72  -8.602
 95.82  -8.600
 95.92  -8.599
 96.01  -8.598
 96.11  -8.596
 96.21  -8.595
 96.31  -8.594
 96.41  -8.592
 96.50  -8.591
 96.59  -8.590
 96.69  -8.588
 96.79  -8.587
 96.89  -8.585
 96.99  -8.584
 97.08  -8.583
 97.18  -8.581
 97.28  -8.580
 97.38  -8.578
 97.48  -8.577
 97.58  -8.575
 97.68  -8.574
 97.77  -8.572
 97.87  -8.571
 97.97  -8.569
 98.07  -8.568
 98.16  -8.566
 98.26  -8.565
 98.36  -8.563
 98.45  -8.561
 98.55  -8.560
 98.65  -8.558
 98.75  -8.557
 98.84  -8.555
 98.94  -8.553
 99.04  -8.551
 99.14  -8.550
 99.24  -8.548
 99.33  -8.546
 99.43  -8.544
 99.53  -8.542
 99.62  -8.540
 99.72  -8.538
 99.82  -8.536
 99.92  -8.534
100.02  -8.532
100.12  -8.530
100.21  -8.528
100.31  -8.526
100.41  -8.524
100.51  -8.522
100.61  -8.520
100.71  -8.517
100.80  -8.515
100.90  -8.513
100.99  -8.510
101.09  -8.508
101.19  -8.506
101.29  -8.504
101.39  -8.501
101.48  -8.499
101.58  -8.497
101.68  -8.495
101.78  -8.492
101.88  -8.490
101.98  -8.487
102.07  -8.484
102.17  -8.481
102.27  -8.479
102.37  -8.476
102.47  -8.473
102.56  -8.471
102.66  -8.469
102.75  -8.467
102.85  -8.465
102.95  -8.463
103.05  -8.462
103.15  -8.460
103.25  -8.458
103.35  -8.457
103.45  -8.455
103.54  -8.454
103.64  -8.453
103.74  -8.451
103.84  -8.450
103.93  -8.448
104.03  -8.447
104.13  -8.445
104.22  -8.443
104.32  -8.440
104.42  -8.438
104.51  -8.435
104.61  -8.433
104.72  -8.430
104.81  -8.428
104.91  -8.425
105.00  -8.423
105.10  -8.421
105.19  -8.419
105.29  -8.417
105.39  -8.415
105.49  -8.413
105.59  -8.411
105.69  -8.409
105.79  -8.407
105.88  -8.405
105.98  -8.403
106.08  -8.400
106.18  -8.398
106.27  -8.396
106.37  -8.393
106.47  -8.391
106.56  -8.389
106.65  -8.387
106.75  -8.385
106.84  -8.382
106.94  -8.380
107.03  -8.378
107.13  -8.376
107.23  -8.373
107.32  -8.371
107.42  -8.369
107.51  -8.367
107.61  -8.364
107.70  -8.362
107.79  -8.360
107.89  -8.358
107.98  -8.355
108.08  -8.353
108.18  -8.351
108.27  -8.348
108.37  -8.346
108.46  -8.344
108.56  -8.341
108.66  -8.339
108.75  -8.337
108.85  -8.334
108.95  -8.332
109.03  -8.330
109.12  -8.327
109.22  -8.325
109.32  -8.322
109.41  -8.320
109.51  -8.318
109.61  -8.315
109.70  -8.313
109.80  -8.310
109.90  -8.308
109.99  -8.306
110.09  -8.303
110.18  -8.301
110.27  -8.298
110.37  -8.296
110.46  -8.293
110.56  -8.291
110.65  -8.289
110.75  -8.286
110.85  -8.284
110.94  -8.282
111.04  -8.279
111.13  -8.277
111.23  -8.274
111.33  -8.272
111.42  -8.270
111.52  -8.267
111.61  -8.265
111.70  -8.262
111.80  -8.260
111.89  -8.257
111.99  -8.255
112.08  -8.252
112.18  -8.250
112.28  -8.247
112.37  -8.245
112.47  -8.242
112.57  -8.240
112.66  -8.237
112.76  -8.234
112.86  -8.232
112.97  -8.229
113.06  -8.227
113.16  -8.224
113.26  -8.221
113.36  -8.219
113.47  -8.216
113.57  -8.214
113.67  -8.211
113.77  -8.209
113.87  -8.206
113.97  -8.204
114.08  -8.201
114.18  -8.198
114.28  -8.196
114.37  -8.193
114.47  -8.191
114.57  -8.188
114.68  -8.186
114.77  -8.183
114.88  -8.180
114.98  -8.178
115.08  -8.175
115.18  -8.172
115.29  -8.169
115.39  -8.166
115.49  -8.163
115.58  -8.161
115.68  -8.158
115.78  -8.155
115.89  -8.152
115.98  -8.149
116.09  -8.146
116.19  -8.144
116.29  -8.141
116.39  -8.138
116.49  -8.135
116.59  -8.133
116.70  -8.130
116.80  -8.127
116.90  -8.124
117.00  -8.122
117.09  -8.119
117.19  -8.116
117.29  -8.114
117.40  -8.111
117.50  -8.108
117.60  -8.106
117.70  -8.103
117.80  -8.101
117.90  -8.099
118.00  -8.096
118.11  -8.094
118.21  -8.092
118.31  -8.090
118.41  -8.088
118.51  -8.087
118.61  -8.085
118.71  -8.084
118.80  -8.082
118.91  -8.081
119.01  -8.079
119.11  -8.077
119.21  -8.076
119.31  -8.074
119.41  -8.072
119.52  -8.070
119.61  -8.069
119.72  -8.067
119.82  -8.065
119.92  -8.062
120.02  -8.060
120.12  -8.058
120.22  -8.056
120.32  -8.053
120.42  -8.051
120.53  -8.049
120.63  -8.046
120.73  -8.044
120.82  -8.042
120.92  -8.039
121.02  -8.037
121.12  -8.035
121.22  -8.033
121.33  -8.031
121.43  -8.028
121.53  -8.026
121.63  -8.024
121.73  -8.022
121.83  -8.020
121.93  -8.018
122.03  -8.016
122.14  -8.014
122.24  -8.012
122.34  -8.010
122.44  -8.007
122.54  -8.005
122.64  -8.003
122.74  -8.000
122.84  -7.998
122.94  -7.995
123.04  -7.992
123.14  -7.989
123.24  -7.986
123.34  -7.983
123.44  -7.980
123.54  -7.977
123.64  -7.974
123.74  -7.971
123.85  -7.967
123.95  -7.964
124.05  -7.962
124.15  -7.959
124.25  -7.956
124.35  -7.953
124.45  -7.951
124.55  -7.948
124.66  -7.945
124.76  -7.943
124.85  -7.941
124.95  -7.939
125.05  -7.937
125.15  -7.934
125.25  -7.932
125.36  -7.930
125.45  -7.928
125.56  -7.926
125.66  -7.924
125.76  -7.922
125.86  -7.920
125.96  -7.918
126.06  -7.916
126.16  -7.914
126.26  -7.912
126.37  -7.910
126.47  -7.908
126.57  -7.906
126.67  -7.904
126.77  -7.901
126.86  -7.899
126.96  -7.897
127.06  -7.895
127.17  -7.892
127.27  -7.890
127.37  -7.888
127.47  -7.885
127.57  -7.883
127.67  -7.880
127.78  -7.878
127.87  -7.875
127.98  -7.872
128.08  -7.869
128.18  -7.866
128.28  -7.862
128.39  -7.859
128.48  -7.856
128.58  -7.852
128.69  -7.849
128.78  -7.846
128.88  -7.842
128.98  -7.839
129.08  -7.836
129.18  -7.833
129.29  -7.830
129.39  -7.826
129.49  -7.823
129.59  -7.820
129.69  -7.817
129.79  -7.814
129.89  -7.811
129.99  -7.808
130.10  -7.805
130.20  -7.802
130.30  -7.799
130.40  -7.796
130.50  -7.793
130.60  -7.790
130.70  -7.787
130.80  -7.785
130.90  -7.782
131.00  -7.779
131.10  -7.777
131.20  -7.774
131.30  -7.772
131.41  -7.770
131.50  -7.767
131.61  -7.765
131.71  -7.763
131.81  -7.761
131.91  -7.759
132.01  -7.756
132.11  -7.754
132.21  -7.752
132.32  -7.749
132.42  -7.747
132.52  -7.744
132.61  -7.742
132.71  -7.740
132.81  -7.737
132.92  -7.734
133.01  -7.732
133.12  -7.729
133.22  -7.727
133.32  -7.724
133.42  -7.721
133.52  -7.719
133.62  -7.716
133.72  -7.714
133.83  -7.711
133.93  -7.709
134.03  -7.706
134.13  -7.704
134.23  -7.701
134.33  -7.699
134.44  -7.696
134.53  -7.694
134.63  -7.691
134.73  -7.689
134.83  -7.686
134.93  -7.684
135.04  -7.682
135.13  -7.679
135.24  -7.677
135.34  -7.674
135.44  -7.672
135.54  -7.670
135.65  -7.667
135.74  -7.665
135.84  -7.663
135.95  -7.660
136.05  -7.658
136.15  -7.655
136.25  -7.653
136.35  -7.651
136.45  -7.648
136.55  -7.646
136.64  -7.643
136.75  -7.641
136.85  -7.638
136.95  -7.636
137.05  -7.634
137.15  -7.631
137.25  -7.629
137.35  -7.626
137.46  -7.624
137.56  -7.621
137.66  -7.619
137.76  -7.616
137.86  -7.614
137.96  -7.612
138.07  -7.609
138.17  -7.607
138.27  -7.604
138.37  -7.602
138.46  -7.599
138.56  -7.597
138.67  -7.594
138.77  -7.592
138.87  -7.589
138.97  -7.587
139.07  -7.584
139.17  -7.582
139.28  -7.579
139.38  -7.577
139.48  -7.574
139.58  -7.572
139.68  -7.569
139.79  -7.567
139.89  -7.564
139.99  -7.562
140.09  -7.559
140.18  -7.557
140.28  -7.554
140.39  -7.552
140.49  -7.549
140.59  -7.547
140.69  -7.544
140.79  -7.542
140.89  -7.539
140.99  -7.536
141.10  -7.534
141.20  -7.531
141.30  -7.528
141.40  -7.526
141.50  -7.523
141.60  -7.520
141.71  -7.518
141.81  -7.515
141.91  -7.512
142.01  -7.510
142.11  -7.507
142.20  -7.504
142.31  -7.502
142.40  -7.499
142.51  -7.496
142.61  -7.494
142.71  -7.491
142.81  -7.489
142.91  -7.486
143.01  -7.483
143.11  -7.481
143.21  -7.478
143.31  -7.476
143.42  -7.473
143.52  -7.470
143.62  -7.468
143.72  -7.465
143.82  -7.463
143.92  -7.460
144.01  -7.458
144.11  -7.455
144.21  -7.453
144.30  -7.450
144.40  -7.448
144.50  -7.446
144.60  -7.443
144.70  -7.441
144.80  -7.439
144.90  -7.436
145.00  -7.434
145.09  -7.432
145.19  -7.429
145.29  -7.427
145.39  -7.424
145.49  -7.422
145.59  -7.419
145.69  -7.417
145.79  -7.414
145.88  -7.412
145.97  -7.409
146.07  -7.407
146.17  -7.404
146.27  -7.401
146.37  -7.399
146.47  -7.396
146.57  -7.393
146.66  -7.390
146.76  -7.387
146.86  -7.385
146.96  -7.382
147.06  -7.379
147.16  -7.376
147.26  -7.373
147.36  -7.371
147.46  -7.368
147.55  -7.365
147.65  -7.363
147.75  -7.360
147.84  -7.357
147.94  -7.354
148.04  -7.351
148.14  -7.348
148.24  -7.345
148.34  -7.341
148.44  -7.338
148.53  -7.334
148.64  -7.331
148.73  -7.328
148.83  -7.325
148.93  -7.322
149.03  -7.319
149.13  -7.316
149.23  -7.313
149.33  -7.311
149.43  -7.308
149.52  -7.305
149.62  -7.302
149.71  -7.299
149.81  -7.296
149.91  -7.293
150.01  -7.290
150.11  -7.287
150.21  -7.284
150.30  -7.281
150.40  -7.278
150.51  -7.275
150.60  -7.272
150.70  -7.270
150.80  -7.267
150.90  -7.264
151.00  -7.261
151.10  -7.258
151.20  -7.256
151.30  -7.253
151.39  -7.250
151.48  -7.247
151.58  -7.244
151.68  -7.241
151.78  -7.239
151.88  -7.236
151.98  -7.233
152.08  -7.230
152.17  -7.227
152.27  -7.224
152.37  -7.221
152.47  -7.218
152.57  -7.215
152.67  -7.212
152.77  -7.209
152.87  -7.206
152.96  -7.203
153.06  -7.200
153.16  -7.197
153.25  -7.194
153.35  -7.191
153.45  -7.188
153.55  -7.185
153.65  -7.181
153.74  -7.178
153.85  -7.175
153.94  -7.172
154.04  -7.168
154.24  -7.162
154.34  -7.159
154.44  -7.155
154.53  -7.152
154.64  -7.149
154.73  -7.145
154.83  -7.142
154.93  -7.139
155.02  -7.135
155.12  -7.132
155.22  -7.129
155.32  -7.125
155.42  -7.122
155.51  -7.119
155.61  -7.115
155.71  -7.112
155.81  -7.109
155.91  -7.105
156.01  -7.102
156.11  -7.098
156.21  -7.095
156.31  -7.092
156.41  -7.088
156.51  -7.085
156.61  -7.081
156.70  -7.078
156.80  -7.075
156.89  -7.072
156.99  -7.069
157.09  -7.065
157.19  -7.062
157.29  -7.059
157.38  -7.056
157.49  -7.053
157.58  -7.049
157.68  -7.046
157.78  -7.043
157.88  -7.039
157.98  -7.036
158.08  -7.033
158.18  -7.029
158.28  -7.025
158.38  -7.022
158.47  -7.018
158.57  -7.014
158.67  -7.010
158.77  -7.006
158.86  -7.002
158.96  -6.998
159.06  -6.995
159.16  -6.991
159.26  -6.987
159.36  -6.984
159.45  -6.980
159.55  -6.977
159.65  -6.973
159.75  -6.970
159.85  -6.967
159.95  -6.963
160.05  -6.960
160.15  -6.957
160.25  -6.954
160.35  -6.951
160.45  -6.948
160.54  -6.945
160.63  -6.942
160.73  -6.939
160.83  -6.936
160.93  -6.933
161.03  -6.930
161.13  -6.928
161.23  -6.925
161.32  -6.922
161.43  -6.919
161.52  -6.915
161.62  -6.912
161.72  -6.909
161.82  -6.906
161.92  -6.903
162.02  -6.899
162.11  -6.896
162.21  -6.893
162.31  -6.890
162.41  -6.887
162.51  -6.883
162.60  -6.880
162.70  -6.877
162.80  -6.873
162.90  -6.870
163.00  -6.866
163.09  -6.862
163.20  -6.859
163.29  -6.855
163.39  -6.851
163.49  -6.847
163.59  -6.843
163.69  -6.839
163.79  -6.836
163.89  -6.832
163.99  -6.828
164.09  -6.824
164.18  -6.821
164.28  -6.817
164.37  -6.814
164.47  -6.810
164.57  -6.807
164.67  -6.803
164.77  -6.800
164.87  -6.797
164.96  -6.793
165.07  -6.790
165.16  -6.787
165.26  -6.784
165.36  -6.781
165.46  -6.778
165.56  -6.775
165.66  -6.772
165.75  -6.769
165.85  -6.766
165.96  -6.763
166.05  -6.760
166.15  -6.757
166.24  -6.754
166.34  -6.751
166.44  -6.748
166.54  -6.745
166.64  -6.742
166.74  -6.739
166.84  -6.736
166.94  -6.732
167.03  -6.728
167.14  -6.723
167.23  -6.719
167.33  -6.715
167.43  -6.711
167.53  -6.706
167.63  -6.702
167.73  -6.699
167.83  -6.695
167.93  -6.692
168.02  -6.688
168.12  -6.685
168.21  -6.682
168.31  -6.678
168.41  -6.675
168.51  -6.671
168.61  -6.667
168.71  -6.663
168.81  -6.659
168.91  -6.655
169.01  -6.652
169.10  -6.648
169.20  -6.644
169.30  -6.640
169.40  -6.637
169.50  -6.633
169.60  -6.630
169.70  -6.626
169.80  -6.623
169.89  -6.620
169.99  -6.616
170.09  -6.613
170.19  -6.609
170.29  -6.606
170.38  -6.602
170.48  -6.599
170.58  -6.596
170.68  -6.592
170.78  -6.589
170.88  -6.586
170.98  -6.583
171.08  -6.580
171.18  -6.577
171.28  -6.574
171.38  -6.571
171.47  -6.569
171.57  -6.566
171.66  -6.563
171.76  -6.560
171.86  -6.557
171.96  -6.553
172.06  -6.550
172.16  -6.547
172.26  -6.544
172.36  -6.541
172.46  -6.537
172.55  -6.533
172.66  -6.530
172.75  -6.526
172.85  -6.522
172.95  -6.518
173.05  -6.514
173.15  -6.511
173.25  -6.507
173.35  -6.503
173.45  -6.499
173.54  -6.496
173.64  -6.492
173.73  -6.488
173.83  -6.484
173.93  -6.481
174.03  -6.477
174.13  -6.474
174.23  -6.470
174.33  -6.466
174.43  -6.463
174.53  -6.459
174.63  -6.456
174.73  -6.452
174.83  -6.449
174.93  -6.445
175.03  -6.442
175.12  -6.439
175.22  -6.435
175.32  -6.432
175.41  -6.428
175.51  -6.425
175.62  -6.422
175.71  -6.418
175.81  -6.415
175.91  -6.412
176.01  -6.409
176.11  -6.406
176.20  -6.402
176.30  -6.399
176.40  -6.396
176.50  -6.393
176.60  -6.390
176.70  -6.386
176.80  -6.383
176.90  -6.380
176.99  -6.377
177.09  -6.373
177.20  -6.370
177.29  -6.367
177.39  -6.363
177.49  -6.360
177.58  -6.356
177.68  -6.353
177.78  -6.349
177.88  -6.346
177.98  -6.342
178.08  -6.339
178.18  -6.336
178.28  -6.332
178.38  -6.329
178.48  -6.326
178.57  -6.323
178.68  -6.319
178.78  -6.316
178.87  -6.313
178.97  -6.310
179.07  -6.307
179.17  -6.304
179.26  -6.302
179.36  -6.299
179.46  -6.296
179.56  -6.293
179.66  -6.290
179.76  -6.287
179.85  -6.284
179.95  -6.281
180.05  -6.279
180.15  -6.276
180.25  -6.273
180.35  -6.270
180.45  -6.267
180.55  -6.264
180.64  -6.261
180.74  -6.258
180.84  -6.255
180.94  -6.252
181.03  -6.249
181.13  -6.246
181.23  -6.243
181.32  -6.240
181.42  -6.237
181.51  -6.234
181.61  -6.231
181.70  -6.228
181.80  -6.225
181.90  -6.222
181.99  -6.219
182.09  -6.215
182.19  -6.212
182.28  -6.209
182.38  -6.206
182.48  -6.203
182.57  -6.200
182.66  -6.197
182.76  -6.194
182.86  -6.190
182.95  -6.187
183.05  -6.184
183.15  -6.181
183.24  -6.178
183.34  -6.175
183.43  -6.172
183.53  -6.168
183.63  -6.165
183.73  -6.162
183.82  -6.159
183.92  -6.156
184.02  -6.153
184.11  -6.150
184.20  -6.147
184.30  -6.144
184.40  -6.141
184.49  -6.138
184.59  -6.135
184.68  -6.132
184.78  -6.129
184.88  -6.126
184.97  -6.123
185.07  -6.120
185.16  -6.117
185.26  -6.115
185.36  -6.112
185.45  -6.109
185.55  -6.106
185.65  -6.103
185.74  -6.100
185.84  -6.098
185.94  -6.095
186.04  -6.092
186.13  -6.089
186.23  -6.086
186.32  -6.083
186.41  -6.081
186.51  -6.078
186.61  -6.075
186.71  -6.072
186.80  -6.069
186.89  -6.066
186.99  -6.063
187.09  -6.060
187.19  -6.058
187.28  -6.055
187.38  -6.052
187.48  -6.049
187.57  -6.046
187.67  -6.043
187.76  -6.040
187.86  -6.037
187.96  -6.034
188.05  -6.031
188.14  -6.028
188.24  -6.025
188.34  -6.022
188.43  -6.019
188.53  -6.016
188.63  -6.013
188.72  -6.010
188.82  -6.006
188.91  -6.003
189.01  -6.000
189.11  -5.997
189.20  -5.994
189.30  -5.991
189.40  -5.988
189.49  -5.985
189.59  -5.982
189.69  -5.978
189.78  -5.975
189.87  -5.972
189.97  -5.968
190.07  -5.965
190.16  -5.962
190.26  -5.958
190.36  -5.955
190.45  -5.952
190.55  -5.949
190.64  -5.945
190.74  -5.942
190.84  -5.939
190.93  -5.936
191.03  -5.934
191.13  -5.931
191.22  -5.929
191.32  -5.926
191.42  -5.924
191.51  -5.922
191.60  -5.920
191.70  -5.917
191.80  -5.915
191.89  -5.913
191.99  -5.911
192.09  -5.908
192.18  -5.906
192.28  -5.904
192.37  -5.902
192.47  -5.899
192.56  -5.896
192.66  -5.893
192.76  -5.890
192.85  -5.887
192.95  -5.883
193.05  -5.880
193.15  -5.876
193.24  -5.873
193.33  -5.870
193.43  -5.867
193.52  -5.865
193.62  -5.863
193.72  -5.861
193.81  -5.858
193.91  -5.856
194.01  -5.854
194.10  -5.851
194.20  -5.848
194.29  -5.845
194.39  -5.841
194.49  -5.838
194.58  -5.834
194.68  -5.830
194.78  -5.827
194.87  -5.823
194.96  -5.819
195.06  -5.816
195.16  -5.812
195.25  -5.809
195.35  -5.805
195.45  -5.802
195.54  -5.799
195.64  -5.795
195.73  -5.792
195.83  -5.789
195.92  -5.786
196.02  -5.783
196.11  -5.780
196.21  -5.777
196.31  -5.774
196.41  -5.771
196.50  -5.768
196.59  -5.764
196.69  -5.761
196.78  -5.758
196.88  -5.754
196.98  -5.751
197.07  -5.748
197.17  -5.745
197.27  -5.741
197.36  -5.738
197.46  -5.735
197.56  -5.732
197.65  -5.729
197.75  -5.726
197.84  -5.723
197.94  -5.720
198.04  -5.716
198.14  -5.713
198.23  -5.710
198.32  -5.706
198.42  -5.703
198.52  -5.700
198.61  -5.696
198.71  -5.693
198.81  -5.690
198.90  -5.686
199.00  -5.683
199.09  -5.680
199.19  -5.676
199.28  -5.673
199.38  -5.669
199.48  -5.666
199.58  -5.662
199.67  -5.659
199.73  -5.655
