  
  DOI/GTN-P Deep Borehole Array, Arctic Alaska 
             U.S. Geological Survey 
            Processed Temperature Log 
                    28-Aug-2013 
________________________________________________ 
  
Temperature Log Information: 
  Well name:   South Harrison Bay 
  File name:   SOH_02AUG27b_c_d 
  Log date:    27-AUG-2002 
  
Contact Information: 
  Gary Clow 
  U.S. Geological Survey 
  clow@usgs.gov 
  
Definitions: 
  Depth:        Depth below local ground surface (m) 
  Temperature:  ITS-90 temperature (°C) 
________________________________________________ 
             
 Depth  Temperature 
  1.56   1.159
  1.59   1.144
  1.64   1.104
  1.72   1.016
  1.82   0.855
  1.92   0.644
  2.03   0.407
  2.15   0.150
  2.26  -0.112
  2.38  -0.375
  2.49  -0.641
  2.60  -0.893
  2.72  -1.115
  2.83  -1.316
  2.94  -1.503
  3.06  -1.681
  3.17  -1.857
  3.29  -2.028
  3.40  -2.189
  3.51  -2.346
  3.63  -2.500
  3.75  -2.651
  3.85  -2.799
  3.97  -2.942
  4.08  -3.079
  4.20  -3.212
  4.31  -3.344
  4.42  -3.477
  4.54  -3.614
  4.65  -3.752
  4.77  -3.890
  4.88  -4.024
  4.99  -4.152
  5.11  -4.277
  5.22  -4.398
  5.34  -4.516
  5.45  -4.630
  5.56  -4.740
  5.68  -4.846
  5.79  -4.950
  5.91  -5.050
  6.02  -5.147
  6.13  -5.240
  6.24  -5.331
  6.36  -5.419
  6.48  -5.504
  6.59  -5.587
  6.70  -5.667
  6.81  -5.744
  6.93  -5.818
  7.05  -5.890
  7.16  -5.963
  7.27  -6.039
  7.39  -6.115
  7.50  -6.189
  7.61  -6.260
  7.73  -6.325
  7.84  -6.385
  7.96  -6.443
  8.07  -6.499
  8.18  -6.555
  8.30  -6.610
  8.41  -6.663
  8.53  -6.713
  8.64  -6.760
  8.76  -6.806
  8.87  -6.849
  8.98  -6.891
  9.09  -6.932
  9.21  -6.972
  9.32  -7.011
  9.44  -7.048
  9.55  -7.083
  9.66  -7.117
  9.78  -7.149
  9.89  -7.180
 10.01  -7.210
 10.12  -7.237
 10.23  -7.264
 10.35  -7.289
 10.46  -7.313
 10.58  -7.335
 10.69  -7.357
 10.81  -7.377
 10.92  -7.396
 11.03  -7.414
 11.15  -7.431
 11.26  -7.446
 11.38  -7.461
 11.49  -7.475
 11.60  -7.488
 11.72  -7.500
 11.83  -7.511
 11.95  -7.522
 12.06  -7.531
 12.17  -7.540
 12.28  -7.549
 12.40  -7.557
 12.51  -7.564
 12.63  -7.571
 12.74  -7.577
 12.86  -7.583
 12.97  -7.589
 13.08  -7.594
 13.20  -7.599
 13.31  -7.603
 13.43  -7.607
 13.54  -7.611
 13.65  -7.615
 13.77  -7.618
 13.88  -7.621
 14.00  -7.624
 14.11  -7.626
 14.23  -7.629
 14.34  -7.631
 14.45  -7.633
 14.57  -7.634
 14.68  -7.636
 14.80  -7.637
 14.91  -7.638
 15.02  -7.640
 15.14  -7.641
 15.25  -7.642
 15.36  -7.643
 15.48  -7.644
 15.59  -7.646
 15.70  -7.647
 15.82  -7.649
 15.93  -7.650
 16.05  -7.652
 16.16  -7.654
 16.28  -7.657
 16.39  -7.660
 16.50  -7.663
 16.62  -7.667
 16.73  -7.671
 16.85  -7.675
 16.96  -7.679
 17.07  -7.684
 17.19  -7.689
 17.30  -7.694
 17.42  -7.699
 17.53  -7.704
 17.65  -7.709
 17.76  -7.715
 17.87  -7.721
 17.98  -7.726
 18.10  -7.732
 18.22  -7.738
 18.33  -7.744
 18.44  -7.749
 18.55  -7.755
 18.67  -7.761
 18.78  -7.767
 18.90  -7.774
 19.01  -7.780
 19.13  -7.787
 19.24  -7.793
 19.35  -7.800
 19.47  -7.807
 19.58  -7.814
 19.70  -7.822
 19.81  -7.829
 19.92  -7.837
 20.03  -7.845
 20.15  -7.853
 20.26  -7.861
 20.38  -7.869
 20.49  -7.878
 20.60  -7.886
 20.72  -7.895
 20.83  -7.904
 20.95  -7.912
 21.06  -7.921
 21.17  -7.930
 21.29  -7.939
 21.40  -7.948
 21.52  -7.957
 21.63  -7.966
 21.75  -7.975
 21.86  -7.984
 21.97  -7.993
 22.08  -8.002
 22.20  -8.011
 22.32  -8.020
 22.43  -8.028
 22.54  -8.037
 22.65  -8.046
 22.77  -8.055
 22.88  -8.064
 23.00  -8.073
 23.11  -8.082
 23.22  -8.091
 23.34  -8.099
 23.45  -8.108
 23.57  -8.117
 23.68  -8.126
 23.80  -8.134
 23.91  -8.143
 24.02  -8.152
 24.13  -8.160
 24.25  -8.169
 24.37  -8.178
 24.48  -8.186
 24.59  -8.195
 24.70  -8.203
 24.82  -8.212
 24.93  -8.220
 25.05  -8.229
 25.16  -8.237
 25.27  -8.246
 25.38  -8.254
 25.50  -8.263
 25.61  -8.271
 25.73  -8.280
 25.85  -8.288
 25.96  -8.297
 26.07  -8.305
 26.19  -8.313
 26.30  -8.322
 26.42  -8.330
 26.53  -8.338
 26.64  -8.346
 26.75  -8.355
 26.87  -8.363
 26.98  -8.371
 27.10  -8.379
 27.21  -8.387
 27.32  -8.395
 27.44  -8.403
 27.55  -8.412
 27.67  -8.420
 27.78  -8.428
 27.90  -8.436
 28.01  -8.444
 28.12  -8.451
 28.24  -8.459
 28.35  -8.467
 28.47  -8.474
 28.58  -8.482
 28.69  -8.489
 28.81  -8.496
 28.93  -8.503
 29.04  -8.510
 29.15  -8.516
 29.27  -8.522
 29.38  -8.528
 29.49  -8.534
 29.61  -8.540
 29.73  -8.545
 29.84  -8.550
 29.95  -8.556
 30.07  -8.561
 30.18  -8.566
 30.29  -8.571
 30.41  -8.576
 30.52  -8.581
 30.63  -8.586
 30.74  -8.591
 30.85  -8.595
 30.96  -8.600
 31.07  -8.604
 31.18  -8.608
 31.30  -8.613
 31.40  -8.617
 31.52  -8.621
 31.63  -8.625
 31.74  -8.630
 31.85  -8.634
 31.96  -8.638
 32.07  -8.642
 32.18  -8.646
 32.29  -8.651
 32.40  -8.655
 32.52  -8.660
 32.63  -8.665
 32.73  -8.670
 32.85  -8.675
 32.96  -8.681
 33.07  -8.687
 33.18  -8.692
 33.29  -8.698
 33.40  -8.704
 33.51  -8.710
 33.63  -8.716
 33.74  -8.722
 33.85  -8.728
 33.96  -8.734
 34.07  -8.741
 34.18  -8.747
 34.30  -8.753
 34.41  -8.759
 34.52  -8.764
 34.63  -8.770
 34.73  -8.776
 34.85  -8.781
 34.96  -8.787
 35.07  -8.792
 35.19  -8.798
 35.29  -8.803
 35.40  -8.809
 35.52  -8.814
 35.63  -8.819
 35.74  -8.825
 35.85  -8.830
 35.96  -8.835
 36.07  -8.840
 36.18  -8.845
 36.29  -8.850
 36.41  -8.855
 36.51  -8.860
 36.62  -8.865
 36.73  -8.870
 36.85  -8.875
 36.96  -8.879
 37.07  -8.884
 37.18  -8.888
 37.29  -8.893
 37.40  -8.897
 37.51  -8.902
 37.63  -8.906
 37.74  -8.910
 37.85  -8.914
 37.96  -8.918
 38.07  -8.922
 38.18  -8.926
 38.30  -8.929
 38.41  -8.933
 38.52  -8.937
 38.63  -8.940
 38.74  -8.944
 38.85  -8.947
 38.96  -8.950
 39.08  -8.953
 39.19  -8.957
 39.29  -8.960
 39.41  -8.963
 39.52  -8.966
 39.64  -8.969
 39.75  -8.971
 39.86  -8.974
 39.97  -8.977
 40.08  -8.980
 40.19  -8.982
 40.30  -8.985
 40.42  -8.987
 40.53  -8.990
 40.63  -8.992
 40.75  -8.995
 40.86  -8.997
 40.98  -8.999
 41.09  -9.001
 41.20  -9.004
 41.31  -9.006
 41.42  -9.008
 41.53  -9.010
 41.64  -9.012
 41.76  -9.014
 41.87  -9.016
 41.97  -9.018
 42.08  -9.020
 42.20  -9.022
 42.31  -9.024
 42.42  -9.026
 42.53  -9.028
 42.65  -9.030
 42.76  -9.032
 42.87  -9.033
 42.99  -9.035
 43.10  -9.037
 43.21  -9.038
 43.32  -9.040
 43.43  -9.041
 43.54  -9.043
 43.66  -9.044
 43.77  -9.045
 43.88  -9.046
 43.99  -9.047
 44.10  -9.049
 44.21  -9.050
 44.33  -9.051
 44.43  -9.052
 44.55  -9.052
 44.66  -9.053
 44.77  -9.054
 44.88  -9.055
 45.00  -9.056
 45.11  -9.056
 45.22  -9.057
 45.33  -9.058
 45.44  -9.058
 45.56  -9.059
 45.67  -9.059
 45.78  -9.060
 45.89  -9.060
 46.00  -9.061
 46.12  -9.061
 46.23  -9.061
 46.34  -9.062
 46.46  -9.062
 46.57  -9.062
 46.68  -9.062
 46.79  -9.063
 46.90  -9.063
 47.02  -9.063
 47.13  -9.063
 47.24  -9.063
 47.35  -9.063
 47.46  -9.064
 47.58  -9.064
 47.69  -9.064
 47.80  -9.064
 47.91  -9.064
 48.02  -9.064
 48.13  -9.064
 48.25  -9.064
 48.36  -9.064
 48.47  -9.064
 48.59  -9.064
 48.69  -9.064
 48.81  -9.064
 48.92  -9.064
 49.03  -9.064
 49.15  -9.064
 49.26  -9.064
 49.37  -9.064
 49.48  -9.063
 49.59  -9.063
 49.71  -9.063
 49.82  -9.063
 49.93  -9.063
 50.04  -9.063
 50.15  -9.063
 50.27  -9.063
 50.38  -9.063
 50.49  -9.063
 50.60  -9.062
 50.71  -9.062
 50.83  -9.062
 50.94  -9.062
 51.05  -9.062
 51.16  -9.062
 51.27  -9.061
 51.38  -9.061
 51.50  -9.061
 51.61  -9.061
 51.72  -9.060
 51.83  -9.060
 51.95  -9.060
 52.06  -9.060
 52.17  -9.059
 52.29  -9.059
 52.40  -9.059
 52.51  -9.059
 52.62  -9.059
 52.74  -9.058
 52.85  -9.058
 52.96  -9.058
 53.07  -9.058
 53.18  -9.057
 53.30  -9.057
 53.41  -9.057
 53.52  -9.057
 53.63  -9.056
 53.74  -9.056
 53.86  -9.056
 53.97  -9.056
 54.08  -9.055
 54.19  -9.055
 54.30  -9.055
 54.41  -9.055
 54.52  -9.054
 54.64  -9.054
 54.75  -9.054
 54.86  -9.053
 54.98  -9.053
 55.09  -9.053
 55.19  -9.052
 55.31  -9.052
 55.42  -9.052
 55.53  -9.051
 55.64  -9.051
 55.75  -9.051
 55.87  -9.050
 55.97  -9.050
 56.09  -9.050
 56.20  -9.049
 56.31  -9.049
 56.42  -9.048
 56.53  -9.048
 56.64  -9.048
 56.76  -9.047
 56.87  -9.047
 56.98  -9.046
 57.09  -9.046
 57.20  -9.045
 57.32  -9.045
 57.43  -9.044
 57.54  -9.044
 57.65  -9.044
 57.76  -9.043
 57.87  -9.043
 57.99  -9.042
 58.10  -9.042
 58.21  -9.041
 58.32  -9.041
 58.43  -9.040
 58.54  -9.040
 58.65  -9.039
 58.76  -9.039
 58.88  -9.038
 58.99  -9.038
 59.10  -9.038
 59.21  -9.037
 59.32  -9.036
 59.44  -9.036
 59.55  -9.035
 59.66  -9.035
 59.77  -9.034
 59.89  -9.034
 60.00  -9.033
 60.11  -9.033
 60.22  -9.032
 60.33  -9.031
 60.44  -9.031
 60.55  -9.030
 60.67  -9.030
 60.78  -9.029
 60.89  -9.029
 61.00  -9.028
 61.11  -9.027
 61.22  -9.027
 61.33  -9.026
 61.44  -9.026
 61.56  -9.025
 61.67  -9.024
 61.77  -9.024
 61.89  -9.023
 62.00  -9.023
 62.11  -9.022
 62.22  -9.021
 62.33  -9.021
 62.44  -9.020
 62.55  -9.020
 62.66  -9.019
 62.77  -9.019
 62.88  -9.018
 62.99  -9.017
 63.10  -9.017
 63.21  -9.016
 63.32  -9.016
 63.44  -9.015
 63.55  -9.015
 63.66  -9.014
 63.77  -9.013
 63.88  -9.013
 63.99  -9.012
 64.10  -9.012
 64.21  -9.011
 64.32  -9.011
 64.43  -9.010
 64.54  -9.009
 64.66  -9.009
 64.77  -9.008
 64.88  -9.008
 64.99  -9.007
 65.10  -9.007
 65.21  -9.006
 65.32  -9.005
 65.43  -9.005
 65.54  -9.004
 65.65  -9.004
 65.76  -9.003
 65.88  -9.002
 65.98  -9.002
 66.10  -9.001
 66.21  -9.000
 66.32  -9.000
 66.43  -8.999
 66.54  -8.998
 66.65  -8.998
 66.77  -8.997
 66.88  -8.996
 66.99  -8.995
 67.10  -8.995
 67.21  -8.994
 67.31  -8.993
 67.43  -8.992
 67.53  -8.991
 67.64  -8.991
 67.75  -8.990
 67.85  -8.989
 67.96  -8.988
 68.07  -8.987
 68.18  -8.987
 68.29  -8.986
 68.39  -8.985
 68.50  -8.984
 68.61  -8.983
 68.72  -8.983
 68.82  -8.982
 68.93  -8.981
 69.04  -8.980
 69.15  -8.980
 69.26  -8.979
 69.36  -8.978
 69.47  -8.977
 69.58  -8.976
 69.68  -8.976
 69.79  -8.975
 69.90  -8.974
 70.01  -8.973
 70.11  -8.973
 70.22  -8.972
 70.33  -8.971
 70.44  -8.970
 70.54  -8.970
 70.65  -8.969
 70.76  -8.968
 70.86  -8.967
 70.97  -8.967
 71.08  -8.966
 71.19  -8.965
 71.29  -8.964
 71.40  -8.964
 71.50  -8.963
 71.61  -8.962
 71.72  -8.961
 71.83  -8.961
 71.94  -8.960
 72.04  -8.959
 72.15  -8.958
 72.26  -8.958
 72.36  -8.957
 72.47  -8.956
 72.58  -8.955
 72.69  -8.954
 72.79  -8.953
 72.90  -8.952
 73.01  -8.952
 73.12  -8.951
 73.23  -8.950
 73.33  -8.949
 73.44  -8.948
 73.55  -8.947
 73.65  -8.946
 73.77  -8.945
 73.87  -8.944
 73.98  -8.943
 74.08  -8.942
 74.19  -8.941
 74.30  -8.940
 74.41  -8.939
 74.52  -8.938
 74.62  -8.937
 74.73  -8.936
 74.84  -8.935
 74.95  -8.934
 75.06  -8.933
 75.16  -8.932
 75.27  -8.931
 75.38  -8.930
 75.49  -8.929
 75.60  -8.928
 75.70  -8.926
 75.81  -8.925
 75.92  -8.924
 76.03  -8.923
 76.13  -8.922
 76.25  -8.921
 76.35  -8.920
 76.46  -8.919
 76.57  -8.918
 76.67  -8.917
 76.78  -8.916
 76.89  -8.915
 77.00  -8.914
 77.11  -8.912
 77.21  -8.911
 77.32  -8.910
 77.43  -8.909
 77.54  -8.908
 77.65  -8.907
 77.75  -8.906
 77.86  -8.905
 77.97  -8.904
 78.08  -8.903
 78.18  -8.901
 78.29  -8.900
 78.40  -8.899
 78.50  -8.898
 78.61  -8.897
 78.72  -8.896
 78.83  -8.895
 78.94  -8.894
 79.04  -8.892
 79.15  -8.891
 79.26  -8.890
 79.37  -8.889
 79.47  -8.888
 79.58  -8.887
 79.69  -8.886
 79.80  -8.884
 79.91  -8.883
 80.01  -8.882
 80.12  -8.881
 80.23  -8.880
 80.34  -8.879
 80.45  -8.877
 80.55  -8.876
 80.66  -8.875
 80.77  -8.874
 80.88  -8.873
 80.98  -8.872
 81.09  -8.870
 81.20  -8.869
 81.31  -8.868
 81.41  -8.867
 81.52  -8.866
 81.63  -8.864
 81.73  -8.863
 81.84  -8.862
 81.96  -8.861
 82.06  -8.860
 82.17  -8.858
 82.27  -8.857
 82.38  -8.856
 82.49  -8.855
 82.60  -8.853
 82.71  -8.852
 82.82  -8.851
 82.92  -8.850
 83.03  -8.848
 83.14  -8.847
 83.25  -8.846
 83.35  -8.845
 83.46  -8.843
 83.57  -8.842
 83.67  -8.841
 83.79  -8.839
 83.89  -8.838
 84.00  -8.836
 84.11  -8.835
 84.22  -8.833
 84.33  -8.832
 84.44  -8.830
 84.55  -8.829
 84.65  -8.827
 84.76  -8.826
 84.87  -8.824
 84.98  -8.823
 85.09  -8.821
 85.19  -8.820
 85.30  -8.818
 85.41  -8.817
 85.52  -8.815
 85.63  -8.814
 85.73  -8.812
 85.84  -8.811
 85.95  -8.809
 86.05  -8.808
 86.16  -8.806
 86.27  -8.805
 86.38  -8.803
 86.49  -8.802
 86.59  -8.800
 86.70  -8.799
 86.81  -8.797
 86.92  -8.796
 87.03  -8.794
 87.14  -8.793
 87.24  -8.791
 87.35  -8.790
 87.46  -8.788
 87.57  -8.787
 87.68  -8.785
 87.78  -8.784
 87.89  -8.783
 88.00  -8.781
 88.10  -8.780
 88.21  -8.778
 88.32  -8.777
 88.43  -8.775
 88.54  -8.774
 88.65  -8.772
 88.75  -8.771
 88.86  -8.769
 88.97  -8.768
 89.08  -8.766
 89.19  -8.765
 89.29  -8.763
 89.40  -8.762
 89.51  -8.760
 89.62  -8.759
 89.72  -8.757
 89.83  -8.756
 89.94  -8.754
 90.05  -8.753
 90.16  -8.751
 90.26  -8.750
 90.37  -8.748
 90.48  -8.746
 90.59  -8.745
 90.70  -8.743
 90.81  -8.742
 90.91  -8.740
 91.02  -8.739
 91.13  -8.737
 91.24  -8.736
 91.35  -8.734
 91.46  -8.733
 91.56  -8.731
 91.67  -8.730
 91.78  -8.728
 91.89  -8.726
 92.00  -8.725
 92.10  -8.723
 92.21  -8.722
 92.32  -8.720
 92.43  -8.718
 92.54  -8.717
 92.64  -8.715
 92.75  -8.713
 92.86  -8.712
 92.97  -8.710
 93.07  -8.708
 93.18  -8.707
 93.29  -8.705
 93.40  -8.703
 93.51  -8.701
 93.62  -8.700
 93.72  -8.698
 93.83  -8.696
 93.94  -8.694
 94.04  -8.692
 94.15  -8.690
 94.26  -8.688
 94.37  -8.686
 94.48  -8.684
 94.59  -8.682
 94.70  -8.680
 94.80  -8.678
 94.91  -8.676
 95.02  -8.674
 95.13  -8.672
 95.23  -8.669
 95.34  -8.667
 95.45  -8.665
 95.56  -8.663
 95.67  -8.661
 95.77  -8.659
 95.88  -8.656
 95.99  -8.654
 96.10  -8.652
 96.21  -8.650
 96.31  -8.647
 96.42  -8.645
 96.53  -8.643
 96.64  -8.641
 96.74  -8.639
 96.85  -8.636
 96.96  -8.634
 97.06  -8.632
 97.17  -8.630
 97.28  -8.628
 97.39  -8.625
 97.49  -8.623
 97.60  -8.621
 97.71  -8.619
 97.81  -8.617
 97.92  -8.615
 98.03  -8.613
 98.14  -8.610
 98.25  -8.608
 98.35  -8.606
 98.46  -8.604
 98.57  -8.602
 98.67  -8.600
 98.78  -8.598
 98.89  -8.596
 99.00  -8.594
 99.11  -8.592
 99.21  -8.590
 99.32  -8.587
 99.43  -8.585
 99.54  -8.583
 99.64  -8.581
 99.75  -8.579
 99.86  -8.577
 99.97  -8.575
100.08  -8.572
100.19  -8.570
100.29  -8.568
100.40  -8.566
100.51  -8.563
100.61  -8.561
100.72  -8.559
100.83  -8.557
100.94  -8.554
101.04  -8.552
101.15  -8.549
101.26  -8.547
101.37  -8.544
101.48  -8.542
101.58  -8.539
101.69  -8.537
101.80  -8.534
101.91  -8.532
102.02  -8.529
102.12  -8.527
102.23  -8.524
102.34  -8.521
102.44  -8.519
102.55  -8.516
102.66  -8.514
102.77  -8.511
102.88  -8.508
102.98  -8.506
103.09  -8.503
103.19  -8.501
103.30  -8.498
103.40  -8.495
103.51  -8.493
103.61  -8.490
103.72  -8.488
103.83  -8.485
103.93  -8.483
104.03  -8.480
104.14  -8.477
104.24  -8.475
104.34  -8.472
104.45  -8.470
104.55  -8.467
104.66  -8.464
104.76  -8.462
104.87  -8.459
104.97  -8.457
105.08  -8.454
105.18  -8.451
105.29  -8.449
105.39  -8.446
105.49  -8.444
105.60  -8.441
105.71  -8.439
105.81  -8.436
105.91  -8.433
106.02  -8.431
106.12  -8.428
106.23  -8.426
106.33  -8.423
106.44  -8.420
106.54  -8.418
106.64  -8.415
106.75  -8.413
106.86  -8.410
106.96  -8.407
107.06  -8.405
107.17  -8.402
107.27  -8.399
107.37  -8.397
107.48  -8.394
107.59  -8.391
107.69  -8.389
107.80  -8.386
107.90  -8.383
108.00  -8.381
108.11  -8.378
108.21  -8.375
108.32  -8.373
108.43  -8.370
108.53  -8.367
108.63  -8.364
108.74  -8.362
108.84  -8.359
108.95  -8.356
109.06  -8.353
109.16  -8.351
109.26  -8.348
109.37  -8.345
109.47  -8.342
109.58  -8.340
109.68  -8.337
109.78  -8.334
109.89  -8.331
109.99  -8.329
110.10  -8.326
110.20  -8.323
110.31  -8.320
110.41  -8.318
110.52  -8.315
110.62  -8.312
110.73  -8.309
110.83  -8.307
110.94  -8.304
111.04  -8.301
111.15  -8.299
111.25  -8.296
111.36  -8.294
111.46  -8.291
111.56  -8.289
111.67  -8.286
111.77  -8.284
111.88  -8.281
111.99  -8.279
112.09  -8.276
112.19  -8.274
112.30  -8.271
112.40  -8.269
112.51  -8.267
112.62  -8.264
112.72  -8.262
112.82  -8.259
112.93  -8.257
113.03  -8.254
113.14  -8.252
113.24  -8.249
113.35  -8.247
113.45  -8.245
113.56  -8.242
113.66  -8.240
113.77  -8.237
113.88  -8.235
113.98  -8.232
114.08  -8.230
114.19  -8.227
114.29  -8.224
114.40  -8.222
114.50  -8.219
114.61  -8.217
114.71  -8.214
114.82  -8.211
114.92  -8.209
115.03  -8.206
115.13  -8.203
115.24  -8.200
115.34  -8.198
115.45  -8.195
115.56  -8.192
115.66  -8.189
115.76  -8.186
115.87  -8.184
115.97  -8.181
116.08  -8.178
116.18  -8.175
116.29  -8.173
116.39  -8.170
116.50  -8.167
116.60  -8.164
116.71  -8.162
116.81  -8.159
116.92  -8.156
117.02  -8.154
117.13  -8.151
117.23  -8.148
117.34  -8.146
117.44  -8.143
117.55  -8.140
117.66  -8.138
117.76  -8.135
117.87  -8.132
117.97  -8.130
118.07  -8.127
118.18  -8.124
118.28  -8.122
118.39  -8.119
118.49  -8.116
118.60  -8.114
118.70  -8.111
118.81  -8.108
118.91  -8.106
119.02  -8.103
119.12  -8.101
119.23  -8.098
119.33  -8.095
119.44  -8.093
119.54  -8.090
119.65  -8.088
119.75  -8.085
119.86  -8.082
119.96  -8.080
120.07  -8.077
120.17  -8.075
120.28  -8.072
120.38  -8.070
120.49  -8.067
120.59  -8.064
120.70  -8.062
120.80  -8.059
120.91  -8.057
121.01  -8.054
121.11  -8.052
121.22  -8.049
121.32  -8.046
121.43  -8.044
121.54  -8.041
121.64  -8.039
121.75  -8.036
121.85  -8.034
121.96  -8.031
122.06  -8.028
122.17  -8.026
122.27  -8.023
122.38  -8.021
122.48  -8.018
122.59  -8.015
122.69  -8.013
122.80  -8.010
122.90  -8.007
123.01  -8.005
123.11  -8.002
123.22  -8.000
123.32  -7.997
123.43  -7.995
123.53  -7.992
123.64  -7.989
123.74  -7.987
123.85  -7.984
123.95  -7.982
124.05  -7.979
124.16  -7.976
124.26  -7.974
124.37  -7.971
124.47  -7.968
124.58  -7.966
124.68  -7.963
124.78  -7.960
124.89  -7.957
125.00  -7.954
125.10  -7.951
125.21  -7.949
125.31  -7.946
125.41  -7.943
125.52  -7.940
125.63  -7.937
125.73  -7.934
125.83  -7.931
125.94  -7.928
126.04  -7.925
126.14  -7.922
126.25  -7.919
126.36  -7.916
126.46  -7.913
126.57  -7.910
126.67  -7.907
126.77  -7.904
126.88  -7.901
126.98  -7.898
127.09  -7.895
127.19  -7.892
127.30  -7.889
127.40  -7.886
127.51  -7.883
127.61  -7.880
127.72  -7.877
127.82  -7.875
127.92  -7.872
128.03  -7.869
128.14  -7.867
128.24  -7.864
128.34  -7.862
128.45  -7.860
128.55  -7.857
128.66  -7.855
128.77  -7.853
128.87  -7.850
128.97  -7.848
129.08  -7.846
129.18  -7.844
129.29  -7.841
129.39  -7.839
129.50  -7.837
129.60  -7.835
129.71  -7.832
129.81  -7.830
129.91  -7.828
130.02  -7.825
130.12  -7.823
130.23  -7.820
130.33  -7.818
130.44  -7.815
130.54  -7.813
130.65  -7.810
130.75  -7.808
130.86  -7.805
130.96  -7.803
131.07  -7.800
131.17  -7.798
131.28  -7.795
131.38  -7.793
131.48  -7.790
131.59  -7.788
131.69  -7.785
131.80  -7.783
131.90  -7.780
132.01  -7.778
132.11  -7.775
132.21  -7.772
132.32  -7.770
132.42  -7.767
132.53  -7.764
132.63  -7.762
132.74  -7.759
132.84  -7.756
132.94  -7.753
133.05  -7.750
133.15  -7.748
133.26  -7.745
133.36  -7.742
133.46  -7.739
133.57  -7.736
133.68  -7.733
133.78  -7.730
133.88  -7.727
133.99  -7.724
134.09  -7.721
134.19  -7.718
134.30  -7.715
134.40  -7.712
134.51  -7.709
134.61  -7.706
134.71  -7.703
134.82  -7.701
134.92  -7.698
135.03  -7.695
135.13  -7.693
135.23  -7.690
135.34  -7.688
135.44  -7.685
135.54  -7.682
135.65  -7.680
135.75  -7.677
135.86  -7.675
135.96  -7.672
136.06  -7.669
136.17  -7.667
136.27  -7.664
136.38  -7.661
136.48  -7.659
136.59  -7.656
136.69  -7.653
136.80  -7.650
136.90  -7.647
137.00  -7.645
137.11  -7.642
137.21  -7.639
137.32  -7.636
137.42  -7.633
137.53  -7.630
137.63  -7.627
137.73  -7.624
137.84  -7.621
137.94  -7.619
138.04  -7.616
138.15  -7.613
138.25  -7.610
138.34  -7.607
138.45  -7.604
138.55  -7.601
138.65  -7.599
138.75  -7.596
138.85  -7.593
138.95  -7.590
139.05  -7.587
139.15  -7.584
139.25  -7.581
139.35  -7.578
139.46  -7.575
139.56  -7.572
139.66  -7.569
139.76  -7.566
139.86  -7.563
139.97  -7.560
140.06  -7.557
140.16  -7.554
140.27  -7.551
140.37  -7.548
140.47  -7.545
140.57  -7.542
140.67  -7.539
140.77  -7.536
140.87  -7.533
140.97  -7.530
141.07  -7.527
141.17  -7.524
141.27  -7.522
141.37  -7.519
141.47  -7.517
141.58  -7.515
141.68  -7.513
141.78  -7.511
141.88  -7.508
141.98  -7.506
142.08  -7.504
142.18  -7.502
142.28  -7.500
142.38  -7.498
142.48  -7.496
142.58  -7.494
142.68  -7.492
142.78  -7.490
142.88  -7.488
142.99  -7.486
143.09  -7.483
143.18  -7.481
143.29  -7.479
143.39  -7.477
143.49  -7.475
143.59  -7.472
143.69  -7.470
143.80  -7.468
143.90  -7.466
144.00  -7.463
144.10  -7.461
144.20  -7.458
144.30  -7.456
144.40  -7.453
144.50  -7.450
144.60  -7.447
144.71  -7.444
144.81  -7.441
144.91  -7.437
145.01  -7.434
145.11  -7.431
145.21  -7.427
145.31  -7.424
145.42  -7.420
145.52  -7.417
145.62  -7.413
145.72  -7.410
145.82  -7.406
145.92  -7.403
146.02  -7.400
146.12  -7.397
146.22  -7.394
146.33  -7.391
146.43  -7.388
146.53  -7.385
146.63  -7.383
146.73  -7.380
146.83  -7.377
146.93  -7.375
147.03  -7.372
147.14  -7.369
147.24  -7.367
147.34  -7.364
147.44  -7.361
147.54  -7.358
147.64  -7.356
147.74  -7.353
147.84  -7.350
147.95  -7.347
148.05  -7.344
148.15  -7.340
148.25  -7.337
148.35  -7.334
148.46  -7.331
148.55  -7.328
148.65  -7.325
148.76  -7.322
148.86  -7.319
148.96  -7.315
149.06  -7.312
149.16  -7.309
149.26  -7.306
149.36  -7.303
149.46  -7.300
149.56  -7.297
149.67  -7.294
149.77  -7.291
149.87  -7.289
149.97  -7.286
150.07  -7.283
150.17  -7.280
150.28  -7.277
150.37  -7.274
150.47  -7.271
150.58  -7.268
150.68  -7.265
150.78  -7.261
150.88  -7.258
150.98  -7.255
151.08  -7.251
151.18  -7.248
151.28  -7.245
151.39  -7.241
151.49  -7.237
151.59  -7.234
151.69  -7.230
151.79  -7.227
151.90  -7.223
152.00  -7.220
152.10  -7.216
152.20  -7.212
152.30  -7.209
152.40  -7.205
152.50  -7.201
152.61  -7.198
152.71  -7.194
152.81  -7.190
152.91  -7.186
153.01  -7.183
153.11  -7.179
153.21  -7.175
153.32  -7.172
153.42  -7.168
153.52  -7.164
153.62  -7.161
153.72  -7.157
153.82  -7.154
153.93  -7.150
154.03  -7.147
154.13  -7.144
154.23  -7.141
154.33  -7.138
154.44  -7.135
154.54  -7.133
154.64  -7.130
154.74  -7.127
154.84  -7.125
154.94  -7.123
155.04  -7.120
155.15  -7.118
155.25  -7.115
155.35  -7.113
155.45  -7.110
155.55  -7.108
155.65  -7.105
155.76  -7.103
155.86  -7.100
155.96  -7.097
156.06  -7.094
156.16  -7.092
156.26  -7.089
156.36  -7.086
156.46  -7.082
156.56  -7.079
156.66  -7.076
156.77  -7.073
156.87  -7.070
156.97  -7.067
157.07  -7.064
157.17  -7.061
157.27  -7.057
157.37  -7.054
157.48  -7.051
157.58  -7.047
157.68  -7.044
157.78  -7.040
157.88  -7.037
157.98  -7.033
158.08  -7.030
158.19  -7.026
158.28  -7.023
158.39  -7.019
158.49  -7.016
158.59  -7.012
158.69  -7.008
158.79  -7.005
158.89  -7.001
158.99  -6.997
159.10  -6.994
159.20  -6.990
159.30  -6.986
159.40  -6.982
159.50  -6.979
159.61  -6.975
159.71  -6.971
159.81  -6.967
159.91  -6.963
160.01  -6.960
160.11  -6.956
160.21  -6.952
160.32  -6.949
160.42  -6.945
160.52  -6.942
160.62  -6.938
160.72  -6.935
160.82  -6.932
160.93  -6.928
161.03  -6.925
161.13  -6.922
161.23  -6.919
161.33  -6.916
161.43  -6.913
161.54  -6.910
161.64  -6.907
161.74  -6.904
161.94  -6.898
162.04  -6.895
162.14  -6.892
162.25  -6.889
162.35  -6.887
162.45  -6.884
162.55  -6.881
162.65  -6.878
162.75  -6.875
162.85  -6.872
162.95  -6.869
163.06  -6.866
163.15  -6.863
163.26  -6.860
163.36  -6.857
163.46  -6.854
163.56  -6.851
163.66  -6.847
163.76  -6.844
163.86  -6.841
163.96  -6.837
164.07  -6.833
164.17  -6.830
164.27  -6.826
164.37  -6.822
164.47  -6.818
164.57  -6.814
164.68  -6.810
164.78  -6.806
164.88  -6.802
164.98  -6.798
165.08  -6.793
165.18  -6.789
165.28  -6.785
165.39  -6.781
165.49  -6.777
165.58  -6.774
165.69  -6.770
165.79  -6.766
165.89  -6.763
165.99  -6.759
166.09  -6.755
166.19  -6.752
166.29  -6.748
166.40  -6.745
166.50  -6.741
166.60  -6.738
166.70  -6.734
166.80  -6.731
166.90  -6.727
167.00  -6.724
167.10  -6.720
167.21  -6.717
167.31  -6.713
167.41  -6.710
167.51  -6.706
167.61  -6.703
167.72  -6.700
167.82  -6.696
167.92  -6.693
168.02  -6.690
168.12  -6.686
168.22  -6.683
168.32  -6.679
168.42  -6.676
168.53  -6.673
168.63  -6.669
168.73  -6.666
168.83  -6.663
168.93  -6.660
169.03  -6.656
169.14  -6.653
169.23  -6.650
169.33  -6.646
169.44  -6.643
169.54  -6.640
169.64  -6.637
169.74  -6.633
169.84  -6.630
169.94  -6.626
170.05  -6.623
170.15  -6.620
170.25  -6.616
170.35  -6.613
170.45  -6.609
170.55  -6.605
170.65  -6.601
170.75  -6.598
170.86  -6.594
170.96  -6.590
171.05  -6.586
171.16  -6.582
171.26  -6.578
171.36  -6.574
171.46  -6.570
171.56  -6.566
171.66  -6.562
171.76  -6.558
171.86  -6.554
171.96  -6.550
172.06  -6.546
172.16  -6.542
172.25  -6.539
172.35  -6.535
172.45  -6.531
172.55  -6.527
172.65  -6.523
172.74  -6.519
172.84  -6.515
172.94  -6.511
173.04  -6.507
173.14  -6.504
173.23  -6.500
173.33  -6.496
173.43  -6.492
173.53  -6.489
173.63  -6.485
173.73  -6.482
173.82  -6.478
173.92  -6.475
174.02  -6.471
174.12  -6.468
174.22  -6.465
174.32  -6.461
174.41  -6.458
174.51  -6.455
174.61  -6.452
174.70  -6.448
174.90  -6.442
175.00  -6.439
175.10  -6.436
175.20  -6.432
175.30  -6.429
175.40  -6.426
175.50  -6.423
175.59  -6.419
175.69  -6.416
175.79  -6.413
175.88  -6.410
175.98  -6.407
176.09  -6.403
176.18  -6.400
176.28  -6.397
176.38  -6.394
176.47  -6.391
176.57  -6.388
176.67  -6.384
176.77  -6.381
176.87  -6.378
176.97  -6.375
177.06  -6.372
177.16  -6.369
177.26  -6.366
177.36  -6.363
177.46  -6.360
177.56  -6.357
177.65  -6.354
177.75  -6.351
177.85  -6.348
177.95  -6.345
178.05  -6.341
178.14  -6.338
178.24  -6.335
178.34  -6.332
178.44  -6.329
178.54  -6.326
178.64  -6.323
178.74  -6.320
178.83  -6.317
178.93  -6.314
179.03  -6.311
179.13  -6.308
179.23  -6.305
179.33  -6.302
179.43  -6.299
179.52  -6.296
179.62  -6.293
179.72  -6.290
179.82  -6.287
179.91  -6.284
180.01  -6.281
180.11  -6.277
180.21  -6.274
180.31  -6.271
180.41  -6.268
180.50  -6.264
180.60  -6.261
180.70  -6.258
180.80  -6.254
180.90  -6.251
181.00  -6.248
181.09  -6.244
181.19  -6.241
181.29  -6.238
181.39  -6.234
181.49  -6.231
181.59  -6.228
181.69  -6.225
181.78  -6.222
181.88  -6.219
181.98  -6.216
182.08  -6.213
182.18  -6.210
182.28  -6.207
182.37  -6.204
182.47  -6.201
182.57  -6.198
182.67  -6.194
182.77  -6.191
182.87  -6.188
182.97  -6.185
183.07  -6.181
183.17  -6.178
183.26  -6.174
183.36  -6.170
183.46  -6.167
183.55  -6.163
183.66  -6.159
183.75  -6.155
183.85  -6.152
183.95  -6.148
184.05  -6.144
184.14  -6.140
184.25  -6.137
184.34  -6.133
184.44  -6.130
184.54  -6.126
184.64  -6.123
184.73  -6.120
184.83  -6.117
184.93  -6.115
185.03  -6.112
185.13  -6.109
185.23  -6.107
185.32  -6.104
185.42  -6.102
185.52  -6.099
185.62  -6.096
185.72  -6.094
185.82  -6.091
185.91  -6.088
186.01  -6.086
186.11  -6.083
186.21  -6.079
186.31  -6.076
186.41  -6.072
186.50  -6.069
186.60  -6.065
186.70  -6.061
186.80  -6.057
186.90  -6.054
187.00  -6.050
187.10  -6.046
187.19  -6.042
187.29  -6.039
187.39  -6.035
187.49  -6.032
187.59  -6.028
187.69  -6.025
187.78  -6.022
187.88  -6.019
187.98  -6.016
188.08  -6.014
188.18  -6.011
188.28  -6.009
188.38  -6.006
188.47  -6.004
188.57  -6.002
188.67  -5.999
188.77  -5.997
188.87  -5.994
188.96  -5.992
189.06  -5.989
189.16  -5.987
189.26  -5.984
189.36  -5.982
189.46  -5.979
189.55  -5.976
189.65  -5.973
189.75  -5.970
189.85  -5.967
189.95  -5.964
190.05  -5.961
190.14  -5.958
190.24  -5.955
190.34  -5.952
190.44  -5.949
190.54  -5.946
190.63  -5.943
190.73  -5.940
190.83  -5.937
190.93  -5.934
191.03  -5.931
191.12  -5.929
191.22  -5.926
191.32  -5.923
191.42  -5.921
191.52  -5.918
191.62  -5.915
191.71  -5.913
191.81  -5.910
191.91  -5.907
192.01  -5.904
192.11  -5.902
192.21  -5.899
192.30  -5.896
192.40  -5.893
192.50  -5.890
192.60  -5.887
192.70  -5.884
192.80  -5.881
192.89  -5.878
192.99  -5.875
193.09  -5.872
193.19  -5.869
193.29  -5.866
193.38  -5.863
193.48  -5.860
193.58  -5.856
193.68  -5.853
193.78  -5.850
193.87  -5.847
193.97  -5.844
194.07  -5.841
194.17  -5.837
194.27  -5.834
194.36  -5.831
194.46  -5.828
194.56  -5.825
194.65  -5.822
194.75  -5.818
194.85  -5.815
194.95  -5.812
195.05  -5.809
195.15  -5.806
195.24  -5.802
195.34  -5.799
195.44  -5.796
195.54  -5.793
195.63  -5.789
195.73  -5.786
195.83  -5.783
195.93  -5.780
196.03  -5.777
196.13  -5.774
196.22  -5.770
196.32  -5.767
196.42  -5.764
196.51  -5.761
196.61  -5.758
196.71  -5.755
196.81  -5.751
196.91  -5.748
197.01  -5.745
197.11  -5.742
197.20  -5.739
197.30  -5.736
197.40  -5.733
197.50  -5.730
197.59  -5.726
197.69  -5.723
197.79  -5.720
197.89  -5.717
197.99  -5.714
198.08  -5.711
198.18  -5.708
198.28  -5.705
198.38  -5.702
198.48  -5.699
198.57  -5.696
198.67  -5.693
198.77  -5.690
198.87  -5.687
198.96  -5.684
199.06  -5.681
199.16  -5.678
199.26  -5.675
199.36  -5.672
199.45  -5.669
199.55  -5.666
199.65  -5.663
199.75  -5.660
199.85  -5.658
199.94  -5.655
200.04  -5.652
200.14  -5.649
200.24  -5.646
200.34  -5.643
200.44  -5.640
200.53  -5.638
200.63  -5.635
200.73  -5.632
200.83  -5.629
200.93  -5.626
201.02  -5.623
201.12  -5.621
201.22  -5.618
201.32  -5.615
201.41  -5.612
201.51  -5.610
201.61  -5.607
201.70  -5.604
201.80  -5.601
201.90  -5.598
202.00  -5.596
202.09  -5.593
202.19  -5.590
202.29  -5.587
202.39  -5.584
202.49  -5.581
202.58  -5.579
202.68  -5.576
202.78  -5.573
202.88  -5.570
202.98  -5.567
203.07  -5.564
203.17  -5.562
203.27  -5.559
203.37  -5.556
203.46  -5.553
203.56  -5.550
203.66  -5.547
203.76  -5.544
203.85  -5.541
203.95  -5.538
204.05  -5.535
204.15  -5.533
204.24  -5.530
204.34  -5.527
204.44  -5.524
204.53  -5.521
204.64  -5.518
204.73  -5.515
204.83  -5.512
204.92  -5.509
205.02  -5.506
205.11  -5.503
205.21  -5.501
205.30  -5.498
205.39  -5.495
205.49  -5.492
205.58  -5.489
205.68  -5.486
205.77  -5.483
205.87  -5.481
205.96  -5.478
206.05  -5.475
206.15  -5.472
206.25  -5.469
206.34  -5.466
206.44  -5.463
206.53  -5.460
206.62  -5.458
206.72  -5.455
206.81  -5.452
206.91  -5.449
207.00  -5.446
207.10  -5.443
207.19  -5.440
207.29  -5.437
207.38  -5.434
207.47  -5.431
207.57  -5.428
207.67  -5.425
207.76  -5.422
207.85  -5.419
207.95  -5.416
208.04  -5.412
208.14  -5.409
208.23  -5.406
208.33  -5.402
208.42  -5.399
208.52  -5.395
208.61  -5.392
208.71  -5.388
208.80  -5.384
208.90  -5.381
208.99  -5.377
209.09  -5.374
209.18  -5.370
209.28  -5.366
209.37  -5.363
209.47  -5.359
209.56  -5.355
209.66  -5.352
209.75  -5.348
209.85  -5.344
209.94  -5.341
210.04  -5.337
210.14  -5.333
210.23  -5.329
210.33  -5.326
210.42  -5.322
210.52  -5.319
210.61  -5.315
210.71  -5.311
210.80  -5.308
210.90  -5.304
210.99  -5.301
211.09  -5.298
211.18  -5.294
211.28  -5.291
211.37  -5.288
211.47  -5.285
211.56  -5.282
211.66  -5.279
211.76  -5.276
211.85  -5.273
211.95  -5.270
212.04  -5.267
212.13  -5.264
212.23  -5.262
212.33  -5.259
212.42  -5.256
212.52  -5.253
212.61  -5.250
212.71  -5.247
212.80  -5.244
212.90  -5.241
212.99  -5.238
213.09  -5.235
213.18  -5.232
213.28  -5.229
213.38  -5.226
213.47  -5.223
213.56  -5.220
213.66  -5.217
213.76  -5.214
213.85  -5.211
213.95  -5.208
214.05  -5.205
214.14  -5.202
214.23  -5.199
214.33  -5.196
214.43  -5.193
214.52  -5.190
214.62  -5.187
214.71  -5.184
214.81  -5.180
214.90  -5.177
215.00  -5.174
215.10  -5.171
215.19  -5.168
215.29  -5.165
215.38  -5.162
215.48  -5.159
215.58  -5.156
215.67  -5.153
215.77  -5.149
215.86  -5.146
215.95  -5.143
216.05  -5.140
216.15  -5.137
216.25  -5.134
216.34  -5.131
216.43  -5.128
216.53  -5.125
216.62  -5.121
216.72  -5.118
216.82  -5.115
216.91  -5.112
217.01  -5.109
217.10  -5.106
217.20  -5.104
217.30  -5.101
217.39  -5.098
217.48  -5.095
217.58  -5.093
217.68  -5.090
217.77  -5.087
217.87  -5.084
217.97  -5.082
218.06  -5.079
218.16  -5.076
218.25  -5.074
218.35  -5.071
218.45  -5.068
218.54  -5.066
218.64  -5.063
218.73  -5.060
218.83  -5.057
218.93  -5.055
219.03  -5.052
219.12  -5.049
219.22  -5.046
219.31  -5.043
219.41  -5.040
219.51  -5.037
219.60  -5.034
219.70  -5.031
219.80  -5.029
219.89  -5.026
219.99  -5.023
220.08  -5.020
220.18  -5.017
220.28  -5.014
220.37  -5.011
220.47  -5.009
220.56  -5.006
220.66  -5.003
220.76  -5.000
220.85  -4.998
220.95  -4.995
221.04  -4.992
221.14  -4.989
221.24  -4.986
221.33  -4.983
221.43  -4.981
221.52  -4.978
221.62  -4.974
221.71  -4.971
221.81  -4.968
221.91  -4.964
222.00  -4.961
222.10  -4.957
222.19  -4.954
222.29  -4.950
222.39  -4.946
222.48  -4.943
222.58  -4.939
222.67  -4.935
222.77  -4.931
222.87  -4.928
222.96  -4.924
223.06  -4.920
223.15  -4.917
223.25  -4.913
223.35  -4.910
223.44  -4.907
223.54  -4.904
223.64  -4.901
223.73  -4.897
223.83  -4.894
223.92  -4.891
224.02  -4.889
224.12  -4.886
224.21  -4.883
224.31  -4.880
224.40  -4.877
224.50  -4.874
224.60  -4.871
224.69  -4.868
224.79  -4.865
224.89  -4.862
224.98  -4.859
225.08  -4.856
225.17  -4.852
225.27  -4.849
225.37  -4.846
225.46  -4.843
225.56  -4.839
225.65  -4.836
225.75  -4.833
225.85  -4.830
225.94  -4.827
226.04  -4.824
226.13  -4.821
226.23  -4.819
226.32  -4.816
226.42  -4.814
226.52  -4.812
226.61  -4.810
226.71  -4.808
226.80  -4.806
226.90  -4.805
227.00  -4.803
227.09  -4.802
227.19  -4.800
227.29  -4.798
227.38  -4.797
227.48  -4.795
227.58  -4.794
227.68  -4.792
227.77  -4.790
227.87  -4.788
227.96  -4.786
228.06  -4.784
228.16  -4.782
228.25  -4.779
228.35  -4.776
228.44  -4.774
228.54  -4.771
228.64  -4.769
228.73  -4.766
228.83  -4.763
228.93  -4.761
229.02  -4.758
229.12  -4.755
229.21  -4.752
229.31  -4.750
229.41  -4.747
229.50  -4.744
229.60  -4.742
229.69  -4.739
229.79  -4.737
229.89  -4.734
229.98  -4.732
230.08  -4.729
230.18  -4.726
230.27  -4.724
230.37  -4.721
230.47  -4.719
230.56  -4.716
230.66  -4.713
230.75  -4.711
230.85  -4.708
230.95  -4.705
231.04  -4.703
231.14  -4.700
231.23  -4.697
231.33  -4.695
231.43  -4.692
231.52  -4.689
231.62  -4.687
231.72  -4.684
231.81  -4.681
231.91  -4.679
232.00  -4.676
232.10  -4.673
232.20  -4.671
232.29  -4.668
232.39  -4.665
232.48  -4.662
232.58  -4.660
232.68  -4.657
232.77  -4.654
232.87  -4.651
232.97  -4.648
233.06  -4.646
233.16  -4.643
233.26  -4.640
233.35  -4.637
233.45  -4.634
233.54  -4.632
233.64  -4.629
233.74  -4.626
233.83  -4.623
233.93  -4.621
234.03  -4.618
234.12  -4.615
234.22  -4.612
234.31  -4.609
234.41  -4.607
234.51  -4.604
234.60  -4.601
234.70  -4.599
234.79  -4.596
234.89  -4.593
234.99  -4.590
235.08  -4.588
235.18  -4.585
235.27  -4.583
235.37  -4.580
235.47  -4.577
235.56  -4.575
235.66  -4.572
235.75  -4.570
235.85  -4.568
235.95  -4.565
236.04  -4.563
236.14  -4.560
236.24  -4.558
236.33  -4.556
236.43  -4.554
236.53  -4.551
236.62  -4.549
236.72  -4.547
236.81  -4.545
236.90  -4.543
236.99  -4.540
237.09  -4.538
237.18  -4.536
237.27  -4.534
237.37  -4.532
237.46  -4.530
237.55  -4.527
237.65  -4.525
237.74  -4.523
237.83  -4.521
237.93  -4.519
238.02  -4.517
238.11  -4.515
238.21  -4.513
238.30  -4.511
238.39  -4.509
238.48  -4.507
238.58  -4.505
238.67  -4.503
238.77  -4.501
238.86  -4.499
238.95  -4.497
239.05  -4.495
239.14  -4.493
239.24  -4.491
239.33  -4.489
239.42  -4.488
239.51  -4.486
239.61  -4.484
239.70  -4.482
239.79  -4.480
239.89  -4.478
239.98  -4.477
240.08  -4.475
240.17  -4.473
240.26  -4.471
240.36  -4.469
240.45  -4.468
240.55  -4.466
240.64  -4.464
240.73  -4.463
240.82  -4.461
240.92  -4.459
241.01  -4.458
241.11  -4.456
241.20  -4.454
241.29  -4.452
241.39  -4.451
241.48  -4.449
241.58  -4.447
241.67  -4.446
241.76  -4.444
241.86  -4.442
241.95  -4.441
242.05  -4.439
242.14  -4.437
242.24  -4.436
242.33  -4.434
242.42  -4.432
242.52  -4.431
242.61  -4.429
242.70  -4.427
242.80  -4.426
242.89  -4.424
242.98  -4.423
243.08  -4.421
243.17  -4.419
243.26  -4.417
243.36  -4.415
243.45  -4.414
243.54  -4.412
243.63  -4.410
243.73  -4.408
243.82  -4.407
243.91  -4.405
