  
  DOI/GTN-P Deep Borehole Array, Arctic Alaska 
             U.S. Geological Survey 
            Processed Temperature Log 
                    28-Aug-2013 
________________________________________________ 
  
Temperature Log Information: 
  Well name:   South Harrison Bay 
  File name:   SOH_07AUG12_c_d 
  Log date:    12-AUG-2007 
  
Contact Information: 
  Gary Clow 
  U.S. Geological Survey 
  clow@usgs.gov 
  
Definitions: 
  Depth:        Depth below local ground surface (m) 
  Temperature:  ITS-90 temperature (°C) 
________________________________________________ 
             
 Depth  Temperature 
  1.15   4.039
  1.16   4.028
  1.18   4.008
  1.22   3.973
  1.26   3.920
  1.30   3.850
  1.35   3.764
  1.40   3.664
  1.46   3.552
  1.51   3.426
  1.56   3.283
  1.61   3.124
  1.66   2.946
  1.72   2.753
  1.77   2.546
  1.82   2.328
  1.87   2.099
  1.92   1.862
  1.97   1.616
  2.02   1.368
  2.07   1.121
  2.13   0.874
  2.18   0.628
  2.23   0.380
  2.28   0.121
  2.33  -0.134
  2.39  -0.375
  2.44  -0.595
  2.60  -1.089
  2.65  -1.204
  2.69  -1.283
  2.75  -1.342
  2.80  -1.394
  2.85  -1.459
  2.90  -1.564
  2.95  -1.689
  3.00  -1.819
  3.06  -1.947
  3.11  -2.060
  3.16  -2.166
  3.21  -2.273
  3.26  -2.377
  3.32  -2.478
  3.37  -2.576
  3.42  -2.672
  3.47  -2.767
  3.52  -2.862
  3.57  -2.958
  3.62  -3.052
  3.68  -3.146
  3.73  -3.238
  3.78  -3.329
  3.83  -3.419
  3.88  -3.508
  3.93  -3.595
  3.99  -3.681
  4.04  -3.765
  4.09  -3.848
  4.15  -3.929
  4.20  -4.008
  4.25  -4.085
  4.30  -4.162
  4.34  -4.236
  4.40  -4.310
  4.45  -4.382
  4.50  -4.453
  4.55  -4.523
  4.60  -4.592
  4.65  -4.660
  4.70  -4.727
  4.76  -4.792
  4.81  -4.856
  4.86  -4.919
  4.92  -4.980
  4.97  -5.040
  5.02  -5.099
  5.07  -5.156
  5.12  -5.212
  5.18  -5.267
  5.23  -5.321
  5.28  -5.374
  5.33  -5.427
  5.37  -5.479
  5.42  -5.530
  5.48  -5.581
  5.53  -5.631
  5.58  -5.680
  5.63  -5.728
  5.69  -5.775
  5.74  -5.822
  5.79  -5.868
  5.84  -5.913
  5.89  -5.957
  5.95  -6.000
  6.00  -6.042
  6.05  -6.084
  6.10  -6.125
  6.15  -6.164
  6.21  -6.203
  6.26  -6.240
  6.31  -6.277
  6.36  -6.313
  6.42  -6.349
  6.47  -6.383
  6.51  -6.417
  6.56  -6.450
  6.61  -6.483
  6.67  -6.516
  6.72  -6.548
  6.77  -6.580
  6.82  -6.610
  6.87  -6.641
  6.92  -6.670
  6.98  -6.699
  7.03  -6.728
  7.08  -6.755
  7.14  -6.782
  7.19  -6.809
  7.24  -6.835
  7.29  -6.860
  7.34  -6.885
  7.39  -6.910
  7.45  -6.934
  7.50  -6.957
  7.55  -6.980
  7.60  -7.002
  7.64  -7.024
  7.69  -7.045
  7.75  -7.066
  7.80  -7.086
  7.85  -7.105
  7.91  -7.124
  7.96  -7.142
  8.01  -7.160
  8.06  -7.177
  8.11  -7.194
  8.16  -7.210
  8.21  -7.226
  8.27  -7.242
  8.32  -7.256
  8.37  -7.271
  8.42  -7.285
  8.47  -7.298
  8.53  -7.311
  8.58  -7.324
  8.63  -7.336
  8.68  -7.348
  8.74  -7.359
  8.79  -7.370
  8.83  -7.381
  8.88  -7.391
  8.93  -7.401
  8.98  -7.411
  9.04  -7.420
  9.09  -7.428
  9.14  -7.437
  9.19  -7.445
  9.24  -7.452
  9.30  -7.459
  9.35  -7.466
  9.40  -7.473
  9.46  -7.478
  9.51  -7.484
  9.56  -7.489
  9.61  -7.493
  9.66  -7.498
  9.71  -7.502
  9.77  -7.505
  9.82  -7.509
  9.87  -7.512
  9.92  -7.515
  9.97  -7.517
 10.02  -7.520
 10.07  -7.522
 10.12  -7.524
 10.17  -7.526
 10.22  -7.528
 10.28  -7.530
 10.33  -7.532
 10.38  -7.533
 10.43  -7.535
 10.48  -7.537
 10.54  -7.538
 10.59  -7.540
 10.64  -7.541
 10.69  -7.543
 10.74  -7.544
 10.80  -7.545
 10.85  -7.546
 10.90  -7.547
 10.95  -7.548
 11.00  -7.549
 11.05  -7.550
 11.11  -7.551
 11.16  -7.551
 11.20  -7.552
 11.25  -7.553
 11.30  -7.554
 11.35  -7.555
 11.41  -7.556
 11.46  -7.557
 11.51  -7.557
 11.57  -7.558
 11.62  -7.559
 11.67  -7.559
 11.72  -7.560
 11.77  -7.561
 11.82  -7.561
 11.88  -7.562
 11.93  -7.562
 11.98  -7.562
 12.03  -7.563
 12.08  -7.563
 12.13  -7.563
 12.19  -7.563
 12.24  -7.563
 12.29  -7.563
 12.34  -7.563
 12.39  -7.563
 12.44  -7.563
 12.49  -7.563
 12.54  -7.563
 12.59  -7.563
 12.65  -7.563
 12.70  -7.563
 12.75  -7.562
 12.80  -7.562
 12.85  -7.562
 12.90  -7.562
 12.96  -7.561
 13.01  -7.561
 13.06  -7.561
 13.12  -7.561
 13.17  -7.560
 13.22  -7.560
 13.27  -7.560
 13.32  -7.559
 13.37  -7.559
 13.42  -7.559
 13.47  -7.558
 13.52  -7.558
 13.57  -7.558
 13.62  -7.558
 13.67  -7.557
 13.73  -7.557
 13.78  -7.557
 13.83  -7.557
 13.88  -7.557
 13.93  -7.556
 13.99  -7.556
 14.04  -7.556
 14.09  -7.556
 14.14  -7.556
 14.19  -7.556
 14.24  -7.556
 14.30  -7.555
 14.35  -7.555
 14.40  -7.555
 14.45  -7.555
 14.50  -7.555
 14.56  -7.555
 14.61  -7.554
 14.66  -7.554
 14.70  -7.554
 14.76  -7.554
 14.81  -7.554
 14.86  -7.554
 14.91  -7.554
 14.96  -7.553
 15.01  -7.553
 15.06  -7.553
 15.12  -7.553
 15.17  -7.553
 15.22  -7.553
 15.27  -7.553
 15.33  -7.553
 15.38  -7.552
 15.43  -7.552
 15.48  -7.552
 15.53  -7.552
 15.58  -7.552
 15.63  -7.552
 15.68  -7.552
 15.74  -7.552
 15.79  -7.551
 15.84  -7.551
 15.89  -7.551
 15.94  -7.551
 15.99  -7.551
 16.04  -7.551
 16.10  -7.551
 16.15  -7.551
 16.20  -7.551
 16.25  -7.550
 16.30  -7.550
 16.35  -7.550
 16.40  -7.550
 16.46  -7.550
 16.51  -7.550
 16.56  -7.550
 16.62  -7.550
 16.67  -7.550
 16.72  -7.550
 16.77  -7.550
 16.82  -7.550
 16.87  -7.550
 16.92  -7.550
 16.98  -7.550
 17.02  -7.550
 17.07  -7.550
 17.12  -7.550
 17.17  -7.550
 17.23  -7.550
 17.28  -7.550
 17.33  -7.550
 17.39  -7.550
 17.44  -7.550
 17.49  -7.550
 17.54  -7.550
 17.59  -7.550
 17.64  -7.550
 17.70  -7.550
 17.75  -7.550
 17.80  -7.550
 17.85  -7.550
 17.90  -7.550
 17.96  -7.550
 18.01  -7.550
 18.06  -7.550
 18.11  -7.550
 18.16  -7.550
 18.21  -7.550
 18.26  -7.551
 18.31  -7.551
 18.36  -7.551
 18.41  -7.552
 18.46  -7.552
 18.52  -7.553
 18.57  -7.553
 18.62  -7.554
 18.67  -7.555
 18.72  -7.556
 18.77  -7.557
 18.83  -7.558
 18.88  -7.559
 18.93  -7.561
 18.99  -7.562
 19.04  -7.564
 19.09  -7.565
 19.14  -7.567
 19.19  -7.568
 19.24  -7.570
 19.29  -7.572
 19.34  -7.574
 19.39  -7.576
 19.44  -7.579
 19.49  -7.581
 19.54  -7.583
 19.60  -7.586
 19.65  -7.589
 19.70  -7.591
 19.76  -7.594
 19.81  -7.597
 19.86  -7.600
 19.91  -7.603
 19.96  -7.606
 20.01  -7.610
 20.07  -7.613
 20.12  -7.617
 20.17  -7.620
 20.23  -7.624
 20.32  -7.628
 20.42  -7.631
 20.51  -7.635
 20.60  -7.639
 20.69  -7.643
 20.78  -7.648
 20.88  -7.652
 20.98  -7.656
 21.09  -7.661
 21.30  -7.670
 21.41  -7.675
 21.51  -7.679
 21.61  -7.684
 21.71  -7.689
 21.82  -7.695
 21.92  -7.700
 22.02  -7.705
 22.12  -7.711
 22.22  -7.716
 22.33  -7.722
 22.43  -7.727
 22.53  -7.733
 22.63  -7.739
 22.73  -7.745
 22.83  -7.751
 22.93  -7.757
 23.02  -7.763
 23.13  -7.769
 23.23  -7.775
 23.33  -7.781
 23.43  -7.787
 23.53  -7.794
 23.63  -7.800
 23.73  -7.806
 23.83  -7.812
 23.93  -7.818
 24.03  -7.825
 24.14  -7.831
 24.23  -7.837
 24.33  -7.844
 24.43  -7.850
 24.53  -7.857
 24.63  -7.863
 24.74  -7.870
 24.84  -7.876
 24.94  -7.883
 25.04  -7.889
 25.14  -7.896
 25.24  -7.903
 25.33  -7.909
 25.44  -7.916
 25.54  -7.923
 25.64  -7.929
 25.74  -7.936
 25.84  -7.943
 25.94  -7.949
 26.04  -7.956
 26.15  -7.963
 26.25  -7.969
 26.35  -7.976
 26.45  -7.983
 26.55  -7.989
 26.65  -7.996
 26.75  -8.002
 26.85  -8.009
 26.95  -8.015
 27.05  -8.022
 27.15  -8.028
 27.25  -8.034
 27.35  -8.041
 27.45  -8.047
 27.55  -8.053
 27.66  -8.059
 27.75  -8.065
 27.85  -8.072
 27.95  -8.078
 28.05  -8.084
 28.15  -8.090
 28.26  -8.095
 28.36  -8.101
 28.46  -8.107
 28.56  -8.113
 28.66  -8.119
 28.76  -8.125
 28.86  -8.130
 28.96  -8.136
 29.05  -8.141
 29.16  -8.147
 29.26  -8.152
 29.36  -8.157
 29.46  -8.162
 29.56  -8.167
 29.66  -8.172
 29.76  -8.177
 29.86  -8.182
 29.95  -8.186
 30.05  -8.190
 30.15  -8.195
 30.25  -8.199
 30.35  -8.203
 30.45  -8.207
 30.55  -8.211
 30.65  -8.215
 30.74  -8.219
 30.84  -8.223
 30.94  -8.227
 31.04  -8.231
 31.13  -8.234
 31.23  -8.238
 31.33  -8.242
 31.43  -8.246
 31.53  -8.251
 31.63  -8.255
 31.72  -8.259
 31.82  -8.263
 31.92  -8.268
 32.02  -8.272
 32.11  -8.276
 32.21  -8.281
 32.31  -8.285
 32.41  -8.290
 32.50  -8.294
 32.60  -8.299
 32.70  -8.304
 32.80  -8.309
 32.90  -8.314
 33.00  -8.320
 33.10  -8.325
 33.20  -8.331
 33.29  -8.337
 33.38  -8.342
 33.48  -8.348
 33.58  -8.354
 33.68  -8.360
 33.78  -8.366
 33.88  -8.373
 33.98  -8.379
 34.08  -8.385
 34.18  -8.391
 34.27  -8.398
 34.37  -8.404
 34.47  -8.410
 34.56  -8.416
 34.66  -8.422
 34.76  -8.428
 34.86  -8.434
 34.96  -8.440
 35.06  -8.446
 35.16  -8.452
 35.26  -8.458
 35.35  -8.464
 35.45  -8.470
 35.54  -8.476
 35.64  -8.481
 35.74  -8.487
 35.84  -8.493
 35.94  -8.499
 36.04  -8.504
 36.14  -8.510
 36.24  -8.516
 36.33  -8.521
 36.43  -8.527
 36.53  -8.532
 36.62  -8.537
 36.72  -8.543
 36.82  -8.548
 36.92  -8.553
 37.02  -8.559
 37.12  -8.564
 37.22  -8.569
 37.31  -8.574
 37.41  -8.579
 37.51  -8.584
 37.61  -8.589
 37.70  -8.594
 37.80  -8.599
 37.90  -8.604
 38.00  -8.609
 38.10  -8.614
 38.20  -8.619
 38.29  -8.624
 38.39  -8.629
 38.49  -8.633
 38.59  -8.638
 38.68  -8.643
 38.78  -8.647
 38.88  -8.652
 38.98  -8.656
 39.07  -8.661
 39.17  -8.665
 39.27  -8.669
 39.37  -8.674
 39.47  -8.678
 39.57  -8.682
 39.67  -8.686
 39.76  -8.690
 39.86  -8.694
 39.96  -8.698
 40.05  -8.702
 40.15  -8.705
 40.25  -8.709
 40.35  -8.713
 40.45  -8.716
 40.55  -8.720
 40.65  -8.723
 40.75  -8.727
 40.84  -8.730
 40.94  -8.734
 41.04  -8.737
 41.13  -8.740
 41.23  -8.743
 41.33  -8.746
 41.43  -8.749
 41.53  -8.752
 41.63  -8.755
 41.72  -8.758
 41.82  -8.761
 41.92  -8.764
 42.02  -8.767
 42.11  -8.770
 42.21  -8.773
 42.31  -8.775
 42.41  -8.778
 42.51  -8.781
 42.60  -8.784
 42.70  -8.786
 42.80  -8.789
 42.90  -8.792
 43.00  -8.794
 43.10  -8.797
 43.19  -8.800
 43.29  -8.802
 43.39  -8.805
 43.48  -8.807
 43.58  -8.810
 43.68  -8.812
 43.78  -8.815
 43.88  -8.818
 43.98  -8.820
 44.08  -8.823
 44.18  -8.825
 44.27  -8.828
 44.37  -8.831
 44.47  -8.833
 44.57  -8.836
 44.66  -8.839
 44.76  -8.841
 44.86  -8.844
 44.96  -8.846
 45.06  -8.849
 45.15  -8.851
 45.25  -8.854
 45.35  -8.856
 45.45  -8.858
 45.55  -8.860
 45.64  -8.863
 45.74  -8.865
 45.84  -8.867
 45.93  -8.869
 46.03  -8.871
 46.13  -8.873
 46.23  -8.875
 46.33  -8.877
 46.43  -8.879
 46.53  -8.881
 46.63  -8.882
 46.72  -8.884
 46.82  -8.886
 46.92  -8.887
 47.01  -8.889
 47.11  -8.890
 47.21  -8.892
 47.31  -8.893
 47.41  -8.894
 47.50  -8.896
 47.60  -8.897
 47.70  -8.898
 47.80  -8.899
 47.89  -8.900
 47.99  -8.901
 48.09  -8.902
 48.19  -8.904
 48.28  -8.905
 48.38  -8.906
 48.48  -8.906
 48.58  -8.907
 48.68  -8.908
 48.78  -8.909
 48.88  -8.910
 48.97  -8.911
 49.07  -8.912
 49.17  -8.913
 49.26  -8.914
 49.36  -8.915
 49.46  -8.916
 49.56  -8.917
 49.66  -8.918
 49.76  -8.919
 49.86  -8.919
 49.95  -8.920
 50.05  -8.921
 50.15  -8.922
 50.25  -8.923
 50.34  -8.923
 50.44  -8.924
 50.54  -8.925
 50.64  -8.926
 50.73  -8.927
 50.83  -8.927
 50.93  -8.928
 51.03  -8.929
 51.13  -8.930
 51.23  -8.930
 51.33  -8.931
 51.42  -8.932
 51.51  -8.932
 51.61  -8.933
 51.71  -8.934
 51.81  -8.934
 51.91  -8.935
 52.01  -8.935
 52.11  -8.936
 52.21  -8.936
 52.30  -8.937
 52.40  -8.937
 52.50  -8.938
 52.60  -8.938
 52.70  -8.938
 52.80  -8.939
 52.89  -8.939
 52.99  -8.939
 53.08  -8.940
 53.18  -8.940
 53.28  -8.940
 53.38  -8.940
 53.48  -8.941
 53.58  -8.941
 53.68  -8.941
 53.78  -8.941
 53.88  -8.941
 53.97  -8.942
 54.07  -8.942
 54.17  -8.942
 54.26  -8.942
 54.36  -8.942
 54.46  -8.942
 54.56  -8.942
 54.66  -8.942
 54.75  -8.942
 54.85  -8.942
 54.95  -8.942
 55.05  -8.942
 55.15  -8.942
 55.25  -8.942
 55.35  -8.942
 55.44  -8.942
 55.53  -8.942
 55.63  -8.942
 55.73  -8.942
 55.83  -8.942
 55.93  -8.942
 56.03  -8.942
 56.13  -8.942
 56.22  -8.942
 56.32  -8.942
 56.42  -8.942
 56.52  -8.942
 56.61  -8.942
 56.71  -8.942
 56.81  -8.942
 56.92  -8.942
 57.01  -8.942
 57.10  -8.942
 57.20  -8.941
 57.30  -8.941
 57.40  -8.941
 57.50  -8.941
 57.60  -8.941
 57.70  -8.941
 57.79  -8.941
 57.89  -8.941
 57.99  -8.941
 58.09  -8.940
 58.18  -8.940
 58.28  -8.940
 58.38  -8.940
 58.48  -8.940
 58.57  -8.940
 58.67  -8.940
 58.77  -8.940
 58.87  -8.939
 58.97  -8.939
 59.07  -8.939
 59.17  -8.939
 59.27  -8.939
 59.36  -8.939
 59.45  -8.939
 59.55  -8.938
 59.65  -8.938
 59.75  -8.938
 59.85  -8.938
 59.95  -8.938
 60.05  -8.938
 60.14  -8.938
 60.24  -8.938
 60.34  -8.938
 60.44  -8.937
 60.54  -8.937
 60.63  -8.937
 60.73  -8.937
 60.83  -8.937
 60.92  -8.937
 61.02  -8.937
 61.12  -8.937
 61.22  -8.937
 61.32  -8.936
 61.42  -8.936
 61.51  -8.936
 61.61  -8.936
 61.71  -8.936
 61.81  -8.936
 61.91  -8.936
 62.00  -8.935
 62.10  -8.935
 62.20  -8.935
 62.30  -8.935
 62.40  -8.935
 62.49  -8.935
 62.59  -8.934
 62.69  -8.934
 62.79  -8.934
 62.89  -8.934
 62.98  -8.934
 63.08  -8.934
 63.18  -8.933
 63.29  -8.933
 63.38  -8.933
 63.47  -8.933
 63.57  -8.933
 63.67  -8.932
 63.77  -8.932
 63.87  -8.932
 63.97  -8.932
 64.07  -8.932
 64.16  -8.931
 64.26  -8.931
 64.36  -8.931
 64.46  -8.931
 64.55  -8.931
 64.65  -8.930
 64.75  -8.930
 64.85  -8.930
 64.94  -8.930
 65.04  -8.929
 65.14  -8.929
 65.24  -8.929
 65.34  -8.929
 65.44  -8.928
 65.54  -8.928
 65.63  -8.928
 65.72  -8.927
 65.82  -8.927
 65.92  -8.927
 66.02  -8.926
 66.12  -8.926
 66.22  -8.926
 66.32  -8.925
 66.42  -8.925
 66.51  -8.925
 66.61  -8.924
 66.71  -8.924
 66.81  -8.924
 66.90  -8.923
 67.00  -8.923
 67.10  -8.922
 67.20  -8.922
 67.29  -8.922
 67.39  -8.921
 67.49  -8.921
 67.59  -8.921
 67.69  -8.920
 67.79  -8.920
 67.88  -8.919
 67.98  -8.919
 68.07  -8.919
 68.17  -8.918
 68.27  -8.918
 68.37  -8.917
 68.47  -8.917
 68.57  -8.916
 68.66  -8.916
 68.76  -8.916
 68.86  -8.915
 68.95  -8.915
 69.05  -8.914
 69.15  -8.914
 69.25  -8.914
 69.35  -8.913
 69.45  -8.913
 69.55  -8.912
 69.64  -8.912
 69.73  -8.912
 69.83  -8.911
 69.93  -8.911
 70.02  -8.910
 70.12  -8.910
 70.21  -8.909
 70.31  -8.909
 70.40  -8.908
 70.50  -8.908
 70.59  -8.908
 70.69  -8.907
 70.79  -8.907
 70.88  -8.906
 70.98  -8.906
 71.08  -8.905
 71.17  -8.905
 71.26  -8.904
 71.36  -8.904
 71.46  -8.903
 71.55  -8.903
 71.65  -8.902
 71.75  -8.902
 71.84  -8.901
 71.93  -8.901
 72.03  -8.900
 72.13  -8.900
 72.22  -8.899
 72.32  -8.898
 72.41  -8.898
 72.51  -8.897
 72.61  -8.897
 72.70  -8.896
 72.79  -8.895
 72.89  -8.895
 72.99  -8.894
 73.08  -8.894
 73.18  -8.893
 73.28  -8.892
 73.37  -8.892
 73.47  -8.891
 73.56  -8.891
 73.66  -8.890
 73.75  -8.889
 73.85  -8.889
 73.95  -8.888
 74.04  -8.887
 74.14  -8.887
 74.23  -8.886
 74.33  -8.886
 74.43  -8.885
 74.52  -8.884
 74.62  -8.884
 74.71  -8.883
 74.81  -8.883
 74.91  -8.882
 75.00  -8.881
 75.10  -8.881
 75.19  -8.880
 75.29  -8.880
 75.39  -8.879
 75.48  -8.879
 75.58  -8.878
 75.68  -8.878
 75.87  -8.877
 75.96  -8.876
 76.06  -8.876
 76.15  -8.875
 76.25  -8.875
 76.35  -8.874
 76.44  -8.873
 76.54  -8.873
 76.64  -8.872
 76.73  -8.872
 76.82  -8.871
 76.92  -8.870
 77.02  -8.870
 77.11  -8.869
 77.21  -8.869
 77.31  -8.868
 77.40  -8.867
 77.50  -8.866
 77.60  -8.866
 77.69  -8.865
 77.78  -8.864
 77.88  -8.864
 77.98  -8.863
 78.07  -8.862
 78.17  -8.861
 78.27  -8.860
 78.37  -8.860
 78.46  -8.859
 78.55  -8.858
 78.65  -8.857
 78.74  -8.856
 78.84  -8.855
 78.94  -8.854
 79.03  -8.853
 79.13  -8.853
 79.22  -8.852
 79.32  -8.851
 79.41  -8.850
 79.51  -8.849
 79.61  -8.848
 79.71  -8.847
 79.80  -8.846
 79.89  -8.845
 79.98  -8.844
 80.08  -8.843
 80.18  -8.842
 80.28  -8.841
 80.38  -8.840
 80.47  -8.839
 80.56  -8.839
 80.66  -8.838
 80.75  -8.837
 80.85  -8.836
 80.94  -8.835
 81.04  -8.834
 81.14  -8.833
 81.23  -8.832
 81.33  -8.831
 81.43  -8.830
 81.52  -8.829
 81.61  -8.828
 81.71  -8.828
 81.81  -8.827
 81.91  -8.826
 82.00  -8.825
 82.10  -8.824
 82.19  -8.823
 82.29  -8.822
 82.39  -8.821
 82.48  -8.820
 82.57  -8.820
 82.67  -8.819
 82.77  -8.818
 82.86  -8.817
 82.96  -8.816
 83.06  -8.815
 83.16  -8.814
 83.25  -8.813
 83.34  -8.812
 83.44  -8.811
 83.54  -8.810
 83.63  -8.809
 83.73  -8.808
 83.82  -8.807
 83.92  -8.806
 84.02  -8.805
 84.11  -8.804
 84.21  -8.803
 84.30  -8.802
 84.40  -8.801
 84.50  -8.800
 84.59  -8.799
 84.69  -8.798
 84.78  -8.797
 84.87  -8.796
 84.97  -8.795
 85.07  -8.794
 85.16  -8.793
 85.26  -8.792
 85.36  -8.791
 85.45  -8.790
 85.55  -8.789
 85.64  -8.788
 85.74  -8.787
 85.84  -8.786
 85.93  -8.785
 86.03  -8.783
 86.13  -8.782
 86.22  -8.781
 86.32  -8.780
 86.41  -8.779
 86.51  -8.778
 86.60  -8.777
 86.70  -8.776
 86.80  -8.775
 86.90  -8.774
 86.99  -8.773
 87.09  -8.772
 87.18  -8.771
 87.27  -8.770
 87.37  -8.769
 87.47  -8.768
 87.56  -8.767
 87.66  -8.766
 87.76  -8.765
 87.85  -8.764
 87.95  -8.763
 88.05  -8.762
 88.14  -8.761
 88.23  -8.760
 88.33  -8.758
 88.43  -8.757
 88.52  -8.756
 88.62  -8.755
 88.72  -8.754
 88.81  -8.753
 88.91  -8.752
 89.00  -8.751
 89.10  -8.750
 89.19  -8.749
 89.28  -8.748
 89.38  -8.747
 89.48  -8.745
 89.58  -8.744
 89.68  -8.743
 89.77  -8.742
 89.86  -8.741
 89.95  -8.739
 90.05  -8.738
 90.15  -8.737
 90.25  -8.736
 90.34  -8.734
 90.44  -8.733
 90.54  -8.732
 90.63  -8.730
 90.73  -8.729
 90.82  -8.728
 90.91  -8.726
 91.01  -8.725
 91.11  -8.723
 91.21  -8.722
 91.30  -8.721
 91.40  -8.719
 91.50  -8.718
 91.59  -8.716
 91.68  -8.715
 91.78  -8.713
 91.88  -8.712
 91.97  -8.710
 92.07  -8.709
 92.17  -8.707
 92.27  -8.706
 92.36  -8.704
 92.45  -8.703
 92.55  -8.701
 92.64  -8.700
 92.74  -8.698
 92.84  -8.697
 92.93  -8.695
 93.03  -8.694
 93.13  -8.692
 93.22  -8.691
 93.32  -8.689
 93.41  -8.688
 93.51  -8.686
 93.61  -8.685
 93.70  -8.683
 93.80  -8.682
 93.90  -8.680
 93.99  -8.678
 94.09  -8.677
 94.18  -8.675
 94.27  -8.674
 94.37  -8.672
 94.47  -8.671
 94.57  -8.669
 94.66  -8.668
 94.76  -8.666
 94.86  -8.664
 94.95  -8.663
 95.04  -8.661
 95.14  -8.660
 95.24  -8.658
 95.33  -8.656
 95.43  -8.655
 95.52  -8.653
 95.62  -8.651
 95.72  -8.650
 95.81  -8.648
 95.91  -8.646
 96.01  -8.645
 96.10  -8.643
 96.20  -8.641
 96.30  -8.640
 96.39  -8.638
 96.49  -8.636
 96.58  -8.634
 96.68  -8.633
 96.77  -8.631
 96.87  -8.629
 96.96  -8.627
 97.06  -8.625
 97.16  -8.624
 97.26  -8.622
 97.36  -8.620
 97.45  -8.618
 97.55  -8.616
 97.64  -8.614
 97.73  -8.612
 97.83  -8.610
 97.93  -8.609
 98.03  -8.607
 98.13  -8.605
 98.22  -8.603
 98.32  -8.601
 98.41  -8.599
 98.50  -8.597
 98.60  -8.595
 98.70  -8.593
 98.80  -8.591
 98.90  -8.590
 98.99  -8.588
 99.09  -8.586
 99.18  -8.584
 99.27  -8.582
 99.37  -8.580
 99.47  -8.578
 99.56  -8.576
 99.66  -8.574
 99.76  -8.572
 99.85  -8.570
 99.95  -8.568
100.05  -8.566
100.15  -8.565
100.24  -8.563
100.33  -8.561
100.43  -8.559
100.53  -8.557
100.62  -8.555
100.72  -8.553
100.82  -8.551
100.91  -8.549
101.01  -8.547
101.11  -8.545
101.20  -8.543
101.29  -8.541
101.39  -8.539
101.49  -8.537
101.59  -8.535
101.69  -8.533
101.78  -8.531
101.87  -8.529
101.96  -8.527
102.06  -8.525
102.16  -8.523
102.26  -8.521
102.36  -8.518
102.45  -8.516
102.55  -8.514
102.65  -8.512
102.74  -8.510
102.84  -8.507
102.93  -8.505
103.03  -8.503
103.12  -8.501
103.22  -8.498
103.32  -8.496
103.41  -8.493
103.51  -8.491
103.61  -8.489
103.71  -8.486
103.80  -8.484
103.90  -8.481
103.99  -8.479
104.09  -8.477
104.18  -8.474
104.28  -8.472
104.38  -8.469
104.48  -8.467
104.57  -8.465
104.67  -8.462
104.76  -8.460
104.85  -8.458
104.95  -8.455
105.05  -8.453
105.15  -8.451
105.24  -8.448
105.34  -8.446
105.44  -8.444
105.53  -8.441
105.63  -8.439
105.73  -8.437
105.82  -8.435
105.91  -8.432
106.01  -8.430
106.11  -8.428
106.20  -8.426
106.30  -8.424
106.40  -8.422
106.50  -8.419
106.60  -8.417
106.69  -8.415
106.79  -8.413
106.88  -8.411
106.97  -8.409
107.07  -8.407
107.17  -8.404
107.26  -8.402
107.36  -8.400
107.46  -8.398
107.55  -8.396
107.65  -8.393
107.75  -8.391
107.84  -8.389
107.93  -8.386
108.03  -8.384
108.13  -8.382
108.22  -8.379
108.32  -8.377
108.42  -8.375
108.51  -8.372
108.61  -8.370
108.70  -8.367
108.79  -8.365
108.88  -8.362
108.97  -8.360
109.07  -8.357
109.16  -8.355
109.26  -8.352
109.35  -8.350
109.45  -8.347
109.54  -8.345
109.64  -8.342
109.73  -8.339
109.82  -8.337
109.91  -8.334
110.01  -8.332
110.10  -8.329
110.20  -8.326
110.29  -8.324
110.39  -8.321
110.48  -8.319
110.58  -8.316
110.67  -8.313
110.76  -8.311
110.85  -8.308
110.94  -8.306
111.04  -8.303
111.13  -8.301
111.23  -8.298
111.32  -8.296
111.42  -8.293
111.51  -8.290
111.61  -8.288
111.70  -8.285
111.79  -8.283
111.89  -8.280
111.98  -8.278
112.07  -8.275
112.17  -8.273
112.26  -8.270
112.36  -8.268
112.45  -8.265
112.54  -8.262
112.64  -8.260
112.74  -8.257
112.83  -8.255
112.92  -8.253
113.01  -8.250
113.10  -8.248
113.20  -8.245
113.30  -8.243
113.39  -8.240
113.48  -8.238
113.58  -8.235
113.67  -8.233
113.77  -8.231
113.86  -8.228
113.96  -8.226
114.05  -8.224
114.14  -8.221
114.23  -8.219
114.33  -8.217
114.42  -8.214
114.52  -8.212
114.61  -8.210
114.71  -8.207
114.80  -8.205
114.90  -8.203
114.99  -8.201
115.08  -8.199
115.17  -8.197
115.26  -8.195
115.36  -8.193
115.45  -8.191
115.55  -8.189
115.64  -8.187
115.74  -8.185
115.83  -8.183
115.92  -8.181
116.02  -8.179
116.12  -8.177
116.21  -8.175
116.29  -8.173
116.39  -8.171
116.48  -8.169
116.58  -8.167
116.67  -8.165
116.77  -8.163
116.86  -8.161
116.96  -8.159
117.05  -8.157
117.14  -8.155
117.23  -8.152
117.33  -8.150
117.42  -8.148
117.52  -8.146
117.61  -8.143
117.70  -8.141
117.80  -8.139
117.89  -8.136
117.99  -8.134
118.08  -8.131
118.18  -8.129
118.27  -8.126
118.36  -8.123
118.45  -8.121
118.54  -8.118
118.64  -8.115
118.74  -8.113
118.83  -8.110
118.93  -8.107
119.02  -8.105
119.11  -8.102
119.21  -8.099
119.30  -8.096
119.40  -8.094
119.49  -8.091
119.58  -8.089
119.67  -8.086
119.76  -8.083
119.86  -8.081
119.95  -8.078
120.05  -8.076
120.14  -8.073
120.24  -8.071
120.33  -8.069
120.52  -8.064
120.61  -8.061
120.71  -8.059
120.79  -8.056
120.89  -8.054
120.99  -8.052
121.08  -8.049
121.17  -8.047
121.27  -8.044
121.36  -8.042
121.46  -8.040
121.55  -8.037
121.65  -8.035
121.74  -8.033
121.83  -8.030
121.92  -8.028
122.01  -8.026
122.11  -8.023
122.20  -8.021
122.30  -8.019
122.40  -8.017
122.49  -8.015
122.58  -8.013
122.68  -8.011
122.77  -8.010
122.87  -8.008
122.96  -8.006
123.05  -8.004
123.14  -8.002
123.23  -8.001
123.33  -7.999
123.42  -7.997
123.52  -7.995
123.61  -7.993
123.71  -7.991
123.80  -7.989
123.90  -7.987
123.99  -7.985
124.07  -7.982
124.17  -7.979
124.26  -7.977
124.36  -7.974
124.45  -7.971
124.55  -7.968
124.64  -7.966
124.74  -7.963
124.83  -7.960
124.93  -7.957
125.02  -7.954
125.12  -7.951
125.21  -7.948
125.29  -7.945
125.39  -7.943
125.48  -7.940
125.58  -7.937
125.67  -7.934
125.77  -7.932
125.86  -7.929
125.95  -7.927
126.05  -7.924
126.14  -7.922
126.24  -7.919
126.33  -7.916
126.42  -7.914
126.51  -7.911
126.61  -7.909
126.70  -7.906
126.80  -7.904
126.89  -7.901
126.99  -7.899
127.08  -7.896
127.18  -7.894
127.27  -7.891
127.36  -7.889
127.45  -7.886
127.54  -7.884
127.64  -7.881
127.73  -7.879
127.83  -7.876
127.92  -7.874
128.02  -7.871
128.11  -7.869
128.20  -7.867
128.30  -7.864
128.40  -7.862
128.49  -7.859
128.58  -7.857
128.67  -7.854
128.76  -7.852
128.86  -7.849
128.95  -7.847
129.05  -7.845
129.14  -7.842
129.24  -7.840
129.33  -7.837
129.42  -7.835
129.52  -7.832
129.61  -7.830
129.70  -7.828
129.80  -7.825
129.89  -7.823
129.99  -7.821
130.08  -7.819
130.17  -7.816
130.27  -7.814
130.36  -7.812
130.46  -7.810
130.55  -7.808
130.65  -7.806
130.74  -7.804
130.83  -7.801
130.92  -7.799
131.01  -7.797
131.11  -7.795
131.21  -7.793
131.30  -7.791
131.40  -7.789
131.49  -7.786
131.58  -7.784
131.68  -7.782
131.77  -7.780
131.86  -7.777
131.95  -7.775
132.05  -7.773
132.14  -7.771
132.24  -7.768
132.33  -7.766
132.43  -7.764
132.52  -7.761
132.61  -7.759
132.71  -7.757
132.81  -7.754
132.90  -7.752
132.99  -7.750
133.08  -7.747
133.17  -7.745
133.27  -7.743
133.36  -7.740
133.46  -7.738
133.55  -7.735
133.65  -7.733
133.74  -7.731
133.84  -7.728
133.93  -7.726
134.03  -7.723
134.12  -7.721
134.21  -7.719
134.30  -7.716
134.40  -7.714
134.49  -7.711
134.59  -7.709
134.68  -7.706
134.78  -7.704
134.87  -7.702
134.96  -7.699
135.06  -7.697
135.15  -7.694
135.24  -7.692
135.33  -7.690
135.43  -7.687
135.52  -7.685
135.61  -7.683
135.71  -7.680
135.80  -7.678
135.90  -7.675
136.00  -7.673
136.09  -7.671
136.18  -7.668
136.28  -7.666
136.37  -7.664
136.46  -7.662
136.55  -7.659
136.65  -7.657
136.74  -7.655
136.84  -7.652
136.93  -7.650
137.02  -7.648
137.12  -7.646
137.21  -7.643
137.31  -7.641
137.40  -7.639
137.49  -7.636
137.59  -7.634
137.68  -7.632
137.77  -7.629
137.87  -7.627
137.96  -7.625
138.06  -7.622
138.15  -7.620
138.25  -7.618
138.34  -7.615
138.44  -7.613
138.53  -7.611
138.62  -7.608
138.71  -7.606
138.81  -7.604
138.90  -7.601
139.00  -7.599
139.09  -7.596
139.19  -7.594
139.28  -7.592
139.38  -7.589
139.47  -7.587
139.56  -7.584
139.65  -7.582
139.75  -7.580
139.84  -7.577
139.94  -7.575
140.03  -7.572
140.13  -7.570
140.22  -7.568
140.31  -7.565
140.41  -7.563
140.50  -7.560
140.60  -7.558
140.69  -7.555
140.78  -7.553
140.88  -7.550
140.98  -7.548
141.06  -7.545
141.16  -7.543
141.25  -7.540
141.35  -7.538
141.44  -7.535
141.54  -7.533
141.63  -7.530
141.73  -7.528
141.82  -7.525
141.91  -7.523
142.00  -7.520
142.10  -7.518
142.19  -7.515
142.29  -7.513
142.38  -7.510
142.47  -7.508
142.57  -7.505
142.66  -7.503
142.76  -7.500
142.85  -7.497
142.95  -7.495
143.04  -7.492
143.13  -7.490
143.22  -7.487
143.32  -7.485
143.41  -7.482
143.50  -7.480
143.60  -7.477
143.69  -7.475
143.79  -7.472
143.88  -7.470
143.98  -7.467
144.07  -7.465
144.17  -7.462
144.26  -7.460
144.35  -7.457
144.44  -7.455
144.54  -7.452
144.63  -7.450
144.72  -7.447
144.82  -7.445
144.91  -7.442
145.01  -7.440
145.10  -7.437
145.20  -7.435
145.29  -7.432
145.38  -7.430
145.48  -7.427
145.57  -7.425
145.66  -7.422
145.76  -7.420
145.85  -7.417
145.94  -7.415
146.04  -7.412
146.13  -7.410
146.22  -7.407
146.32  -7.405
146.40  -7.402
146.49  -7.400
146.58  -7.397
146.67  -7.395
146.77  -7.392
146.86  -7.390
146.95  -7.387
147.04  -7.385
147.13  -7.383
147.23  -7.380
147.32  -7.378
147.41  -7.375
147.50  -7.373
147.58  -7.370
147.68  -7.368
147.77  -7.366
147.86  -7.363
147.95  -7.361
148.04  -7.358
148.14  -7.356
148.23  -7.354
148.32  -7.352
148.41  -7.349
148.51  -7.347
148.60  -7.345
148.69  -7.342
148.77  -7.340
148.87  -7.338
148.96  -7.335
149.05  -7.333
149.14  -7.331
149.24  -7.328
149.33  -7.326
149.42  -7.323
149.51  -7.321
149.60  -7.319
149.69  -7.316
149.79  -7.314
149.88  -7.311
149.96  -7.309
150.06  -7.306
150.15  -7.304
150.24  -7.301
150.34  -7.299
150.43  -7.296
150.52  -7.293
150.61  -7.291
150.70  -7.288
150.79  -7.285
150.89  -7.282
150.97  -7.280
151.07  -7.277
151.16  -7.274
151.25  -7.271
151.34  -7.268
151.43  -7.265
151.53  -7.262
151.62  -7.259
151.71  -7.256
151.81  -7.253
151.89  -7.250
151.98  -7.247
152.07  -7.244
152.16  -7.240
152.26  -7.237
152.35  -7.234
152.44  -7.231
152.53  -7.228
152.63  -7.225
152.72  -7.222
152.81  -7.219
152.91  -7.216
153.00  -7.213
153.09  -7.209
153.17  -7.206
153.26  -7.203
153.36  -7.200
153.45  -7.197
153.54  -7.194
153.64  -7.191
153.73  -7.187
153.82  -7.185
153.91  -7.182
154.00  -7.179
154.09  -7.176
154.18  -7.173
154.28  -7.170
154.37  -7.167
154.46  -7.165
154.55  -7.162
154.64  -7.159
154.73  -7.156
154.83  -7.153
154.92  -7.150
155.01  -7.147
155.11  -7.144
155.20  -7.140
155.29  -7.137
155.38  -7.133
155.47  -7.130
155.56  -7.126
155.65  -7.122
155.74  -7.118
155.83  -7.114
155.93  -7.111
156.02  -7.107
156.11  -7.103
156.21  -7.099
156.30  -7.095
156.38  -7.091
156.47  -7.087
156.56  -7.083
156.66  -7.080
156.75  -7.076
156.84  -7.073
156.93  -7.070
157.03  -7.066
157.12  -7.063
157.21  -7.060
157.30  -7.057
157.39  -7.054
157.48  -7.050
157.58  -7.047
157.66  -7.044
157.76  -7.041
157.85  -7.038
157.94  -7.035
158.03  -7.032
158.12  -7.029
158.22  -7.025
158.31  -7.022
158.40  -7.019
158.49  -7.015
158.59  -7.012
158.68  -7.009
158.76  -7.005
158.85  -7.002
158.95  -6.999
159.04  -6.995
159.13  -6.992
159.23  -6.989
159.32  -6.986
159.41  -6.983
159.50  -6.979
159.59  -6.976
159.68  -6.973
159.78  -6.971
159.87  -6.968
159.96  -6.965
160.05  -6.962
160.14  -6.960
160.23  -6.957
160.33  -6.954
160.42  -6.952
160.51  -6.949
160.60  -6.946
160.69  -6.944
160.78  -6.941
160.87  -6.938
160.96  -6.936
161.05  -6.933
161.15  -6.930
161.24  -6.928
161.33  -6.925
161.42  -6.923
161.52  -6.920
161.61  -6.917
161.70  -6.915
161.79  -6.912
161.88  -6.909
161.97  -6.907
162.06  -6.904
162.15  -6.901
162.25  -6.898
162.34  -6.896
162.43  -6.893
162.52  -6.890
162.61  -6.887
162.71  -6.884
162.80  -6.881
162.89  -6.878
162.98  -6.875
163.08  -6.872
163.16  -6.869
163.25  -6.866
163.35  -6.863
163.44  -6.860
163.53  -6.857
163.62  -6.854
163.71  -6.851
163.81  -6.848
163.90  -6.844
163.99  -6.841
164.08  -6.838
164.17  -6.835
164.26  -6.832
164.35  -6.828
164.44  -6.825
164.54  -6.822
164.63  -6.819
164.72  -6.816
164.81  -6.812
164.90  -6.809
165.00  -6.806
165.09  -6.803
165.18  -6.800
165.27  -6.796
165.36  -6.793
165.46  -6.790
165.54  -6.787
165.63  -6.783
165.73  -6.780
165.82  -6.777
165.91  -6.774
166.00  -6.771
166.10  -6.768
166.19  -6.764
166.28  -6.761
166.37  -6.758
166.46  -6.755
166.55  -6.752
166.64  -6.749
166.73  -6.746
166.83  -6.742
166.92  -6.739
167.01  -6.736
167.10  -6.733
167.19  -6.730
167.28  -6.727
167.38  -6.723
167.47  -6.720
167.55  -6.717
167.64  -6.714
167.74  -6.711
167.83  -6.707
167.92  -6.704
168.01  -6.701
168.11  -6.698
168.20  -6.695
168.29  -6.692
168.38  -6.689
168.48  -6.686
168.57  -6.683
168.66  -6.680
168.74  -6.677
168.84  -6.674
168.93  -6.671
169.02  -6.669
169.11  -6.666
169.21  -6.663
169.30  -6.660
169.39  -6.657
169.48  -6.654
169.57  -6.652
169.66  -6.649
169.76  -6.646
169.85  -6.643
169.94  -6.640
170.03  -6.637
170.12  -6.634
170.21  -6.631
170.31  -6.628
170.40  -6.625
170.49  -6.622
170.58  -6.619
170.68  -6.615
170.77  -6.612
170.85  -6.609
170.95  -6.606
171.04  -6.603
171.13  -6.600
171.22  -6.596
171.31  -6.593
171.41  -6.590
171.50  -6.586
171.59  -6.583
171.68  -6.579
171.77  -6.576
171.87  -6.572
171.95  -6.569
172.04  -6.565
172.14  -6.561
172.23  -6.558
172.32  -6.554
172.41  -6.551
172.51  -6.547
172.60  -6.544
172.69  -6.540
172.78  -6.536
172.87  -6.533
172.96  -6.529
173.06  -6.526
173.14  -6.522
173.24  -6.519
173.33  -6.515
173.42  -6.512
173.51  -6.508
173.61  -6.505
173.70  -6.501
173.79  -6.498
173.88  -6.494
173.97  -6.491
174.07  -6.487
174.16  -6.484
174.24  -6.481
174.34  -6.477
174.43  -6.474
174.52  -6.470
174.61  -6.467
174.71  -6.464
174.80  -6.460
174.89  -6.457
174.98  -6.454
175.07  -6.451
175.16  -6.447
175.25  -6.444
175.35  -6.441
175.44  -6.437
175.53  -6.434
175.62  -6.431
175.71  -6.428
175.81  -6.424
175.90  -6.421
175.99  -6.418
176.08  -6.415
176.18  -6.411
176.27  -6.408
176.35  -6.405
176.45  -6.402
176.54  -6.398
176.63  -6.395
176.72  -6.392
176.81  -6.389
176.91  -6.385
177.00  -6.382
177.09  -6.379
177.18  -6.376
177.28  -6.372
177.37  -6.369
177.45  -6.366
177.55  -6.363
177.64  -6.359
177.73  -6.356
177.83  -6.353
177.92  -6.350
178.01  -6.346
178.10  -6.343
178.19  -6.340
178.29  -6.337
178.38  -6.334
178.47  -6.330
178.57  -6.327
178.65  -6.324
178.74  -6.321
178.83  -6.318
178.93  -6.314
179.02  -6.311
179.11  -6.308
179.20  -6.305
179.29  -6.302
179.39  -6.299
179.48  -6.296
179.57  -6.293
179.67  -6.290
179.75  -6.287
179.84  -6.283
179.94  -6.280
180.03  -6.277
180.12  -6.275
180.22  -6.272
180.31  -6.269
180.40  -6.266
180.49  -6.263
180.58  -6.260
180.68  -6.257
180.76  -6.255
180.85  -6.252
180.95  -6.249
181.04  -6.246
181.13  -6.244
181.23  -6.241
181.32  -6.238
181.41  -6.235
181.50  -6.233
181.59  -6.230
181.68  -6.227
181.78  -6.224
181.86  -6.221
181.96  -6.219
182.05  -6.216
182.14  -6.213
182.23  -6.210
182.32  -6.207
182.42  -6.204
182.51  -6.202
182.60  -6.199
182.69  -6.196
182.78  -6.193
182.88  -6.190
182.97  -6.187
183.05  -6.184
183.14  -6.181
183.23  -6.179
183.32  -6.176
183.41  -6.173
183.50  -6.170
183.59  -6.167
183.68  -6.164
183.77  -6.161
183.86  -6.158
183.95  -6.156
184.04  -6.153
184.12  -6.150
184.21  -6.147
184.30  -6.144
184.39  -6.141
184.48  -6.138
184.57  -6.134
184.66  -6.131
184.75  -6.128
184.84  -6.124
184.93  -6.121
185.01  -6.118
185.10  -6.114
185.20  -6.111
185.29  -6.107
185.37  -6.104
185.47  -6.101
185.55  -6.097
185.65  -6.094
185.74  -6.091
185.83  -6.088
185.92  -6.085
186.00  -6.082
186.09  -6.079
186.18  -6.077
186.27  -6.074
186.36  -6.072
186.45  -6.069
186.54  -6.067
186.63  -6.064
186.72  -6.062
186.81  -6.060
186.90  -6.057
186.99  -6.055
187.08  -6.053
187.17  -6.050
187.26  -6.048
187.34  -6.045
187.43  -6.043
187.52  -6.040
187.61  -6.037
187.70  -6.035
187.79  -6.032
187.88  -6.029
187.97  -6.027
188.06  -6.024
188.15  -6.021
188.24  -6.018
188.33  -6.016
188.41  -6.013
188.50  -6.010
188.59  -6.008
188.68  -6.005
188.77  -6.003
188.86  -6.000
188.95  -5.998
189.04  -5.995
189.13  -5.993
189.22  -5.990
189.30  -5.988
189.39  -5.985
189.48  -5.983
189.57  -5.981
189.67  -5.978
189.76  -5.976
189.85  -5.973
189.93  -5.971
190.02  -5.969
190.11  -5.966
190.20  -5.964
190.29  -5.961
190.38  -5.959
190.47  -5.957
190.56  -5.954
190.65  -5.952
190.74  -5.950
190.83  -5.947
190.92  -5.945
191.01  -5.943
191.10  -5.940
191.19  -5.938
191.28  -5.935
191.37  -5.933
191.46  -5.930
191.54  -5.928
191.63  -5.925
191.72  -5.922
191.81  -5.919
191.90  -5.916
191.99  -5.913
192.08  -5.910
192.17  -5.907
192.26  -5.904
192.35  -5.901
192.44  -5.898
192.53  -5.895
192.61  -5.892
192.70  -5.889
192.79  -5.886
192.88  -5.883
192.97  -5.880
193.06  -5.877
193.15  -5.875
193.24  -5.872
193.33  -5.870
193.42  -5.867
193.50  -5.865
193.59  -5.862
193.68  -5.860
193.77  -5.858
193.86  -5.855
193.95  -5.853
194.04  -5.851
194.13  -5.848
194.22  -5.846
194.31  -5.844
194.40  -5.841
194.49  -5.839
194.58  -5.837
194.66  -5.834
194.75  -5.832
194.84  -5.830
194.93  -5.827
195.02  -5.825
195.11  -5.822
195.20  -5.820
195.29  -5.818
195.38  -5.815
195.47  -5.813
195.56  -5.810
195.65  -5.808
195.73  -5.805
195.82  -5.802
195.91  -5.799
196.00  -5.796
196.09  -5.793
196.18  -5.790
196.27  -5.786
196.36  -5.783
196.45  -5.779
196.54  -5.776
196.63  -5.772
196.72  -5.769
196.81  -5.765
196.90  -5.761
196.99  -5.758
197.08  -5.754
197.16  -5.751
197.25  -5.748
197.35  -5.744
197.43  -5.741
197.52  -5.738
197.61  -5.735
197.70  -5.733
197.79  -5.730
197.88  -5.727
197.97  -5.725
198.06  -5.722
198.15  -5.719
198.24  -5.717
198.33  -5.714
198.42  -5.711
198.51  -5.709
198.60  -5.706
198.69  -5.704
198.77  -5.701
198.86  -5.698
198.95  -5.695
199.04  -5.692
199.13  -5.689
199.22  -5.686
199.30  -5.683
199.40  -5.680
199.49  -5.677
199.58  -5.674
199.67  -5.671
199.75  -5.668
199.84  -5.666
199.93  -5.663
200.02  -5.660
200.11  -5.657
200.20  -5.654
200.29  -5.651
200.38  -5.649
200.47  -5.646
200.55  -5.643
200.64  -5.641
200.74  -5.638
200.83  -5.635
200.91  -5.633
201.00  -5.630
201.09  -5.628
201.18  -5.625
201.27  -5.622
201.36  -5.620
201.45  -5.617
201.54  -5.614
201.63  -5.612
201.72  -5.609
201.81  -5.606
201.90  -5.604
201.98  -5.601
202.07  -5.598
202.16  -5.596
202.25  -5.593
202.34  -5.590
202.43  -5.588
202.52  -5.585
202.61  -5.582
202.70  -5.579
202.79  -5.576
202.88  -5.574
202.96  -5.571
203.05  -5.568
203.14  -5.565
203.23  -5.562
203.32  -5.559
203.41  -5.556
203.51  -5.553
203.59  -5.550
203.68  -5.547
203.77  -5.544
203.86  -5.541
203.95  -5.538
204.04  -5.535
204.13  -5.532
204.22  -5.529
204.31  -5.525
204.39  -5.522
204.49  -5.519
204.57  -5.516
204.67  -5.514
204.75  -5.511
204.85  -5.508
204.94  -5.505
205.03  -5.502
205.11  -5.499
205.20  -5.496
205.29  -5.493
205.38  -5.490
205.47  -5.488
205.56  -5.485
205.65  -5.482
205.74  -5.479
205.83  -5.476
205.92  -5.473
206.01  -5.470
206.10  -5.468
206.18  -5.465
206.27  -5.462
206.36  -5.459
206.45  -5.456
206.54  -5.453
206.63  -5.450
206.72  -5.448
206.81  -5.445
206.90  -5.442
206.99  -5.439
207.07  -5.436
207.16  -5.433
207.25  -5.430
207.34  -5.428
207.43  -5.425
207.52  -5.422
207.61  -5.419
207.70  -5.416
207.79  -5.413
207.88  -5.410
207.97  -5.407
208.06  -5.404
208.13  -5.401
