  
  DOI/GTN-P Deep Borehole Array, Arctic Alaska 
             U.S. Geological Survey 
            Processed Temperature Log 
                    28-Aug-2013 
________________________________________________ 
  
Temperature Log Information: 
  Well name:   Tulageak 
  File name:   TUL_07AUG11_c_d 
  Log date:    11-AUG-2007 
  
Contact Information: 
  Gary Clow 
  U.S. Geological Survey 
  clow@usgs.gov 
  
Definitions: 
  Depth:        Depth below local ground surface (m) 
  Temperature:  ITS-90 temperature (°C) 
________________________________________________ 
             
 Depth  Temperature 
  3.62  -6.047
  3.64  -6.050
  3.68  -6.054
  3.73  -6.059
  3.78  -6.066
  3.84  -6.075
  3.90  -6.084
  3.95  -6.095
  4.01  -6.105
  4.12  -6.128
  4.18  -6.139
  4.23  -6.151
  4.29  -6.162
  4.35  -6.174
  4.40  -6.185
  4.46  -6.195
  4.51  -6.206
  4.57  -6.216
  4.63  -6.225
  4.68  -6.233
  4.74  -6.240
  4.79  -6.247
  4.85  -6.253
  4.91  -6.260
  4.96  -6.265
  5.01  -6.271
  5.07  -6.276
  5.12  -6.281
  5.18  -6.286
  5.24  -6.291
  5.29  -6.296
  5.35  -6.300
  5.41  -6.304
  5.46  -6.308
  5.52  -6.311
  5.58  -6.314
  5.63  -6.317
  5.69  -6.320
  5.75  -6.322
  5.80  -6.324
  5.86  -6.326
  5.91  -6.328
  5.97  -6.329
  6.02  -6.330
  6.07  -6.331
  6.13  -6.332
  6.19  -6.333
  6.24  -6.334
  6.30  -6.334
  6.36  -6.335
  6.41  -6.336
  6.47  -6.337
  6.53  -6.338
  6.58  -6.340
  6.64  -6.341
  6.70  -6.342
  6.75  -6.344
  6.81  -6.345
  6.87  -6.346
  6.92  -6.347
  6.98  -6.348
  7.04  -6.348
  7.09  -6.349
  7.14  -6.349
  7.20  -6.349
  7.25  -6.349
  7.31  -6.350
  7.37  -6.350
  7.42  -6.350
  7.48  -6.350
  7.53  -6.350
  7.59  -6.350
  7.65  -6.350
  7.70  -6.349
  7.76  -6.349
  7.82  -6.349
  7.87  -6.349
  7.93  -6.348
  7.99  -6.348
  8.04  -6.347
  8.10  -6.347
  8.16  -6.346
  8.21  -6.345
  8.27  -6.345
  8.33  -6.344
  8.38  -6.344
  8.43  -6.343
  8.48  -6.342
  8.54  -6.341
  8.60  -6.341
  8.65  -6.340
  8.71  -6.339
  8.77  -6.338
  8.82  -6.338
  8.88  -6.337
  8.94  -6.336
  8.99  -6.336
  9.05  -6.335
  9.11  -6.334
  9.17  -6.334
  9.22  -6.334
  9.28  -6.333
  9.34  -6.333
  9.39  -6.333
  9.45  -6.332
  9.50  -6.332
  9.56  -6.332
  9.61  -6.332
  9.66  -6.332
  9.72  -6.331
  9.78  -6.331
  9.83  -6.331
  9.89  -6.331
  9.95  -6.331
 10.00  -6.331
 10.06  -6.330
 10.12  -6.330
 10.17  -6.330
 10.23  -6.329
 10.29  -6.329
 10.34  -6.329
 10.40  -6.329
 10.46  -6.328
 10.51  -6.328
 10.57  -6.328
 10.63  -6.327
 10.68  -6.327
 10.74  -6.327
 10.80  -6.326
 10.84  -6.326
 10.90  -6.326
 10.96  -6.326
 11.01  -6.326
 11.07  -6.325
 11.12  -6.325
 11.18  -6.325
 11.24  -6.325
 11.30  -6.325
 11.35  -6.325
 11.41  -6.325
 11.47  -6.325
 11.52  -6.325
 11.58  -6.324
 11.64  -6.324
 11.69  -6.324
 11.75  -6.324
 11.80  -6.324
 11.86  -6.324
 11.91  -6.324
 11.97  -6.324
 12.02  -6.323
 12.08  -6.323
 12.13  -6.323
 12.19  -6.323
 12.25  -6.323
 12.30  -6.323
 12.36  -6.323
 12.42  -6.323
 12.47  -6.323
 12.53  -6.324
 12.59  -6.324
 12.65  -6.324
 12.70  -6.325
 12.76  -6.325
 12.82  -6.325
 12.87  -6.326
 12.93  -6.327
 12.99  -6.327
 13.04  -6.328
 13.09  -6.329
 13.16  -6.330
 13.20  -6.331
 13.26  -6.332
 13.31  -6.333
 13.37  -6.335
 13.43  -6.337
 13.48  -6.338
 13.54  -6.340
 13.60  -6.342
 13.65  -6.345
 13.71  -6.347
 13.77  -6.350
 13.82  -6.353
 13.88  -6.356
 13.94  -6.360
 13.99  -6.363
 14.05  -6.367
 14.11  -6.370
 14.16  -6.374
 14.22  -6.378
 14.28  -6.382
 14.33  -6.386
 14.38  -6.391
 14.44  -6.395
 14.49  -6.399
 14.55  -6.404
 14.61  -6.409
 14.66  -6.413
 14.72  -6.418
 14.78  -6.423
 14.83  -6.428
 14.89  -6.433
 14.95  -6.438
 15.00  -6.444
 15.06  -6.449
 15.12  -6.455
 15.17  -6.460
 15.23  -6.466
 15.29  -6.472
 15.34  -6.477
 15.40  -6.483
 15.45  -6.489
 15.51  -6.494
 15.56  -6.499
 15.62  -6.505
 15.67  -6.510
 15.73  -6.516
 15.79  -6.522
 15.85  -6.528
 15.90  -6.534
 15.96  -6.540
 16.02  -6.547
 16.07  -6.553
 16.13  -6.560
 16.19  -6.567
 16.24  -6.574
 16.30  -6.581
 16.35  -6.588
 16.41  -6.596
 16.47  -6.603
 16.52  -6.611
 16.58  -6.618
 16.64  -6.626
 16.69  -6.634
 16.75  -6.642
 16.80  -6.649
 16.85  -6.657
 16.91  -6.665
 16.97  -6.673
 17.02  -6.681
 17.08  -6.689
 17.14  -6.697
 17.19  -6.705
 17.25  -6.713
 17.31  -6.721
 17.37  -6.729
 17.42  -6.737
 17.48  -6.745
 17.54  -6.752
 17.59  -6.760
 17.65  -6.768
 17.71  -6.776
 17.76  -6.783
 17.82  -6.791
 17.87  -6.798
 17.93  -6.806
 17.98  -6.813
 18.04  -6.821
 18.09  -6.828
 18.15  -6.834
 18.21  -6.841
 18.27  -6.847
 18.32  -6.854
 18.38  -6.860
 18.44  -6.867
 18.49  -6.873
 18.55  -6.880
 18.60  -6.886
 18.66  -6.893
 18.72  -6.901
 18.77  -6.908
 18.83  -6.915
 18.89  -6.923
 18.95  -6.930
 19.00  -6.938
 19.06  -6.946
 19.11  -6.954
 19.17  -6.962
 19.22  -6.970
 19.28  -6.979
 19.33  -6.987
 19.39  -6.996
 19.45  -7.005
 19.50  -7.014
 19.56  -7.023
 19.62  -7.033
 19.67  -7.043
 19.73  -7.053
 19.79  -7.063
 19.84  -7.073
 19.90  -7.084
 19.96  -7.095
 20.02  -7.106
 20.09  -7.118
 20.17  -7.130
 20.26  -7.142
 20.35  -7.154
 20.46  -7.167
 20.56  -7.179
 20.67  -7.192
 20.76  -7.204
 20.86  -7.217
 20.96  -7.230
 21.06  -7.243
 21.16  -7.256
 21.26  -7.269
 21.36  -7.283
 21.46  -7.296
 21.56  -7.309
 21.66  -7.322
 21.76  -7.335
 21.86  -7.349
 21.96  -7.362
 22.06  -7.375
 22.16  -7.388
 22.26  -7.401
 22.36  -7.415
 22.46  -7.428
 22.56  -7.441
 22.66  -7.454
 22.76  -7.467
 22.86  -7.480
 22.96  -7.492
 23.05  -7.504
 23.15  -7.516
 23.26  -7.527
 23.35  -7.539
 23.46  -7.550
 23.56  -7.561
 23.66  -7.572
 23.76  -7.584
 23.86  -7.595
 23.96  -7.606
 24.06  -7.617
 24.16  -7.628
 24.25  -7.639
 24.35  -7.650
 24.45  -7.661
 24.55  -7.672
 24.65  -7.684
 24.75  -7.695
 24.86  -7.706
 24.95  -7.717
 25.05  -7.729
 25.15  -7.740
 25.25  -7.751
 25.35  -7.762
 25.45  -7.774
 25.55  -7.785
 25.65  -7.795
 25.75  -7.806
 25.85  -7.817
 25.95  -7.828
 26.05  -7.839
 26.15  -7.849
 26.25  -7.860
 26.35  -7.870
 26.44  -7.880
 26.54  -7.891
 26.64  -7.901
 26.74  -7.911
 26.85  -7.921
 26.95  -7.931
 27.05  -7.941
 27.15  -7.951
 27.25  -7.961
 27.35  -7.971
 27.45  -7.980
 27.55  -7.990
 27.64  -8.000
 27.74  -8.010
 27.84  -8.019
 27.94  -8.029
 28.04  -8.039
 28.14  -8.048
 28.24  -8.058
 28.34  -8.067
 28.44  -8.077
 28.55  -8.086
 28.65  -8.095
 28.75  -8.105
 28.84  -8.114
 28.94  -8.123
 29.04  -8.132
 29.14  -8.141
 29.24  -8.150
 29.33  -8.159
 29.43  -8.167
 29.53  -8.176
 29.63  -8.184
 29.72  -8.193
 29.82  -8.201
 29.91  -8.209
 30.01  -8.217
 30.11  -8.225
 30.21  -8.233
 30.30  -8.241
 30.40  -8.249
 30.50  -8.257
 30.60  -8.264
 30.70  -8.272
 30.79  -8.280
 30.89  -8.287
 30.98  -8.295
 31.08  -8.303
 31.18  -8.310
 31.28  -8.318
 31.37  -8.326
 31.47  -8.333
 31.57  -8.341
 31.67  -8.348
 31.77  -8.356
 31.86  -8.363
 31.96  -8.370
 32.06  -8.378
 32.15  -8.385
 32.25  -8.392
 32.35  -8.399
 32.44  -8.406
 32.54  -8.413
 32.64  -8.420
 32.74  -8.427
 32.83  -8.434
 32.93  -8.441
 33.03  -8.447
 33.12  -8.454
 33.22  -8.461
 33.31  -8.467
 33.41  -8.474
 33.51  -8.481
 33.61  -8.487
 33.71  -8.494
 33.81  -8.500
 33.90  -8.507
 34.00  -8.513
 34.09  -8.520
 34.19  -8.527
 34.29  -8.533
 34.39  -8.540
 34.49  -8.546
 34.58  -8.553
 34.68  -8.560
 34.78  -8.566
 34.88  -8.573
 34.98  -8.579
 35.07  -8.586
 35.17  -8.592
 35.26  -8.598
 35.36  -8.605
 35.46  -8.611
 35.56  -8.617
 35.65  -8.623
 35.75  -8.629
 35.85  -8.635
 35.95  -8.641
 36.04  -8.647
 36.14  -8.653
 36.24  -8.659
 36.34  -8.665
 36.43  -8.671
 36.53  -8.676
 36.63  -8.682
 36.73  -8.688
 36.83  -8.693
 36.92  -8.699
 37.01  -8.704
 37.11  -8.709
 37.21  -8.715
 37.31  -8.720
 37.41  -8.725
 37.50  -8.730
 37.60  -8.735
 37.70  -8.741
 37.79  -8.746
 37.89  -8.750
 37.99  -8.755
 38.08  -8.760
 38.18  -8.765
 38.28  -8.769
 38.38  -8.774
 38.48  -8.779
 38.57  -8.783
 38.67  -8.788
 38.76  -8.792
 38.86  -8.796
 38.96  -8.800
 39.06  -8.804
 39.15  -8.808
 39.25  -8.812
 39.35  -8.816
 39.45  -8.820
 39.54  -8.824
 39.64  -8.828
 39.73  -8.832
 39.83  -8.835
 39.93  -8.839
 40.03  -8.842
 40.13  -8.846
 40.23  -8.849
 40.32  -8.853
 40.42  -8.856
 40.51  -8.859
 40.61  -8.862
 40.71  -8.866
 40.81  -8.869
 40.91  -8.872
 41.01  -8.875
 41.10  -8.878
 41.19  -8.881
 41.29  -8.884
 41.39  -8.886
 41.49  -8.889
 41.59  -8.892
 41.68  -8.895
 41.78  -8.897
 41.87  -8.900
 41.97  -8.902
 42.07  -8.905
 42.17  -8.907
 42.26  -8.910
 42.36  -8.912
 42.46  -8.914
 42.56  -8.916
 42.65  -8.919
 42.74  -8.921
 42.85  -8.923
 42.94  -8.925
 43.04  -8.927
 43.14  -8.929
 43.24  -8.931
 43.33  -8.933
 43.43  -8.935
 43.52  -8.937
 43.62  -8.939
 43.72  -8.941
 43.82  -8.943
 43.92  -8.945
 44.01  -8.946
 44.11  -8.948
 44.21  -8.950
 44.30  -8.952
 44.40  -8.953
 44.50  -8.955
 44.59  -8.957
 44.69  -8.958
 44.79  -8.960
 44.89  -8.961
 44.99  -8.963
 45.08  -8.965
 45.17  -8.966
 45.27  -8.968
 45.37  -8.969
 45.47  -8.971
 45.57  -8.972
 45.66  -8.974
 45.76  -8.975
 45.85  -8.977
 45.95  -8.978
 46.05  -8.980
 46.15  -8.981
 46.24  -8.982
 46.34  -8.984
 46.44  -8.985
 46.54  -8.986
 46.63  -8.988
 46.73  -8.989
 46.83  -8.990
 46.92  -8.992
 47.02  -8.993
 47.12  -8.994
 47.22  -8.995
 47.32  -8.996
 47.41  -8.998
 47.51  -8.999
 47.60  -9.000
 47.70  -9.001
 47.80  -9.002
 47.90  -9.003
 48.00  -9.004
 48.09  -9.005
 48.18  -9.007
 48.28  -9.008
 48.38  -9.009
 48.47  -9.010
 48.57  -9.011
 48.67  -9.012
 48.77  -9.012
 48.87  -9.013
 48.96  -9.014
 49.06  -9.015
 49.16  -9.016
 49.25  -9.017
 49.35  -9.018
 49.45  -9.018
 49.55  -9.019
 49.65  -9.020
 49.74  -9.020
 49.83  -9.021
 49.93  -9.021
 50.03  -9.022
 50.13  -9.022
 50.23  -9.023
 50.33  -9.023
 50.43  -9.024
 50.52  -9.024
 50.61  -9.025
 50.71  -9.025
 50.81  -9.025
 50.91  -9.026
 51.00  -9.026
 51.10  -9.026
 51.20  -9.026
 51.29  -9.026
 51.39  -9.027
 51.49  -9.027
 51.58  -9.027
 51.68  -9.027
 51.78  -9.027
 51.88  -9.027
 51.98  -9.027
 52.07  -9.027
 52.16  -9.027
 52.26  -9.027
 52.36  -9.027
 52.46  -9.027
 52.56  -9.027
 52.66  -9.027
 52.75  -9.027
 52.85  -9.027
 52.94  -9.027
 53.04  -9.027
 53.14  -9.027
 53.24  -9.026
 53.33  -9.026
 53.43  -9.026
 53.53  -9.026
 53.63  -9.026
 53.72  -9.025
 53.82  -9.025
 53.92  -9.025
 54.01  -9.025
 54.11  -9.025
 54.21  -9.024
 54.30  -9.024
 54.40  -9.024
 54.50  -9.024
 54.60  -9.024
 54.69  -9.024
 54.79  -9.024
 54.88  -9.023
 54.98  -9.023
 55.08  -9.023
 55.18  -9.023
 55.27  -9.023
 55.37  -9.023
 55.47  -9.022
 55.57  -9.022
 55.66  -9.022
 55.76  -9.022
 55.86  -9.021
 55.96  -9.021
 56.05  -9.020
 56.15  -9.020
 56.25  -9.020
 56.34  -9.019
 56.44  -9.019
 56.54  -9.018
 56.64  -9.018
 56.74  -9.017
 56.83  -9.017
 56.92  -9.016
 57.02  -9.016
 57.12  -9.015
 57.22  -9.014
 57.31  -9.014
 57.41  -9.013
 57.51  -9.012
 57.60  -9.011
 57.70  -9.010
 57.80  -9.010
 57.90  -9.009
 58.00  -9.008
 58.09  -9.007
 58.19  -9.006
 58.29  -9.005
 58.38  -9.004
 58.48  -9.003
 58.58  -9.002
 58.67  -9.001
 58.77  -9.000
 58.87  -8.999
 58.97  -8.998
 59.07  -8.998
 59.16  -8.997
 59.25  -8.996
 59.35  -8.995
 59.45  -8.994
 59.55  -8.993
 59.65  -8.992
 59.74  -8.991
 59.84  -8.991
 59.93  -8.990
 60.03  -8.989
 60.13  -8.988
 60.23  -8.987
 60.32  -8.986
 60.42  -8.985
 60.52  -8.984
 60.62  -8.984
 60.71  -8.983
 60.81  -8.982
 60.91  -8.981
 61.01  -8.980
 61.10  -8.979
 61.20  -8.978
 61.30  -8.977
 61.40  -8.977
 61.49  -8.976
 61.59  -8.975
 61.68  -8.974
 61.78  -8.973
 61.88  -8.972
 61.98  -8.971
 62.08  -8.970
 62.17  -8.969
 62.27  -8.968
 62.37  -8.967
 62.46  -8.966
 62.56  -8.965
 62.66  -8.964
 62.76  -8.963
 62.85  -8.961
 62.95  -8.960
 63.04  -8.959
 63.14  -8.958
 63.24  -8.957
 63.34  -8.956
 63.44  -8.954
 63.53  -8.953
 63.63  -8.952
 63.73  -8.950
 63.82  -8.949
 63.92  -8.947
 64.02  -8.946
 64.12  -8.945
 64.21  -8.943
 64.31  -8.942
 64.41  -8.940
 64.51  -8.939
 64.60  -8.937
 64.70  -8.935
 64.80  -8.934
 64.89  -8.932
 64.99  -8.931
 65.09  -8.929
 65.19  -8.928
 65.29  -8.926
 65.38  -8.924
 65.47  -8.923
 65.57  -8.921
 65.67  -8.920
 65.77  -8.918
 65.86  -8.917
 65.96  -8.915
 66.06  -8.913
 66.15  -8.912
 66.25  -8.910
 66.35  -8.908
 66.45  -8.907
 66.54  -8.905
 66.64  -8.904
 66.74  -8.902
 66.84  -8.900
 66.93  -8.899
 67.02  -8.897
 67.12  -8.896
 67.22  -8.894
 67.32  -8.892
 67.42  -8.891
 67.51  -8.889
 67.61  -8.887
 67.71  -8.886
 67.80  -8.884
 67.90  -8.882
 67.99  -8.881
 68.09  -8.879
 68.19  -8.877
 68.29  -8.875
 68.39  -8.873
 68.48  -8.872
 68.57  -8.870
 68.67  -8.868
 68.77  -8.866
 68.87  -8.864
 68.96  -8.862
 69.05  -8.860
 69.15  -8.858
 69.25  -8.855
 69.34  -8.853
 69.43  -8.851
 69.53  -8.849
 69.63  -8.847
 69.72  -8.845
 69.81  -8.843
 69.91  -8.841
 70.00  -8.838
 70.10  -8.836
 70.19  -8.834
 70.29  -8.832
 70.38  -8.830
 70.48  -8.828
 70.57  -8.825
 70.66  -8.823
 70.76  -8.821
 70.86  -8.819
 70.95  -8.816
 71.04  -8.814
 71.14  -8.812
 71.24  -8.810
 71.33  -8.807
 71.42  -8.805
 71.62  -8.801
 71.71  -8.798
 71.80  -8.796
 71.90  -8.794
 71.99  -8.792
 72.09  -8.789
 72.18  -8.787
 72.28  -8.785
 72.38  -8.783
 72.47  -8.780
 72.56  -8.778
 72.66  -8.776
 72.76  -8.774
 72.85  -8.771
 72.95  -8.769
 73.04  -8.767
 73.14  -8.765
 73.23  -8.763
 73.32  -8.761
 73.42  -8.759
 73.51  -8.757
 73.61  -8.755
 73.70  -8.752
 73.80  -8.750
 73.89  -8.748
 73.99  -8.746
 74.09  -8.744
 74.18  -8.742
 74.27  -8.740
 74.37  -8.738
 74.46  -8.735
 74.56  -8.733
 74.66  -8.731
 74.75  -8.729
 74.85  -8.727
 74.94  -8.724
 75.03  -8.722
 75.13  -8.720
 75.23  -8.718
 75.32  -8.716
 75.42  -8.713
 75.52  -8.711
 75.61  -8.709
 75.70  -8.706
 75.80  -8.704
 75.90  -8.702
 75.99  -8.699
 76.08  -8.697
 76.18  -8.694
 76.27  -8.692
 76.37  -8.689
 76.46  -8.687
 76.56  -8.684
 76.66  -8.682
 76.75  -8.679
 76.84  -8.677
 76.94  -8.674
 77.03  -8.672
 77.13  -8.669
 77.23  -8.667
 77.32  -8.664
 77.42  -8.662
 77.51  -8.659
 77.60  -8.657
 77.70  -8.654
 77.79  -8.652
 77.89  -8.649
 77.99  -8.647
 78.08  -8.644
 78.17  -8.642
 78.27  -8.639
 78.37  -8.637
 78.46  -8.634
 78.55  -8.632
 78.65  -8.629
 78.74  -8.627
 78.84  -8.624
 78.94  -8.622
 79.03  -8.619
 79.12  -8.617
 79.22  -8.614
 79.32  -8.612
 79.41  -8.609
 79.50  -8.607
 79.60  -8.604
 79.70  -8.602
 79.79  -8.599
 79.88  -8.597
 79.98  -8.594
 80.08  -8.592
 80.17  -8.589
 80.27  -8.587
 80.36  -8.584
 80.46  -8.582
 80.55  -8.579
 80.65  -8.577
 80.74  -8.574
 80.84  -8.572
 80.93  -8.569
 81.03  -8.567
 81.12  -8.564
 81.21  -8.562
 81.31  -8.559
 81.40  -8.556
 81.50  -8.554
 81.60  -8.551
 81.69  -8.549
 81.79  -8.546
 81.88  -8.543
 81.98  -8.540
 82.07  -8.538
 82.16  -8.535
 82.26  -8.532
 82.36  -8.529
 82.46  -8.526
 82.55  -8.523
 82.64  -8.520
 82.74  -8.518
 82.83  -8.515
 82.93  -8.512
 83.02  -8.509
 83.12  -8.506
 83.21  -8.503
 83.31  -8.500
 83.40  -8.497
 83.50  -8.495
 83.59  -8.492
 83.69  -8.489
 83.78  -8.486
 83.88  -8.484
 83.98  -8.481
 84.07  -8.478
 84.16  -8.476
 84.26  -8.473
 84.35  -8.470
 84.45  -8.467
 84.55  -8.465
 84.64  -8.462
 84.73  -8.460
 84.82  -8.457
 84.92  -8.454
 85.01  -8.452
 85.11  -8.449
 85.21  -8.447
 85.30  -8.444
 85.40  -8.442
 85.49  -8.439
 85.59  -8.437
 85.68  -8.435
 85.78  -8.432
 85.88  -8.430
 85.97  -8.427
 86.06  -8.425
 86.16  -8.422
 86.25  -8.420
 86.35  -8.417
 86.44  -8.415
 86.54  -8.412
 86.63  -8.410
 86.73  -8.407
 86.83  -8.405
 86.92  -8.402
 87.01  -8.400
 87.11  -8.397
 87.20  -8.395
 87.30  -8.392
 87.40  -8.389
 87.49  -8.387
 87.59  -8.384
 87.68  -8.382
 87.77  -8.379
 87.87  -8.376
 87.96  -8.374
 88.05  -8.371
 88.15  -8.368
 88.25  -8.366
 88.34  -8.363
 88.44  -8.360
 88.53  -8.357
 88.63  -8.355
 88.72  -8.352
 88.82  -8.349
 88.91  -8.346
 89.00  -8.344
 89.10  -8.341
 89.20  -8.338
 89.29  -8.335
 89.39  -8.333
 89.48  -8.330
 89.58  -8.327
 89.68  -8.324
 89.76  -8.322
 89.86  -8.319
 89.95  -8.316
 90.05  -8.314
 90.14  -8.311
 90.24  -8.308
 90.34  -8.306
 90.43  -8.303
 90.53  -8.300
 90.62  -8.298
 90.71  -8.295
 90.81  -8.292
 90.91  -8.290
 91.00  -8.287
 91.09  -8.284
 91.19  -8.282
 91.28  -8.279
 91.37  -8.276
 91.47  -8.274
 91.57  -8.271
 91.66  -8.268
 91.76  -8.266
 91.85  -8.263
 91.95  -8.260
 92.04  -8.258
 92.14  -8.255
 92.23  -8.252
 92.32  -8.250
 92.42  -8.247
 92.52  -8.245
 92.61  -8.243
 92.71  -8.240
 92.80  -8.238
 92.90  -8.236
 93.00  -8.234
 93.09  -8.232
 93.18  -8.230
 93.27  -8.227
 93.36  -8.225
 93.46  -8.223
 93.56  -8.221
 93.66  -8.219
 93.75  -8.216
 93.85  -8.214
 93.94  -8.212
 94.04  -8.209
 94.13  -8.207
 94.23  -8.204
 94.32  -8.201
 94.41  -8.198
 94.51  -8.195
 94.60  -8.193
 94.70  -8.190
 94.80  -8.187
 94.89  -8.184
 94.99  -8.181
 95.08  -8.178
 95.18  -8.174
 95.27  -8.171
 95.37  -8.168
 95.46  -8.165
 95.55  -8.162
 95.65  -8.159
106.31  -7.776
106.40  -7.773
106.50  -7.770
106.59  -7.766
106.68  -7.763
106.78  -7.760
106.87  -7.757
106.97  -7.754
107.07  -7.750
107.16  -7.747
107.26  -7.744
107.35  -7.741
107.45  -7.737
107.55  -7.734
107.63  -7.731
107.73  -7.728
107.82  -7.724
107.91  -7.721
108.00  -7.717
108.10  -7.714
108.19  -7.710
108.28  -7.707
108.38  -7.703
108.47  -7.699
108.57  -7.696
108.66  -7.692
108.75  -7.689
108.83  -7.685
108.93  -7.681
109.02  -7.678
109.12  -7.674
109.21  -7.671
109.30  -7.667
109.40  -7.664
109.49  -7.661
109.58  -7.657
109.68  -7.654
109.77  -7.651
109.87  -7.647
109.95  -7.644
110.04  -7.641
110.14  -7.637
110.23  -7.634
110.33  -7.631
110.42  -7.628
110.51  -7.624
110.61  -7.621
110.70  -7.618
110.79  -7.614
110.89  -7.611
110.98  -7.608
111.07  -7.604
111.16  -7.601
111.25  -7.597
111.35  -7.594
111.44  -7.591
111.53  -7.587
111.63  -7.584
111.72  -7.581
111.82  -7.577
111.91  -7.574
112.00  -7.571
112.09  -7.567
112.18  -7.564
112.27  -7.561
112.37  -7.558
112.46  -7.555
112.56  -7.552
112.65  -7.549
112.74  -7.546
112.84  -7.543
112.93  -7.540
113.02  -7.537
113.12  -7.534
113.21  -7.531
113.30  -7.528
113.39  -7.524
113.48  -7.521
113.58  -7.518
113.67  -7.515
113.76  -7.512
113.86  -7.508
113.95  -7.505
114.04  -7.501
114.14  -7.498
114.23  -7.494
114.32  -7.490
114.41  -7.487
114.50  -7.483
114.59  -7.479
114.69  -7.476
114.78  -7.472
114.88  -7.468
114.97  -7.464
115.06  -7.461
115.16  -7.457
115.25  -7.453
115.34  -7.450
115.43  -7.446
115.52  -7.442
115.62  -7.439
115.71  -7.435
115.80  -7.431
115.90  -7.428
115.99  -7.424
116.08  -7.420
116.18  -7.417
116.27  -7.413
116.36  -7.409
116.45  -7.405
116.54  -7.402
116.63  -7.398
116.73  -7.394
116.82  -7.390
116.91  -7.386
117.01  -7.383
117.10  -7.379
117.19  -7.375
117.29  -7.371
117.38  -7.367
117.48  -7.363
117.57  -7.359
117.65  -7.356
117.74  -7.352
117.84  -7.348
117.93  -7.344
118.03  -7.340
118.12  -7.336
118.21  -7.333
118.31  -7.329
118.40  -7.325
118.49  -7.321
118.59  -7.317
118.68  -7.314
118.78  -7.310
118.86  -7.306
118.95  -7.302
119.05  -7.299
119.14  -7.295
119.23  -7.291
119.32  -7.287
119.42  -7.284
119.51  -7.280
119.61  -7.276
119.70  -7.272
119.79  -7.269
119.89  -7.265
119.97  -7.261
120.07  -7.257
120.16  -7.253
120.25  -7.249
120.35  -7.246
120.44  -7.242
120.53  -7.238
120.63  -7.235
120.72  -7.231
120.81  -7.228
120.91  -7.224
120.99  -7.221
121.08  -7.217
121.18  -7.214
121.27  -7.211
121.36  -7.208
121.46  -7.205
121.55  -7.202
121.65  -7.199
121.74  -7.196
121.83  -7.193
121.92  -7.190
122.02  -7.187
122.10  -7.184
122.19  -7.181
122.29  -7.178
122.38  -7.175
122.47  -7.173
122.57  -7.170
122.66  -7.168
122.76  -7.165
122.85  -7.163
122.94  -7.161
123.04  -7.158
123.13  -7.156
123.22  -7.153
123.31  -7.151
123.40  -7.148
123.49  -7.146
123.59  -7.143
123.68  -7.140
123.77  -7.137
123.87  -7.134
123.96  -7.131
124.05  -7.128
124.15  -7.124
124.24  -7.120
124.33  -7.116
124.42  -7.112
124.51  -7.108
124.60  -7.103
124.70  -7.099
124.79  -7.094
124.89  -7.090
124.98  -7.085
125.07  -7.081
125.17  -7.076
125.26  -7.071
125.35  -7.067
125.44  -7.062
125.53  -7.057
125.63  -7.053
125.72  -7.048
125.81  -7.044
125.91  -7.039
126.00  -7.035
126.09  -7.031
126.19  -7.026
126.28  -7.022
126.37  -7.018
126.47  -7.013
126.55  -7.009
126.64  -7.005
126.73  -7.000
126.83  -6.996
126.92  -6.992
127.02  -6.988
127.11  -6.985
127.20  -6.981
127.30  -6.978
127.39  -6.975
127.49  -6.972
127.58  -6.968
127.67  -6.965
127.76  -6.962
127.85  -6.959
127.94  -6.956
128.04  -6.953
128.13  -6.950
128.23  -6.946
128.32  -6.943
128.41  -6.940
128.51  -6.936
128.60  -6.933
128.69  -6.929
128.79  -6.925
128.87  -6.921
128.96  -6.917
129.06  -6.913
129.15  -6.909
129.25  -6.905
129.34  -6.901
129.43  -6.897
129.53  -6.893
129.62  -6.889
129.72  -6.885
129.81  -6.881
129.89  -6.877
129.99  -6.872
130.08  -6.868
130.17  -6.863
130.27  -6.858
130.36  -6.854
130.46  -6.849
130.55  -6.844
130.64  -6.839
130.73  -6.835
130.83  -6.831
130.92  -6.828
131.01  -6.824
131.10  -6.821
131.19  -6.818
131.29  -6.814
131.38  -6.811
131.47  -6.808
131.57  -6.804
131.66  -6.800
131.76  -6.796
131.85  -6.792
131.94  -6.788
132.04  -6.784
132.12  -6.780
132.21  -6.776
132.31  -6.773
132.40  -6.769
132.50  -6.766
132.59  -6.762
132.68  -6.758
132.78  -6.755
132.87  -6.751
132.96  -6.746
133.06  -6.742
133.15  -6.737
133.24  -6.732
133.33  -6.727
133.43  -6.721
133.52  -6.716
133.61  -6.711
133.70  -6.706
133.80  -6.701
133.90  -6.696
133.99  -6.691
134.08  -6.686
134.17  -6.681
134.27  -6.676
134.36  -6.671
134.45  -6.667
134.54  -6.663
134.63  -6.659
134.73  -6.655
134.82  -6.651
134.91  -6.647
135.01  -6.643
135.10  -6.640
135.20  -6.635
135.29  -6.631
135.38  -6.626
135.47  -6.622
135.56  -6.617
135.65  -6.612
135.75  -6.607
135.84  -6.602
135.93  -6.597
136.03  -6.593
136.12  -6.588
136.21  -6.584
136.31  -6.579
136.40  -6.575
136.50  -6.571
136.58  -6.566
136.67  -6.562
136.77  -6.557
136.86  -6.552
136.96  -6.548
137.05  -6.543
137.14  -6.538
137.24  -6.534
137.33  -6.529
137.42  -6.525
137.52  -6.521
137.61  -6.517
137.70  -6.513
137.79  -6.509
137.88  -6.505
137.98  -6.501
138.07  -6.497
138.17  -6.493
138.26  -6.489
138.35  -6.485
138.44  -6.481
138.54  -6.477
138.64  -6.473
138.73  -6.469
138.82  -6.464
138.90  -6.460
139.00  -6.455
139.09  -6.450
139.19  -6.445
139.28  -6.439
139.38  -6.434
139.47  -6.429
139.56  -6.423
139.66  -6.418
139.75  -6.413
139.84  -6.408
139.93  -6.403
140.02  -6.398
140.12  -6.394
140.21  -6.389
140.30  -6.385
140.40  -6.381
140.49  -6.377
140.59  -6.373
140.68  -6.370
140.77  -6.367
140.86  -6.364
140.96  -6.360
141.04  -6.357
141.14  -6.354
141.23  -6.350
141.33  -6.346
141.42  -6.342
141.52  -6.338
141.61  -6.334
141.70  -6.330
141.80  -6.326
141.89  -6.322
141.98  -6.318
142.07  -6.313
142.16  -6.309
142.25  -6.305
142.35  -6.301
142.44  -6.297
142.53  -6.292
142.63  -6.288
142.72  -6.283
142.82  -6.279
142.91  -6.274
143.00  -6.270
143.09  -6.265
143.19  -6.261
143.28  -6.256
143.37  -6.252
143.46  -6.248
143.56  -6.243
143.65  -6.239
143.74  -6.235
143.84  -6.231
143.93  -6.226
144.03  -6.222
144.12  -6.218
144.21  -6.214
144.30  -6.210
144.39  -6.206
144.48  -6.201
144.58  -6.197
144.67  -6.194
144.76  -6.190
144.86  -6.186
144.95  -6.183
145.05  -6.180
145.14  -6.177
145.23  -6.174
145.32  -6.172
145.41  -6.169
145.50  -6.166
145.59  -6.163
145.68  -6.160
145.77  -6.157
145.86  -6.154
145.95  -6.151
146.05  -6.148
146.14  -6.145
146.23  -6.141
146.32  -6.138
146.41  -6.134
146.50  -6.130
146.58  -6.126
146.67  -6.122
146.77  -6.118
146.86  -6.114
146.95  -6.109
147.04  -6.105
147.13  -6.101
147.22  -6.097
147.31  -6.092
147.40  -6.088
147.50  -6.084
147.59  -6.080
147.67  -6.076
147.76  -6.072
147.85  -6.067
147.94  -6.063
148.04  -6.059
148.13  -6.055
148.22  -6.051
148.31  -6.047
148.40  -6.043
148.49  -6.039
148.58  -6.035
148.67  -6.031
148.76  -6.027
148.85  -6.023
148.94  -6.019
149.03  -6.015
149.12  -6.011
149.21  -6.007
149.30  -6.003
149.40  -5.999
149.49  -5.995
149.58  -5.991
149.67  -5.987
149.75  -5.983
149.84  -5.979
149.93  -5.975
150.03  -5.971
150.12  -5.966
150.21  -5.962
150.30  -5.958
150.39  -5.954
150.49  -5.950
150.57  -5.946
150.66  -5.942
150.76  -5.939
150.84  -5.935
150.93  -5.931
151.02  -5.927
151.11  -5.924
151.20  -5.920
151.30  -5.916
151.39  -5.912
151.48  -5.909
151.57  -5.905
151.66  -5.901
151.75  -5.898
151.84  -5.894
151.94  -5.890
152.02  -5.886
152.11  -5.883
152.20  -5.879
152.29  -5.875
152.38  -5.871
152.47  -5.867
152.57  -5.864
152.65  -5.860
152.74  -5.856
152.84  -5.852
152.93  -5.848
153.02  -5.844
153.10  -5.841
153.19  -5.837
153.28  -5.833
153.38  -5.829
153.47  -5.825
153.56  -5.821
153.65  -5.816
153.74  -5.812
153.83  -5.807
153.93  -5.803
154.01  -5.798
154.10  -5.794
154.19  -5.789
154.28  -5.785
154.37  -5.780
154.46  -5.776
154.56  -5.771
154.65  -5.767
154.74  -5.762
154.83  -5.758
154.92  -5.753
155.01  -5.749
155.09  -5.745
155.18  -5.741
155.28  -5.738
155.36  -5.734
155.46  -5.730
155.55  -5.727
155.64  -5.723
155.73  -5.719
155.82  -5.716
155.91  -5.712
156.00  -5.708
156.09  -5.704
156.18  -5.700
156.27  -5.696
156.36  -5.692
156.45  -5.688
156.54  -5.684
156.63  -5.679
156.73  -5.675
156.82  -5.670
156.91  -5.665
157.00  -5.661
157.09  -5.656
157.18  -5.651
157.27  -5.647
157.36  -5.642
157.45  -5.637
157.54  -5.632
157.63  -5.628
157.72  -5.623
157.81  -5.618
157.91  -5.614
158.00  -5.609
158.09  -5.605
158.17  -5.600
158.26  -5.596
158.35  -5.591
158.44  -5.587
158.53  -5.583
158.63  -5.578
158.72  -5.574
158.81  -5.570
158.90  -5.565
158.99  -5.561
159.08  -5.557
159.17  -5.553
159.25  -5.549
159.35  -5.546
159.44  -5.542
159.62  -5.536
159.71  -5.534
159.80  -5.531
159.89  -5.528
159.98  -5.525
160.07  -5.523
160.17  -5.520
160.26  -5.517
160.35  -5.514
160.43  -5.511
160.52  -5.508
160.62  -5.505
160.70  -5.501
160.80  -5.498
160.89  -5.494
160.98  -5.491
161.07  -5.487
161.16  -5.483
161.25  -5.479
161.34  -5.475
161.43  -5.470
161.52  -5.466
161.61  -5.462
161.70  -5.457
161.79  -5.453
161.88  -5.449
161.98  -5.444
162.07  -5.439
162.16  -5.435
162.25  -5.430
162.33  -5.425
162.42  -5.421
162.51  -5.416
162.60  -5.411
162.70  -5.407
162.79  -5.402
162.88  -5.397
162.97  -5.392
163.06  -5.387
163.15  -5.383
163.24  -5.378
163.33  -5.373
163.42  -5.368
163.51  -5.363
163.60  -5.359
163.69  -5.354
163.78  -5.349
163.87  -5.345
163.97  -5.340
164.05  -5.336
164.15  -5.331
164.24  -5.327
164.33  -5.323
164.42  -5.318
164.50  -5.314
164.59  -5.310
164.68  -5.306
164.78  -5.301
164.87  -5.297
164.96  -5.293
165.05  -5.289
165.14  -5.285
165.23  -5.281
165.32  -5.277
165.41  -5.273
165.51  -5.269
165.59  -5.265
165.68  -5.261
165.77  -5.258
165.86  -5.254
165.96  -5.250
166.05  -5.246
166.14  -5.242
166.23  -5.238
166.32  -5.235
166.41  -5.231
166.50  -5.227
166.59  -5.223
166.68  -5.218
166.77  -5.214
166.86  -5.210
166.95  -5.205
167.04  -5.201
167.14  -5.196
167.22  -5.191
167.31  -5.187
167.41  -5.182
167.49  -5.178
167.59  -5.173
167.68  -5.169
167.77  -5.164
167.86  -5.160
167.95  -5.156
168.04  -5.151
168.13  -5.147
168.22  -5.143
168.31  -5.139
168.40  -5.136
168.50  -5.132
168.58  -5.128
168.67  -5.124
168.76  -5.121
168.86  -5.117
168.95  -5.113
169.04  -5.110
169.13  -5.106
169.22  -5.102
169.31  -5.099
169.40  -5.095
169.49  -5.092
169.59  -5.088
169.67  -5.084
169.76  -5.081
169.85  -5.077
169.94  -5.073
170.03  -5.070
170.13  -5.066
170.22  -5.063
170.31  -5.059
170.40  -5.055
170.48  -5.052
170.57  -5.048
170.67  -5.044
170.76  -5.041
170.85  -5.037
170.94  -5.033
171.03  -5.029
171.12  -5.024
171.22  -5.020
171.31  -5.015
171.40  -5.011
171.49  -5.006
171.58  -5.002
171.66  -4.997
171.75  -4.992
171.85  -4.988
171.94  -4.983
172.03  -4.979
172.12  -4.974
172.21  -4.969
172.30  -4.965
172.40  -4.961
172.49  -4.957
172.58  -4.954
172.66  -4.951
172.75  -4.948
172.84  -4.945
172.94  -4.941
173.03  -4.938
173.12  -4.935
173.21  -4.930
173.30  -4.926
173.39  -4.921
173.49  -4.917
173.58  -4.912
173.67  -4.907
173.75  -4.903
173.84  -4.898
173.94  -4.894
174.03  -4.890
174.12  -4.886
174.21  -4.882
174.30  -4.878
174.39  -4.874
174.48  -4.870
174.57  -4.866
174.66  -4.862
174.75  -4.858
174.84  -4.854
174.93  -4.850
175.03  -4.846
175.12  -4.842
175.21  -4.838
175.30  -4.834
175.39  -4.831
175.48  -4.827
175.57  -4.824
175.66  -4.821
175.75  -4.818
175.84  -4.815
175.93  -4.812
176.02  -4.809
176.12  -4.806
176.21  -4.803
176.30  -4.801
176.39  -4.798
176.48  -4.795
176.57  -4.792
176.66  -4.789
176.75  -4.787
176.84  -4.784
176.93  -4.781
177.02  -4.779
177.11  -4.776
177.20  -4.773
177.30  -4.770
177.39  -4.768
177.48  -4.765
177.57  -4.762
177.66  -4.759
177.75  -4.756
177.84  -4.753
177.93  -4.750
178.02  -4.747
178.11  -4.744
178.20  -4.740
178.30  -4.737
178.39  -4.733
178.48  -4.729
178.56  -4.725
178.65  -4.721
178.74  -4.717
178.84  -4.713
178.93  -4.708
179.02  -4.704
179.11  -4.700
179.20  -4.695
179.29  -4.691
179.39  -4.686
179.48  -4.682
179.57  -4.677
179.65  -4.672
179.75  -4.668
179.84  -4.663
179.93  -4.659
180.02  -4.655
180.11  -4.650
180.20  -4.646
180.30  -4.641
180.39  -4.637
180.48  -4.632
180.57  -4.627
180.65  -4.623
180.74  -4.618
180.84  -4.614
180.93  -4.609
181.02  -4.605
181.11  -4.600
181.20  -4.595
181.29  -4.590
181.38  -4.586
181.47  -4.581
181.56  -4.576
181.66  -4.571
181.74  -4.567
181.83  -4.562
181.92  -4.557
182.01  -4.553
182.10  -4.548
182.19  -4.544
182.28  -4.539
182.37  -4.535
182.46  -4.530
182.54  -4.526
182.63  -4.522
182.72  -4.519
182.81  -4.515
182.90  -4.512
182.99  -4.508
183.08  -4.505
183.16  -4.501
183.25  -4.498
183.34  -4.495
183.43  -4.492
183.52  -4.489
183.60  -4.485
183.69  -4.482
183.78  -4.479
183.87  -4.476
183.96  -4.472
184.05  -4.469
184.14  -4.465
184.23  -4.461
184.32  -4.457
184.41  -4.453
184.50  -4.449
184.58  -4.445
184.66  -4.441
184.76  -4.438
184.85  -4.434
184.93  -4.430
185.02  -4.426
185.11  -4.422
185.20  -4.419
185.29  -4.415
185.38  -4.411
185.47  -4.408
185.55  -4.404
185.64  -4.401
185.73  -4.398
185.82  -4.394
185.91  -4.391
186.00  -4.387
186.09  -4.384
186.18  -4.380
186.27  -4.377
186.35  -4.373
186.44  -4.369
186.52  -4.366
186.61  -4.362
186.70  -4.358
186.79  -4.353
186.88  -4.349
186.97  -4.344
187.06  -4.339
187.15  -4.333
187.24  -4.328
187.32  -4.323
187.41  -4.317
187.50  -4.312
187.59  -4.307
187.68  -4.302
187.77  -4.297
187.85  -4.292
187.94  -4.287
188.03  -4.282
188.12  -4.277
188.21  -4.272
188.29  -4.267
188.38  -4.263
188.47  -4.258
188.56  -4.254
188.65  -4.250
188.74  -4.245
188.83  -4.241
188.92  -4.237
189.01  -4.233
189.09  -4.229
189.18  -4.225
189.26  -4.221
189.35  -4.217
189.44  -4.213
189.53  -4.209
189.62  -4.206
189.71  -4.202
189.80  -4.198
189.89  -4.195
189.97  -4.192
190.06  -4.188
190.15  -4.185
190.24  -4.181
190.33  -4.178
190.42  -4.175
190.50  -4.171
190.59  -4.168
190.68  -4.165
190.77  -4.162
190.86  -4.158
190.94  -4.155
191.03  -4.151
191.12  -4.147
191.21  -4.143
191.30  -4.139
191.39  -4.134
191.48  -4.130
191.57  -4.125
191.65  -4.121
191.74  -4.116
191.82  -4.112
191.91  -4.108
192.00  -4.103
192.09  -4.099
192.18  -4.095
192.27  -4.090
192.36  -4.086
192.45  -4.082
192.53  -4.078
192.62  -4.074
192.71  -4.070
192.80  -4.067
192.89  -4.063
192.98  -4.060
193.06  -4.056
193.15  -4.052
193.24  -4.049
193.33  -4.045
193.42  -4.041
193.50  -4.037
193.59  -4.033
193.68  -4.030
193.77  -4.026
193.86  -4.021
193.95  -4.017
194.04  -4.013
194.13  -4.008
194.21  -4.004
194.30  -3.999
194.39  -3.995
194.47  -3.990
194.56  -3.985
194.65  -3.981
194.74  -3.976
194.83  -3.971
194.92  -3.967
195.01  -3.962
195.09  -3.958
195.18  -3.953
195.27  -3.949
195.36  -3.945
195.45  -3.940
195.54  -3.936
195.63  -3.932
195.71  -3.928
195.80  -3.925
195.89  -3.921
195.98  -3.917
196.07  -3.913
196.15  -3.910
196.24  -3.906
196.33  -3.902
196.42  -3.899
196.51  -3.895
196.60  -3.891
196.69  -3.888
196.78  -3.884
196.87  -3.880
196.95  -3.876
197.04  -3.872
197.13  -3.868
197.21  -3.864
197.30  -3.860
197.39  -3.856
197.48  -3.852
197.57  -3.848
197.66  -3.844
197.75  -3.840
197.83  -3.836
197.92  -3.832
198.01  -3.829
198.10  -3.825
198.19  -3.821
198.28  -3.817
198.37  -3.814
198.45  -3.810
198.54  -3.806
198.63  -3.803
198.71  -3.799
198.80  -3.795
198.89  -3.792
198.98  -3.788
199.07  -3.785
199.16  -3.781
199.25  -3.777
199.34  -3.774
199.42  -3.770
199.51  -3.766
199.59  -3.763
199.68  -3.759
199.77  -3.755
199.86  -3.752
199.95  -3.748
200.04  -3.744
200.13  -3.740
200.22  -3.737
200.30  -3.733
200.39  -3.729
200.47  -3.725
