  
  DOI/GTN-P Deep Borehole Array, Arctic Alaska 
             U.S. Geological Survey 
            Processed Temperature Log 
                    20-Feb-2015 
________________________________________________ 
  
Temperature Log Information: 
  Well name:   West Dease Test Well #1 
  File name:   WDS_14JUL04_c_d 
  Log date:    04-JUL-2014 
  
Contact Information: 
  Gary Clow 
  U.S. Geological Survey 
  clow@usgs.gov 
  
Definitions: 
  Depth:        Depth below local ground surface (m) 
  Temperature:  ITS-90 temperature (C) 
________________________________________________ 
             
 Depth  Temperature 
 72.74  -8.494
 72.75  -8.494
 72.82  -8.493
 72.92  -8.492
 73.05  -8.490
 73.19  -8.489
 73.34  -8.487
 73.49  -8.485
 73.63  -8.483
 73.78  -8.481
 73.93  -8.478
 74.08  -8.476
 74.23  -8.474
 74.38  -8.471
 74.53  -8.469
 74.68  -8.466
 74.83  -8.463
 74.98  -8.461
 75.13  -8.458
 75.29  -8.455
 75.44  -8.452
 75.60  -8.450
 75.76  -8.447
 75.92  -8.444
 76.08  -8.441
 76.24  -8.438
 76.39  -8.435
 76.54  -8.432
 76.70  -8.429
 76.86  -8.426
 77.02  -8.423
 77.18  -8.419
 77.34  -8.416
 77.50  -8.413
 77.66  -8.410
 77.82  -8.406
 77.98  -8.403
 78.13  -8.399
 78.29  -8.396
 78.44  -8.393
 78.60  -8.389
 78.76  -8.386
 78.92  -8.382
 79.08  -8.378
 79.24  -8.375
 79.40  -8.371
 79.55  -8.367
 79.71  -8.364
 79.87  -8.360
 80.02  -8.356
 80.18  -8.352
 80.34  -8.348
 80.50  -8.344
 80.66  -8.340
 80.82  -8.336
 80.98  -8.332
 81.14  -8.327
 81.29  -8.323
 81.45  -8.319
 81.61  -8.315
 81.77  -8.310
 81.93  -8.306
 82.09  -8.302
 82.25  -8.297
 82.41  -8.293
 82.56  -8.288
 82.72  -8.284
 82.88  -8.279
 83.03  -8.275
 83.19  -8.270
 83.35  -8.265
 83.51  -8.261
 83.67  -8.256
 83.83  -8.251
 83.99  -8.247
 84.14  -8.242
 84.30  -8.237
 84.46  -8.233
 84.62  -8.228
 84.78  -8.223
 84.94  -8.218
 85.10  -8.214
 85.26  -8.209
 85.41  -8.205
 85.57  -8.200
 85.73  -8.196
 85.89  -8.192
 86.05  -8.187
 86.21  -8.183
 86.37  -8.179
 86.53  -8.175
 86.68  -8.170
 86.84  -8.166
 87.00  -8.162
 87.16  -8.157
 87.32  -8.153
 87.48  -8.148
 87.64  -8.144
 87.80  -8.139
 87.96  -8.134
 88.11  -8.130
 88.27  -8.125
 88.42  -8.120
 88.59  -8.115
 88.74  -8.110
 88.90  -8.105
 89.06  -8.100
 89.22  -8.095
 89.38  -8.090
 89.54  -8.085
 89.70  -8.079
 89.85  -8.074
 90.01  -8.069
 90.17  -8.064
 90.33  -8.059
 90.49  -8.054
 90.65  -8.049
 90.81  -8.044
 90.97  -8.039
 91.13  -8.034
 91.29  -8.029
 91.45  -8.024
 91.60  -8.019
 91.76  -8.015
 91.92  -8.010
 92.08  -8.005
 92.24  -8.000
 92.40  -7.995
 92.56  -7.990
 92.71  -7.985
 92.87  -7.980
 93.03  -7.975
 93.19  -7.970
 93.35  -7.965
 93.51  -7.960
 93.67  -7.955
 93.82  -7.950
 93.98  -7.945
 94.14  -7.940
 94.30  -7.935
 94.46  -7.930
 94.62  -7.925
 94.78  -7.920
 94.94  -7.915
 95.10  -7.910
 95.26  -7.905
 95.42  -7.899
 95.58  -7.894
 95.74  -7.889
 95.90  -7.884
 96.05  -7.878
 96.21  -7.873
 96.36  -7.868
 96.53  -7.862
 96.68  -7.857
 96.84  -7.852
 97.00  -7.846
 97.16  -7.841
 97.32  -7.835
 97.48  -7.830
 97.64  -7.824
 97.80  -7.819
 97.96  -7.813
 98.12  -7.808
 98.27  -7.802
 98.43  -7.796
 98.59  -7.791
 98.75  -7.785
 98.91  -7.779
 99.07  -7.773
 99.23  -7.767
 99.39  -7.762
 99.55  -7.756
 99.71  -7.750
 99.87  -7.744
100.03  -7.738
100.19  -7.732
100.34  -7.726
100.50  -7.720
100.66  -7.714
100.82  -7.708
100.98  -7.702
101.14  -7.696
101.30  -7.690
101.46  -7.684
101.62  -7.678
101.78  -7.672
101.94  -7.666
102.10  -7.660
102.26  -7.654
102.41  -7.648
102.57  -7.641
102.73  -7.635
102.89  -7.629
103.04  -7.623
103.21  -7.617
103.36  -7.611
103.52  -7.605
103.69  -7.598
103.85  -7.592
104.01  -7.586
104.17  -7.580
104.33  -7.574
104.48  -7.567
104.64  -7.561
104.79  -7.555
104.95  -7.549
105.11  -7.543
105.27  -7.537
105.43  -7.531
105.59  -7.525
105.75  -7.518
105.91  -7.512
106.06  -7.507
106.22  -7.501
106.38  -7.495
106.53  -7.489
106.68  -7.483
106.83  -7.477
106.98  -7.471
107.14  -7.465
107.29  -7.460
107.45  -7.454
107.60  -7.448
107.76  -7.442
107.91  -7.436
108.07  -7.431
108.22  -7.425
108.38  -7.419
108.54  -7.413
108.69  -7.407
108.84  -7.402
108.99  -7.396
109.15  -7.390
109.31  -7.384
109.46  -7.378
109.62  -7.373
109.77  -7.367
109.93  -7.361
110.08  -7.355
110.24  -7.349
110.40  -7.344
110.55  -7.338
110.70  -7.332
110.86  -7.326
111.01  -7.320
111.17  -7.315
111.32  -7.309
111.48  -7.303
111.64  -7.297
111.79  -7.291
111.95  -7.285
112.10  -7.280
112.26  -7.274
112.42  -7.268
112.57  -7.262
112.72  -7.256
112.88  -7.251
113.03  -7.245
113.19  -7.239
113.34  -7.233
113.50  -7.228
113.65  -7.222
113.81  -7.216
113.96  -7.210
114.12  -7.205
114.28  -7.199
114.43  -7.193
114.59  -7.188
114.74  -7.182
114.89  -7.176
115.05  -7.171
115.20  -7.165
115.36  -7.159
115.51  -7.154
115.67  -7.148
115.82  -7.142
115.98  -7.136
116.14  -7.131
116.29  -7.125
116.45  -7.119
116.60  -7.113
116.76  -7.107
116.91  -7.102
117.06  -7.096
117.22  -7.090
117.37  -7.084
117.53  -7.078
117.69  -7.073
117.84  -7.067
118.00  -7.061
118.15  -7.055
118.31  -7.049
118.46  -7.044
118.62  -7.038
118.78  -7.032
118.93  -7.026
119.08  -7.021
119.24  -7.015
119.39  -7.009
119.55  -7.003
119.70  -6.997
119.86  -6.992
120.01  -6.986
120.17  -6.980
120.32  -6.974
120.48  -6.969
120.63  -6.963
120.79  -6.957
120.95  -6.951
121.10  -6.946
121.25  -6.940
121.41  -6.934
121.56  -6.929
121.72  -6.923
121.87  -6.917
122.03  -6.912
122.19  -6.906
122.34  -6.900
122.50  -6.895
122.65  -6.889
122.81  -6.883
122.96  -6.878
123.11  -6.872
123.27  -6.866
123.42  -6.860
123.58  -6.855
123.73  -6.849
123.89  -6.843
124.04  -6.837
124.20  -6.831
124.36  -6.825
124.51  -6.820
124.67  -6.814
124.82  -6.808
124.98  -6.802
125.13  -6.797
125.28  -6.791
125.44  -6.786
125.60  -6.780
125.75  -6.775
125.90  -6.770
126.06  -6.765
126.22  -6.759
126.37  -6.754
126.53  -6.749
126.68  -6.744
126.84  -6.739
127.00  -6.734
127.15  -6.729
127.30  -6.724
127.46  -6.719
127.61  -6.714
127.77  -6.709
127.92  -6.704
128.08  -6.699
128.23  -6.694
128.39  -6.689
128.54  -6.684
128.70  -6.679
128.86  -6.674
129.01  -6.668
129.17  -6.663
129.33  -6.658
129.48  -6.652
129.63  -6.647
129.79  -6.642
129.94  -6.636
130.10  -6.631
130.25  -6.625
130.41  -6.620
130.56  -6.614
130.72  -6.609
130.88  -6.603
131.03  -6.597
131.19  -6.592
131.35  -6.586
131.50  -6.580
131.65  -6.574
131.81  -6.568
131.96  -6.563
132.11  -6.557
132.27  -6.551
132.42  -6.545
132.58  -6.539
132.73  -6.533
132.89  -6.527
133.05  -6.520
133.20  -6.514
133.36  -6.508
133.51  -6.502
133.66  -6.495
133.82  -6.489
133.98  -6.483
134.13  -6.476
134.28  -6.470
134.44  -6.463
134.59  -6.457
134.75  -6.450
134.90  -6.444
135.06  -6.438
135.22  -6.431
135.37  -6.425
135.53  -6.418
135.68  -6.412
135.83  -6.406
135.99  -6.399
136.15  -6.393
136.30  -6.387
136.45  -6.381
136.61  -6.374
136.76  -6.368
136.92  -6.362
137.07  -6.355
137.23  -6.349
137.39  -6.343
137.54  -6.336
137.70  -6.330
137.85  -6.324
138.01  -6.317
138.16  -6.311
138.47  -6.299
138.62  -6.294
138.78  -6.288
138.93  -6.282
139.25  -6.270
139.40  -6.264
139.56  -6.257
139.71  -6.251
139.87  -6.245
140.02  -6.238
140.17  -6.232
140.33  -6.226
140.64  -6.212
140.79  -6.205
140.95  -6.198
141.10  -6.190
141.26  -6.183
141.41  -6.176
141.57  -6.169
141.73  -6.161
141.88  -6.155
142.19  -6.141
142.34  -6.134
142.49  -6.128
142.79  -6.115
143.10  -6.103
143.25  -6.097
143.40  -6.091
143.56  -6.086
143.71  -6.080
143.86  -6.074
144.01  -6.069
144.16  -6.063
144.31  -6.057
144.46  -6.052
144.61  -6.046
144.77  -6.040
144.91  -6.034
145.06  -6.029
145.21  -6.023
145.36  -6.017
145.51  -6.011
145.67  -6.005
145.82  -5.999
146.12  -5.987
146.27  -5.981
146.42  -5.974
146.57  -5.968
146.73  -5.962
146.87  -5.956
147.02  -5.949
147.33  -5.937
147.48  -5.930
147.63  -5.924
147.79  -5.917
147.94  -5.911
148.09  -5.905
148.24  -5.898
148.39  -5.892
148.54  -5.885
148.84  -5.873
148.99  -5.866
149.14  -5.860
149.30  -5.853
149.45  -5.847
149.60  -5.840
149.75  -5.834
149.91  -5.827
150.06  -5.821
150.21  -5.815
150.36  -5.808
150.51  -5.802
150.66  -5.796
150.82  -5.789
150.96  -5.783
151.11  -5.777
151.26  -5.770
151.42  -5.764
151.57  -5.758
151.72  -5.751
151.87  -5.745
152.02  -5.739
152.18  -5.732
152.33  -5.726
152.48  -5.720
152.63  -5.713
152.77  -5.707
152.93  -5.700
153.08  -5.694
153.23  -5.687
153.38  -5.681
153.54  -5.674
153.69  -5.668
153.84  -5.661
153.99  -5.655
154.14  -5.648
154.30  -5.642
154.45  -5.635
154.59  -5.629
154.75  -5.622
154.90  -5.616
155.05  -5.609
155.20  -5.602
155.36  -5.595
155.51  -5.588
155.66  -5.581
155.81  -5.574
155.96  -5.567
156.11  -5.560
156.26  -5.553
156.42  -5.547
156.56  -5.540
156.72  -5.533
156.88  -5.527
157.04  -5.520
157.20  -5.514
157.36  -5.508
157.52  -5.502
157.67  -5.496
157.83  -5.491
157.99  -5.485
158.15  -5.480
158.31  -5.475
158.47  -5.469
158.63  -5.464
158.79  -5.459
158.95  -5.453
159.10  -5.448
159.26  -5.442
159.42  -5.436
159.58  -5.430
159.73  -5.424
159.89  -5.418
160.05  -5.412
160.21  -5.406
160.37  -5.399
160.53  -5.392
160.69  -5.386
160.85  -5.379
161.00  -5.372
161.16  -5.365
161.32  -5.358
161.47  -5.352
161.64  -5.345
161.80  -5.339
161.95  -5.332
162.11  -5.325
162.27  -5.319
162.43  -5.312
162.59  -5.306
162.75  -5.299
162.91  -5.293
163.06  -5.287
163.22  -5.281
163.38  -5.275
163.54  -5.268
163.70  -5.262
163.86  -5.256
164.02  -5.249
164.18  -5.242
164.34  -5.235
164.49  -5.228
164.65  -5.221
164.80  -5.214
164.96  -5.207
165.12  -5.200
165.28  -5.193
165.44  -5.186
165.60  -5.179
165.76  -5.172
165.92  -5.164
166.08  -5.157
166.24  -5.150
166.40  -5.143
166.56  -5.135
166.72  -5.128
166.87  -5.121
167.03  -5.114
167.19  -5.106
167.35  -5.099
167.51  -5.092
167.66  -5.085
167.83  -5.078
167.98  -5.071
168.14  -5.065
168.30  -5.058
168.45  -5.052
168.61  -5.045
168.77  -5.039
168.93  -5.032
169.09  -5.026
169.25  -5.020
169.41  -5.013
169.57  -5.007
169.73  -5.001
169.88  -4.994
170.04  -4.988
170.20  -4.982
170.36  -4.975
170.52  -4.969
170.68  -4.963
170.84  -4.956
171.00  -4.950
171.16  -4.944
171.32  -4.937
171.47  -4.931
171.63  -4.925
171.79  -4.918
171.95  -4.912
172.11  -4.906
172.27  -4.899
172.43  -4.893
172.59  -4.886
172.75  -4.880
172.90  -4.873
173.06  -4.866
173.22  -4.859
173.38  -4.852
173.54  -4.845
173.70  -4.838
173.86  -4.830
174.02  -4.823
174.18  -4.816
174.33  -4.809
174.49  -4.802
174.65  -4.795
174.81  -4.788
174.97  -4.781
175.13  -4.774
175.29  -4.767
175.45  -4.760
175.60  -4.754
175.77  -4.747
175.93  -4.740
176.09  -4.734
176.25  -4.727
176.41  -4.720
176.57  -4.714
176.73  -4.707
176.88  -4.701
177.04  -4.694
177.20  -4.687
177.36  -4.680
177.52  -4.674
177.68  -4.667
177.84  -4.660
177.99  -4.653
178.15  -4.646
178.31  -4.639
178.47  -4.632
178.63  -4.625
178.79  -4.617
178.95  -4.610
179.11  -4.603
179.26  -4.596
179.42  -4.589
179.58  -4.582
179.73  -4.574
179.89  -4.567
180.05  -4.560
180.20  -4.553
180.36  -4.547
180.52  -4.540
180.67  -4.533
180.82  -4.527
180.98  -4.521
181.13  -4.514
181.28  -4.508
181.44  -4.502
181.60  -4.496
181.75  -4.489
181.90  -4.483
182.06  -4.476
182.22  -4.470
182.37  -4.464
182.52  -4.457
182.68  -4.451
182.83  -4.444
182.98  -4.437
183.14  -4.431
183.29  -4.424
183.45  -4.417
183.60  -4.410
183.76  -4.403
183.91  -4.395
184.07  -4.388
184.22  -4.381
184.38  -4.374
184.53  -4.367
184.69  -4.359
184.84  -4.352
185.00  -4.345
185.16  -4.337
185.31  -4.329
185.46  -4.322
185.62  -4.314
185.77  -4.306
185.93  -4.298
186.08  -4.289
186.24  -4.281
186.40  -4.273
186.55  -4.265
186.70  -4.257
186.86  -4.249
187.01  -4.241
187.17  -4.233
187.32  -4.225
187.48  -4.217
187.63  -4.210
187.78  -4.202
187.94  -4.195
188.09  -4.187
188.24  -4.180
188.40  -4.173
188.55  -4.166
188.71  -4.159
188.87  -4.153
189.02  -4.146
189.17  -4.139
189.33  -4.132
189.48  -4.125
189.64  -4.118
189.79  -4.112
189.95  -4.105
190.10  -4.098
190.25  -4.091
190.41  -4.084
190.56  -4.077
190.71  -4.070
190.87  -4.062
191.03  -4.055
191.18  -4.048
191.33  -4.040
191.49  -4.033
191.64  -4.026
191.80  -4.018
191.95  -4.011
192.11  -4.004
192.26  -3.996
192.41  -3.989
192.57  -3.982
192.72  -3.974
192.88  -3.967
193.03  -3.960
193.19  -3.953
193.34  -3.945
193.49  -3.938
193.65  -3.931
193.81  -3.924
193.96  -3.917
194.11  -3.909
194.27  -3.902
194.43  -3.895
194.58  -3.888
194.73  -3.881
194.89  -3.874
195.04  -3.867
195.20  -3.860
195.35  -3.853
195.51  -3.847
195.66  -3.840
195.81  -3.833
195.97  -3.827
196.12  -3.820
196.28  -3.814
196.43  -3.807
196.58  -3.801
196.74  -3.794
196.90  -3.788
197.05  -3.782
197.20  -3.775
197.36  -3.769
197.51  -3.762
197.67  -3.756
197.82  -3.749
197.98  -3.742
198.13  -3.736
198.28  -3.729
198.44  -3.722
198.60  -3.715
198.75  -3.709
198.90  -3.702
199.06  -3.695
199.21  -3.688
199.36  -3.681
199.52  -3.675
199.68  -3.668
199.83  -3.661
199.98  -3.654
200.14  -3.648
200.30  -3.641
200.45  -3.634
200.60  -3.628
200.76  -3.621
200.91  -3.614
201.07  -3.608
201.22  -3.601
201.38  -3.594
201.53  -3.588
201.68  -3.581
201.84  -3.574
202.00  -3.567
202.15  -3.561
202.30  -3.554
202.46  -3.547
202.62  -3.540
202.77  -3.533
202.92  -3.526
203.08  -3.519
203.23  -3.512
203.39  -3.505
203.54  -3.498
203.70  -3.490
203.85  -3.483
204.00  -3.476
204.16  -3.468
204.32  -3.461
204.47  -3.454
204.62  -3.446
204.78  -3.439
204.93  -3.432
205.09  -3.425
205.24  -3.418
205.39  -3.411
205.55  -3.405
205.71  -3.398
205.86  -3.392
206.01  -3.385
206.17  -3.379
206.33  -3.372
206.48  -3.365
206.63  -3.358
206.79  -3.351
206.94  -3.344
207.09  -3.336
207.25  -3.329
207.40  -3.322
207.55  -3.314
207.71  -3.306
207.87  -3.298
208.02  -3.290
208.17  -3.282
208.33  -3.274
208.49  -3.266
208.64  -3.258
208.79  -3.250
208.95  -3.241
209.10  -3.233
209.26  -3.225
209.41  -3.217
209.57  -3.209
209.72  -3.201
209.87  -3.193
210.03  -3.185
210.19  -3.177
210.34  -3.169
210.49  -3.162
210.65  -3.154
210.81  -3.146
210.96  -3.139
211.11  -3.131
211.27  -3.124
211.42  -3.116
211.58  -3.108
211.73  -3.101
211.88  -3.093
212.03  -3.085
212.19  -3.078
212.35  -3.070
212.50  -3.062
212.66  -3.055
212.81  -3.047
212.97  -3.039
213.12  -3.031
213.28  -3.024
213.43  -3.016
213.58  -3.008
213.74  -3.001
213.89  -2.993
214.04  -2.986
214.20  -2.979
214.35  -2.972
214.50  -2.965
214.66  -2.958
214.81  -2.951
214.97  -2.944
215.12  -2.937
215.27  -2.931
215.43  -2.925
215.58  -2.918
215.73  -2.912
215.88  -2.906
216.03  -2.899
216.19  -2.893
216.33  -2.887
216.47  -2.880
216.62  -2.874
216.77  -2.867
216.92  -2.861
217.08  -2.854
217.23  -2.847
217.37  -2.840
217.52  -2.833
217.67  -2.826
217.83  -2.818
217.98  -2.811
218.13  -2.803
218.28  -2.796
218.43  -2.788
218.57  -2.781
218.73  -2.773
218.88  -2.766
219.03  -2.758
219.18  -2.751
219.33  -2.744
219.48  -2.736
219.63  -2.729
219.78  -2.722
219.93  -2.715
220.08  -2.708
220.23  -2.701
220.38  -2.694
220.53  -2.687
220.69  -2.680
220.84  -2.673
220.98  -2.666
221.13  -2.660
221.29  -2.653
221.44  -2.646
221.59  -2.640
221.74  -2.633
221.89  -2.627
222.04  -2.620
222.18  -2.614
222.34  -2.608
222.49  -2.602
222.64  -2.597
222.79  -2.591
222.94  -2.585
223.09  -2.580
223.24  -2.574
223.39  -2.568
223.54  -2.563
223.69  -2.557
223.84  -2.551
223.99  -2.545
224.14  -2.540
224.44  -2.528
224.59  -2.522
224.74  -2.515
224.89  -2.509
225.04  -2.503
225.19  -2.496
225.35  -2.489
225.50  -2.483
225.64  -2.476
225.79  -2.469
225.94  -2.462
226.09  -2.455
226.24  -2.448
226.40  -2.441
226.55  -2.433
226.71  -2.426
226.87  -2.418
227.04  -2.411
227.20  -2.403
227.36  -2.395
227.52  -2.387
227.69  -2.379
227.86  -2.371
228.02  -2.363
228.19  -2.355
228.35  -2.346
228.52  -2.338
228.68  -2.330
228.84  -2.321
229.01  -2.313
229.17  -2.305
229.33  -2.296
229.50  -2.288
229.66  -2.280
229.82  -2.272
229.99  -2.264
230.15  -2.256
230.31  -2.248
230.48  -2.240
230.64  -2.232
230.81  -2.224
230.97  -2.216
231.14  -2.209
231.30  -2.201
231.47  -2.193
231.63  -2.185
231.79  -2.178
231.96  -2.170
232.12  -2.162
232.29  -2.155
232.44  -2.147
232.61  -2.140
232.78  -2.132
232.94  -2.125
233.10  -2.117
233.27  -2.110
233.43  -2.102
233.60  -2.095
233.76  -2.088
233.92  -2.080
234.09  -2.073
234.25  -2.066
234.41  -2.058
234.58  -2.051
234.74  -2.044
234.91  -2.037
235.07  -2.030
235.24  -2.022
235.56  -2.008
235.72  -2.001
235.89  -1.994
236.05  -1.987
236.21  -1.979
236.38  -1.972
236.54  -1.965
236.71  -1.958
236.88  -1.951
237.04  -1.943
237.20  -1.936
237.36  -1.929
237.53  -1.921
237.69  -1.914
238.02  -1.899
238.18  -1.892
238.35  -1.884
238.51  -1.877
238.68  -1.870
239.00  -1.855
239.17  -1.847
239.33  -1.840
239.49  -1.832
239.82  -1.817
239.98  -1.809
240.15  -1.801
240.31  -1.793
240.65  -1.777
241.30  -1.744
241.46  -1.735
241.79  -1.719
241.96  -1.711
242.12  -1.702
242.29  -1.694
242.45  -1.686
242.62  -1.678
242.78  -1.670
242.95  -1.663
243.11  -1.655
243.27  -1.648
243.44  -1.641
243.60  -1.634
243.77  -1.627
243.93  -1.619
244.10  -1.612
244.26  -1.605
244.43  -1.597
244.59  -1.590
244.75  -1.582
244.92  -1.574
245.09  -1.566
245.25  -1.558
245.41  -1.550
245.58  -1.541
245.74  -1.532
245.91  -1.524
246.07  -1.515
246.24  -1.506
246.40  -1.497
246.57  -1.488
246.73  -1.479
246.90  -1.470
247.06  -1.462
247.22  -1.453
247.39  -1.445
247.55  -1.437
247.72  -1.429
247.88  -1.421
248.05  -1.413
248.21  -1.406
248.54  -1.391
248.70  -1.384
249.04  -1.370
249.20  -1.363
249.37  -1.357
249.53  -1.350
249.86  -1.336
250.02  -1.328
250.35  -1.314
250.51  -1.307
250.68  -1.300
250.84  -1.293
251.01  -1.285
251.17  -1.278
251.34  -1.270
251.66  -1.255
251.81  -1.248
251.97  -1.240
252.13  -1.233
252.29  -1.225
252.45  -1.218
252.61  -1.210
252.77  -1.203
253.09  -1.188
253.41  -1.173
253.57  -1.166
253.73  -1.158
254.05  -1.144
254.21  -1.137
254.37  -1.129
254.53  -1.122
254.70  -1.115
254.86  -1.107
255.02  -1.100
255.17  -1.093
255.33  -1.086
255.49  -1.079
255.65  -1.072
255.82  -1.065
255.98  -1.059
256.14  -1.053
256.30  -1.047
256.46  -1.041
256.61  -1.035
256.77  -1.029
256.93  -1.024
257.10  -1.017
257.26  -1.011
257.42  -1.005
257.58  -0.998
257.74  -0.991
257.90  -0.984
258.06  -0.977
258.22  -0.970
258.38  -0.962
258.70  -0.946
258.86  -0.938
259.02  -0.929
259.18  -0.920
259.34  -0.912
259.50  -0.903
259.66  -0.895
259.82  -0.887
259.98  -0.879
260.14  -0.871
260.30  -0.864
260.62  -0.849
260.78  -0.842
260.94  -0.835
261.10  -0.829
261.57  -0.811
261.73  -0.805
261.89  -0.799
262.05  -0.793
262.22  -0.787
262.38  -0.781
262.70  -0.769
262.86  -0.762
263.01  -0.756
263.17  -0.749
263.34  -0.742
263.50  -0.735
263.65  -0.728
263.82  -0.721
264.14  -0.706
264.30  -0.698
264.45  -0.691
264.61  -0.683
264.93  -0.668
265.09  -0.661
265.26  -0.654
265.58  -0.639
265.73  -0.632
266.05  -0.618
266.21  -0.611
266.37  -0.604
266.86  -0.585
267.17  -0.571
267.33  -0.565
267.49  -0.558
267.81  -0.545
267.98  -0.538
268.14  -0.531
268.29  -0.524
268.61  -0.510
268.77  -0.503
268.94  -0.496
269.09  -0.489
269.26  -0.482
269.42  -0.474
269.57  -0.467
269.73  -0.459
269.89  -0.452
270.05  -0.444
270.22  -0.436
270.54  -0.421
270.70  -0.414
270.85  -0.406
271.01  -0.398
271.17  -0.391
271.33  -0.383
271.49  -0.376
271.66  -0.368
271.82  -0.361
271.98  -0.353
272.13  -0.346
272.29  -0.338
272.45  -0.330
272.62  -0.323
272.77  -0.315
272.94  -0.308
273.10  -0.300
273.26  -0.292
273.41  -0.285
273.57  -0.277
273.73  -0.269
273.90  -0.261
274.06  -0.253
274.38  -0.238
274.54  -0.230
274.69  -0.222
274.85  -0.214
275.02  -0.206
275.17  -0.198
275.34  -0.191
275.50  -0.183
275.66  -0.175
275.81  -0.167
275.97  -0.159
276.13  -0.151
276.46  -0.135
276.62  -0.126
276.78  -0.117
277.09  -0.100
277.25  -0.091
277.42  -0.083
277.58  -0.074
277.74  -0.066
277.90  -0.058
278.05  -0.049
278.21  -0.041
278.37  -0.033
278.53  -0.026
278.70  -0.018
278.86  -0.011
279.02  -0.004
279.17   0.003
279.49   0.016
279.65   0.023
279.82   0.029
279.98   0.036
280.14   0.042
280.30   0.049
280.46   0.055
280.62   0.062
280.78   0.069
281.10   0.082
281.26   0.089
281.42   0.096
281.58   0.104
281.74   0.111
281.90   0.119
282.06   0.126
282.22   0.134
282.38   0.141
282.55   0.149
282.71   0.156
282.87   0.163
283.02   0.171
283.18   0.178
283.34   0.185
283.50   0.192
283.67   0.199
283.83   0.206
283.99   0.213
284.14   0.219
284.30   0.226
284.46   0.233
284.78   0.245
285.25   0.265
285.41   0.271
285.57   0.277
285.73   0.283
285.89   0.289
286.04   0.296
286.19   0.302
286.50   0.314
286.65   0.321
286.81   0.327
286.96   0.334
287.12   0.340
287.28   0.347
287.43   0.353
287.58   0.360
287.74   0.366
287.90   0.373
288.06   0.380
288.21   0.386
288.37   0.393
288.52   0.399
288.68   0.406
288.84   0.412
288.99   0.418
289.14   0.425
289.30   0.431
289.46   0.437
289.61   0.444
289.77   0.450
289.92   0.456
290.07   0.463
290.23   0.469
290.39   0.475
290.55   0.481
291.02   0.500
291.32   0.512
291.48   0.519
291.64   0.525
291.79   0.531
291.95   0.537
292.11   0.543
292.26   0.549
292.41   0.556
292.57   0.562
292.73   0.568
292.88   0.574
293.04   0.580
293.20   0.586
293.35   0.593
293.50   0.599
293.66   0.605
293.82   0.611
293.97   0.617
294.13   0.624
294.28   0.630
294.44   0.636
294.59   0.642
294.75   0.648
294.90   0.654
295.06   0.660
295.22   0.666
295.37   0.672
295.53   0.678
295.69   0.685
295.84   0.691
295.99   0.697
296.15   0.703
296.31   0.709
296.62   0.722
296.78   0.729
297.08   0.743
297.24   0.750
297.39   0.757
297.55   0.763
297.71   0.770
297.87   0.777
298.02   0.783
298.17   0.789
298.48   0.801
298.64   0.807
298.80   0.812
298.95   0.818
299.11   0.823
299.26   0.828
299.57   0.837
299.73   0.841
299.89   0.845
300.04   0.850
300.20   0.854
300.35   0.858
300.50   0.863
300.66   0.868
300.97   0.877
301.13   0.881
301.28   0.886
301.44   0.891
301.59   0.895
301.75   0.900
302.06   0.910
302.22   0.915
302.38   0.920
302.53   0.926
302.68   0.931
303.00   0.942
303.31   0.953
303.47   0.958
303.62   0.964
303.77   0.970
303.92   0.975
304.08   0.981
304.24   0.987
304.40   0.994
305.17   1.025
305.48   1.038
305.64   1.044
305.95   1.057
306.11   1.064
306.26   1.071
306.41   1.077
306.57   1.084
306.73   1.090
306.89   1.097
307.04   1.103
307.20   1.110
307.35   1.116
307.50   1.122
307.66   1.129
307.82   1.135
307.97   1.142
308.13   1.148
308.29   1.155
308.45   1.161
308.59   1.167
308.91   1.180
309.06   1.186
309.22   1.192
309.37   1.199
309.53   1.205
309.68   1.211
309.84   1.217
309.99   1.223
310.15   1.229
310.31   1.235
310.46   1.241
310.62   1.247
310.77   1.253
310.92   1.259
311.08   1.265
311.24   1.272
311.40   1.278
311.55   1.284
311.71   1.290
311.87   1.297
312.02   1.303
312.17   1.310
312.33   1.316
312.49   1.323
312.64   1.329
312.80   1.336
312.96   1.342
313.11   1.349
313.27   1.356
313.42   1.362
313.58   1.369
313.73   1.375
313.89   1.382
314.05   1.388
314.21   1.395
314.36   1.401
314.51   1.408
314.67   1.414
314.83   1.421
314.98   1.427
315.14   1.434
315.30   1.440
315.46   1.447
315.60   1.453
315.76   1.460
315.92   1.466
316.08   1.473
316.23   1.479
316.39   1.485
316.55   1.492
316.70   1.498
317.01   1.511
317.17   1.517
317.33   1.523
317.49   1.530
317.64   1.536
317.80   1.542
317.95   1.548
318.10   1.555
318.26   1.561
318.41   1.567
318.57   1.574
318.73   1.580
319.03   1.593
319.17   1.600
319.33   1.607
319.48   1.614
319.63   1.620
319.78   1.627
320.23   1.648
320.38   1.654
320.54   1.661
320.69   1.668
320.84   1.674
321.00   1.681
321.15   1.687
321.30   1.693
321.45   1.699
321.60   1.705
321.75   1.710
321.90   1.716
322.06   1.721
322.36   1.732
322.50   1.737
322.66   1.742
322.81   1.748
322.96   1.753
323.11   1.758
323.27   1.764
323.42   1.769
323.57   1.774
323.72   1.780
323.87   1.785
324.02   1.791
324.18   1.797
324.33   1.802
324.78   1.820
324.93   1.826
325.08   1.831
325.24   1.837
325.39   1.843
325.54   1.849
325.70   1.855
325.85   1.861
325.99   1.867
326.14   1.873
326.30   1.879
326.45   1.885
326.60   1.892
326.75   1.898
326.91   1.904
327.20   1.917
327.35   1.923
327.50   1.929
327.66   1.936
327.81   1.942
327.96   1.948
328.41   1.967
328.56   1.974
328.72   1.980
328.87   1.986
329.17   1.998
329.33   2.004
329.47   2.010
329.62   2.016
329.77   2.022
329.92   2.028
330.07   2.034
330.23   2.040
330.38   2.046
330.53   2.052
330.67   2.058
330.83   2.064
330.98   2.070
331.13   2.076
331.29   2.082
331.44   2.088
331.74   2.100
331.89   2.106
332.04   2.112
332.19   2.118
332.34   2.124
332.65   2.136
332.80   2.142
332.95   2.148
333.10   2.154
333.25   2.159
333.40   2.165
333.55   2.171
333.70   2.177
333.85   2.183
334.00   2.188
334.15   2.194
334.30   2.200
334.46   2.205
334.61   2.211
335.21   2.234
335.37   2.239
335.52   2.245
335.67   2.251
335.82   2.256
335.98   2.262
336.13   2.268
336.42   2.279
336.58   2.285
336.73   2.291
336.88   2.297
337.03   2.303
337.19   2.308
337.34   2.314
337.48   2.320
337.79   2.332
337.94   2.338
338.09   2.344
338.40   2.356
338.55   2.362
338.70   2.368
339.00   2.380
339.15   2.386
339.31   2.393
339.46   2.399
339.61   2.405
339.75   2.411
339.91   2.417
340.06   2.424
340.21   2.430
340.37   2.436
340.52   2.442
340.67   2.448
340.82   2.455
340.96   2.461
341.12   2.467
341.27   2.473
341.42   2.480
341.58   2.486
341.73   2.492
341.88   2.498
342.03   2.505
342.18   2.511
342.33   2.517
342.48   2.524
342.64   2.530
342.79   2.536
342.94   2.542
343.09   2.548
343.24   2.554
343.39   2.560
343.54   2.565
343.69   2.571
344.00   2.582
344.15   2.588
344.30   2.593
344.45   2.599
344.60   2.605
344.75   2.610
344.91   2.616
345.06   2.622
345.21   2.628
345.36   2.634
345.66   2.647
345.81   2.654
345.97   2.661
346.12   2.668
346.27   2.675
346.42   2.682
346.57   2.689
346.72   2.696
346.87   2.703
347.03   2.710
347.18   2.716
347.49   2.730
347.64   2.736
347.78   2.742
347.94   2.749
348.09   2.755
348.24   2.760
348.39   2.766
348.54   2.772
348.69   2.777
348.84   2.783
349.00   2.788
349.15   2.794
349.30   2.799
349.45   2.805
349.61   2.810
349.76   2.816
349.91   2.822
350.06   2.827
350.21   2.833
350.36   2.839
350.51   2.845
350.66   2.851
350.81   2.857
350.96   2.863
351.11   2.869
351.26   2.875
351.40   2.881
351.55   2.887
351.69   2.893
351.84   2.899
351.99   2.906
352.14   2.912
352.28   2.918
352.43   2.924
352.58   2.930
352.73   2.936
352.87   2.942
353.02   2.948
353.16   2.953
353.31   2.959
353.46   2.965
353.61   2.971
353.75   2.976
353.90   2.982
354.05   2.988
354.20   2.993
354.34   2.999
354.49   3.005
354.64   3.010
354.79   3.016
354.93   3.022
355.08   3.028
355.23   3.034
355.38   3.040
355.52   3.046
355.67   3.052
355.81   3.058
355.96   3.064
356.11   3.070
356.26   3.076
356.41   3.082
356.55   3.088
356.70   3.094
356.84   3.100
356.99   3.107
357.14   3.113
357.29   3.118
357.44   3.124
357.58   3.130
357.73   3.136
357.87   3.142
358.02   3.147
358.17   3.153
358.32   3.158
358.46   3.164
358.61   3.170
358.75   3.175
358.90   3.181
359.05   3.186
359.20   3.192
359.35   3.197
359.50   3.203
359.65   3.208
359.79   3.214
359.93   3.220
360.08   3.225
360.23   3.231
360.38   3.237
360.52   3.242
360.67   3.248
360.82   3.254
360.96   3.260
361.11   3.265
361.25   3.271
361.40   3.277
361.55   3.283
361.70   3.288
361.84   3.294
361.99   3.300
362.14   3.306
362.28   3.311
362.43   3.317
362.58   3.323
362.88   3.335
363.02   3.340
363.16   3.346
363.31   3.352
363.46   3.358
363.61   3.364
363.76   3.370
363.91   3.376
364.05   3.381
364.19   3.387
364.34   3.393
364.49   3.399
364.63   3.405
364.78   3.411
364.93   3.416
365.07   3.422
365.22   3.428
365.37   3.434
365.52   3.440
365.67   3.446
365.81   3.451
365.96   3.457
366.10   3.463
366.25   3.469
366.39   3.475
366.54   3.481
366.69   3.486
366.84   3.492
367.14   3.504
367.42   3.515
367.57   3.521
367.72   3.527
367.87   3.533
368.16   3.544
368.31   3.550
368.45   3.556
368.60   3.562
368.90   3.574
369.05   3.580
369.19   3.586
369.33   3.591
369.48   3.597
369.63   3.603
369.93   3.615
370.07   3.621
370.22   3.627
370.36   3.633
370.51   3.639
370.66   3.645
370.80   3.651
370.95   3.657
371.10   3.663
371.24   3.670
371.39   3.676
371.54   3.682
371.69   3.688
371.83   3.694
371.98   3.700
372.13   3.706
372.27   3.712
372.42   3.719
372.56   3.725
372.71   3.731
372.86   3.737
373.01   3.743
373.16   3.750
373.30   3.756
373.45   3.762
373.59   3.768
373.74   3.775
373.89   3.781
374.04   3.787
374.19   3.793
374.33   3.799
374.47   3.806
374.62   3.812
374.77   3.818
374.92   3.824
375.07   3.831
375.21   3.837
375.35   3.843
375.50   3.849
375.65   3.856
375.80   3.862
375.95   3.868
376.10   3.875
376.25   3.881
376.39   3.888
376.53   3.894
376.68   3.901
376.83   3.907
376.98   3.914
377.12   3.921
377.27   3.927
377.41   3.934
377.56   3.941
377.71   3.947
377.86   3.954
378.01   3.961
378.16   3.967
378.30   3.974
378.45   3.981
378.59   3.987
378.74   3.994
378.89   4.000
379.04   4.007
379.19   4.013
379.33   4.020
379.48   4.026
379.63   4.033
379.77   4.040
379.92   4.046
380.07   4.053
380.21   4.059
380.36   4.066
380.51   4.072
380.66   4.079
380.81   4.085
380.96   4.092
381.11   4.098
381.25   4.105
381.39   4.111
381.54   4.118
381.84   4.131
382.13   4.144
382.27   4.151
382.42   4.157
382.56   4.164
382.70   4.171
382.85   4.177
382.99   4.184
383.13   4.191
383.27   4.197
383.42   4.204
383.56   4.211
383.71   4.217
383.85   4.224
383.99   4.231
384.13   4.238
384.27   4.245
384.41   4.251
384.56   4.258
384.70   4.265
384.85   4.272
384.99   4.278
385.13   4.285
385.27   4.292
385.42   4.299
385.56   4.306
385.71   4.313
385.85   4.320
385.99   4.326
386.13   4.333
386.27   4.340
386.42   4.347
386.56   4.354
386.70   4.361
386.84   4.368
386.99   4.375
387.13   4.381
387.27   4.388
387.42   4.395
387.56   4.401
387.70   4.408
387.84   4.414
387.98   4.420
388.13   4.426
388.27   4.432
388.42   4.438
388.56   4.444
388.70   4.450
388.84   4.456
388.98   4.461
389.13   4.467
389.27   4.472
389.41   4.478
389.56   4.484
389.70   4.489
389.84   4.495
389.98   4.501
390.12   4.507
390.27   4.513
390.41   4.519
390.55   4.525
390.69   4.531
390.84   4.537
390.98   4.544
391.12   4.550
391.26   4.556
391.40   4.563
391.55   4.569
391.69   4.575
391.83   4.582
391.97   4.588
392.12   4.594
392.25   4.600
392.40   4.606
392.55   4.612
392.69   4.617
392.83   4.623
392.97   4.628
393.11   4.633
393.26   4.639
393.40   4.644
393.54   4.649
393.68   4.655
393.82   4.660
393.97   4.666
394.11   4.671
394.40   4.683
394.54   4.689
394.68   4.695
394.82   4.701
394.96   4.708
395.10   4.714
395.25   4.721
395.39   4.728
395.53   4.735
395.68   4.741
395.82   4.748
395.96   4.755
396.11   4.762
396.24   4.769
396.39   4.775
396.53   4.782
396.67   4.788
396.82   4.794
396.96   4.800
397.24   4.811
397.39   4.816
397.53   4.820
397.67   4.825
397.81   4.830
397.95   4.835
398.10   4.840
398.24   4.845
398.38   4.850
398.53   4.855
398.66   4.860
398.81   4.866
398.95   4.871
399.09   4.877
399.24   4.883
399.38   4.889
399.52   4.896
399.67   4.903
399.95   4.917
400.09   4.924
400.23   4.931
400.38   4.938
400.52   4.944
400.66   4.951
400.81   4.958
400.96   4.964
401.11   4.971
401.26   4.977
401.41   4.984
401.56   4.990
401.72   4.996
401.87   5.003
402.02   5.009
402.17   5.015
402.33   5.021
402.49   5.027
402.64   5.033
402.79   5.039
402.95   5.045
403.11   5.051
403.27   5.058
403.42   5.064
403.58   5.070
403.74   5.077
403.90   5.083
404.06   5.090
404.22   5.096
404.37   5.102
404.53   5.109
404.69   5.115
404.84   5.122
405.00   5.128
405.16   5.135
405.31   5.142
405.47   5.148
405.63   5.155
405.79   5.161
405.95   5.168
406.10   5.175
406.26   5.181
406.42   5.188
406.58   5.195
406.74   5.201
406.89   5.208
407.05   5.214
407.21   5.221
407.36   5.228
407.52   5.234
407.67   5.241
407.83   5.247
407.99   5.254
408.15   5.260
408.31   5.267
408.46   5.273
408.62   5.280
408.78   5.286
408.94   5.292
409.10   5.299
409.26   5.305
409.41   5.311
409.57   5.317
409.73   5.323
409.88   5.329
410.04   5.335
410.20   5.341
410.36   5.347
410.52   5.352
410.67   5.358
410.83   5.364
410.99   5.370
411.15   5.376
411.46   5.387
411.62   5.393
411.77   5.399
412.09   5.411
412.25   5.417
412.41   5.423
412.56   5.430
412.72   5.436
412.87   5.442
413.02   5.448
413.33   5.460
413.48   5.466
413.63   5.472
413.79   5.478
413.94   5.484
414.09   5.490
414.24   5.495
414.40   5.501
414.55   5.506
414.70   5.512
414.86   5.518
415.01   5.523
415.16   5.529
415.31   5.534
415.47   5.540
415.62   5.545
415.77   5.551
415.92   5.557
416.08   5.562
416.23   5.568
416.38   5.574
416.54   5.580
416.69   5.586
416.84   5.593
416.99   5.599
417.14   5.606
417.30   5.612
417.45   5.619
417.60   5.625
417.76   5.632
417.91   5.638
418.06   5.644
418.21   5.651
418.36   5.657
418.52   5.663
418.67   5.669
418.82   5.675
418.98   5.681
419.13   5.687
419.28   5.693
419.44   5.698
419.59   5.704
419.74   5.709
419.89   5.715
420.04   5.720
420.20   5.726
420.35   5.731
420.50   5.737
420.66   5.743
420.81   5.748
420.96   5.754
421.12   5.759
421.27   5.765
421.42   5.771
421.57   5.777
421.72   5.782
421.88   5.788
422.03   5.794
422.18   5.800
422.34   5.806
422.49   5.812
422.64   5.817
422.79   5.823
422.94   5.829
423.10   5.835
423.25   5.841
423.40   5.847
423.56   5.853
423.71   5.859
423.86   5.864
424.01   5.870
424.17   5.876
424.32   5.882
424.47   5.887
424.63   5.893
424.78   5.899
424.93   5.905
425.08   5.910
425.23   5.916
425.39   5.922
425.54   5.928
425.69   5.933
425.85   5.939
426.00   5.945
426.15   5.951
426.30   5.957
426.45   5.962
426.61   5.968
426.76   5.974
426.91   5.979
427.22   5.991
427.37   5.997
427.52   6.002
427.67   6.008
427.83   6.014
427.98   6.019
428.13   6.025
428.29   6.031
428.44   6.037
428.59   6.043
428.74   6.049
428.90   6.056
429.05   6.063
429.20   6.070
429.35   6.078
429.51   6.085
429.66   6.092
429.81   6.100
429.97   6.107
430.11   6.114
430.27   6.121
430.42   6.128
430.57   6.135
430.73   6.141
430.88   6.148
431.03   6.155
431.19   6.161
431.34   6.167
431.49   6.173
431.64   6.179
431.79   6.184
431.94   6.190
432.09   6.195
432.25   6.201
432.40   6.206
432.55   6.212
432.71   6.218
432.86   6.224
433.01   6.230
433.17   6.236
433.31   6.241
433.47   6.247
433.62   6.253
433.77   6.259
433.93   6.266
434.08   6.272
434.23   6.278
434.38   6.284
434.53   6.290
434.69   6.297
434.84   6.303
434.99   6.309
435.15   6.315
435.30   6.322
435.45   6.328
435.61   6.334
435.76   6.341
435.91   6.347
436.06   6.353
436.21   6.359
436.37   6.366
436.52   6.372
436.67   6.378
436.82   6.384
436.98   6.390
437.13   6.397
437.29   6.403
437.44   6.409
437.59   6.415
437.74   6.421
437.89   6.428
438.05   6.434
438.20   6.440
438.35   6.447
438.51   6.453
438.66   6.460
438.81   6.467
438.97   6.474
439.12   6.481
439.27   6.488
439.43   6.495
439.58   6.502
439.73   6.508
439.89   6.515
440.04   6.522
440.19   6.529
440.34   6.536
440.50   6.543
440.65   6.550
440.81   6.556
440.95   6.563
441.11   6.569
441.26   6.575
441.41   6.581
441.57   6.587
441.72   6.593
441.87   6.599
442.02   6.604
442.17   6.610
442.32   6.616
442.47   6.622
442.62   6.627
442.76   6.633
442.91   6.639
443.06   6.644
443.21   6.650
443.36   6.655
443.51   6.661
443.65   6.666
443.80   6.672
443.95   6.677
444.10   6.683
444.25   6.688
444.39   6.694
444.54   6.699
444.69   6.705
444.83   6.710
444.98   6.716
445.13   6.721
445.28   6.727
445.42   6.733
445.57   6.739
445.72   6.745
445.87   6.751
446.02   6.758
446.17   6.765
446.31   6.772
446.46   6.780
446.60   6.787
446.75   6.794
446.90   6.801
447.05   6.809
447.20   6.816
447.34   6.823
447.49   6.830
447.64   6.837
447.79   6.844
447.94   6.851
448.08   6.858
448.23   6.864
448.52   6.877
448.82   6.889
448.97   6.895
449.12   6.901
449.26   6.907
449.41   6.913
449.56   6.919
449.86   6.932
450.01   6.938
450.15   6.944
450.30   6.951
450.45   6.957
450.74   6.970
450.89   6.977
451.04   6.984
451.19   6.991
451.33   6.997
451.48   7.004
451.63   7.011
451.77   7.018
451.92   7.025
452.07   7.032
452.22   7.039
452.36   7.045
452.51   7.052
452.66   7.059
452.80   7.065
452.95   7.072
453.10   7.078
453.25   7.085
453.40   7.091
453.54   7.097
453.69   7.103
453.84   7.110
453.99   7.116
454.14   7.122
454.29   7.128
454.44   7.134
454.58   7.140
454.87   7.153
455.02   7.159
455.17   7.165
455.32   7.171
455.47   7.177
455.62   7.183
455.76   7.189
455.91   7.195
456.06   7.202
456.21   7.208
456.35   7.214
456.50   7.220
456.65   7.226
456.79   7.232
456.94   7.238
457.09   7.245
457.24   7.251
457.38   7.257
457.53   7.263
457.68   7.269
457.83   7.276
457.97   7.282
458.12   7.288
458.27   7.294
458.42   7.301
