  
  DOI/GTN-P Deep Borehole Array, Arctic Alaska 
             U.S. Geological Survey 
            Processed Temperature Log 
                    24-Aug-2013 
________________________________________________ 
  
Temperature Log Information: 
  Well name:   Awuna 
  File name:   AWU_08JUL24_c_d 
  Log date:    24-JUL-2008 
  
Contact Information: 
  Gary Clow 
  U.S. Geological Survey 
  clow@usgs.gov 
  
Definitions: 
  Depth:        Depth below local ground surface (m) 
  Temperature:  ITS-90 temperature (°C) 
________________________________________________ 
             
 Depth  Temperature 
  3.29  -1.680
  3.31  -1.683
  3.34  -1.689
  3.37  -1.696
  3.40  -1.706
  3.44  -1.718
  3.47  -1.732
  3.50  -1.749
  3.54  -1.766
  3.57  -1.785
  3.60  -1.807
  3.63  -1.831
  3.68  -1.857
  3.73  -1.886
  3.78  -1.916
  3.88  -1.977
  3.93  -2.008
  3.98  -2.039
  4.03  -2.070
  4.07  -2.101
  4.12  -2.132
  4.17  -2.164
  4.22  -2.194
  4.27  -2.225
  4.32  -2.255
  4.37  -2.285
  4.42  -2.315
  4.47  -2.345
  4.52  -2.375
  4.57  -2.404
  4.62  -2.433
  4.67  -2.461
  4.72  -2.489
  4.77  -2.516
  4.82  -2.542
  4.86  -2.567
  4.91  -2.591
  4.96  -2.615
  5.01  -2.637
  5.06  -2.659
  5.11  -2.680
  5.16  -2.701
  5.22  -2.721
  5.27  -2.740
  5.31  -2.758
  5.36  -2.776
  5.41  -2.793
  5.46  -2.810
  5.51  -2.826
  5.57  -2.841
  5.62  -2.856
  5.66  -2.871
  5.71  -2.885
  5.76  -2.899
  5.81  -2.913
  5.86  -2.926
  5.91  -2.938
  5.96  -2.950
  6.00  -2.961
  6.06  -2.972
  6.11  -2.983
  6.16  -2.993
  6.21  -3.002
  6.26  -3.011
  6.31  -3.020
  6.36  -3.028
  6.41  -3.036
  6.46  -3.043
  6.50  -3.050
  6.55  -3.057
  6.60  -3.063
  6.65  -3.069
  6.70  -3.074
  6.75  -3.079
  6.80  -3.084
  6.85  -3.089
  6.90  -3.093
  6.95  -3.097
  7.00  -3.101
  7.05  -3.105
  7.10  -3.108
  7.15  -3.111
  7.20  -3.114
  7.25  -3.117
  7.30  -3.120
  7.35  -3.123
  7.40  -3.125
  7.45  -3.127
  7.49  -3.129
  7.55  -3.131
  7.60  -3.133
  7.63  -3.135
  7.69  -3.137
  7.75  -3.138
  7.79  -3.140
  7.84  -3.141
  7.89  -3.142
  7.95  -3.144
  8.00  -3.145
  8.05  -3.146
  8.09  -3.147
  8.14  -3.149
  8.19  -3.150
  8.24  -3.151
  8.29  -3.152
  8.34  -3.153
  8.39  -3.154
  8.44  -3.155
  8.49  -3.156
  8.54  -3.157
  8.59  -3.158
  8.64  -3.159
  8.69  -3.160
  8.74  -3.161
  8.79  -3.161
  8.84  -3.162
  8.89  -3.163
  8.94  -3.163
  8.98  -3.164
  9.04  -3.164
  9.08  -3.164
  9.13  -3.165
  9.19  -3.165
  9.24  -3.166
  9.29  -3.166
  9.34  -3.166
  9.39  -3.167
  9.44  -3.167
  9.49  -3.167
  9.54  -3.168
  9.59  -3.168
  9.64  -3.168
  9.69  -3.168
  9.73  -3.168
  9.78  -3.168
  9.83  -3.168
  9.88  -3.168
  9.93  -3.168
  9.98  -3.169
 10.03  -3.169
 10.08  -3.169
 10.14  -3.169
 10.19  -3.169
 10.23  -3.169
 10.29  -3.170
 10.34  -3.170
 10.39  -3.170
 10.44  -3.171
 10.49  -3.172
 10.52  -3.172
 10.58  -3.173
 10.63  -3.174
 10.68  -3.175
 10.73  -3.176
 10.78  -3.177
 10.83  -3.178
 10.88  -3.179
 10.93  -3.180
 10.98  -3.182
 11.03  -3.183
 11.08  -3.184
 11.13  -3.186
 11.18  -3.187
 11.23  -3.189
 11.28  -3.190
 11.33  -3.192
 11.38  -3.194
 11.42  -3.195
 11.47  -3.197
 11.52  -3.199
 11.58  -3.201
 11.63  -3.203
 11.68  -3.205
 11.73  -3.207
 11.78  -3.209
 11.83  -3.212
 11.88  -3.214
 11.93  -3.216
 11.98  -3.219
 12.03  -3.222
 12.08  -3.224
 12.12  -3.227
 12.17  -3.230
 12.22  -3.233
 12.27  -3.236
 12.32  -3.239
 12.37  -3.242
 12.42  -3.245
 12.47  -3.248
 12.53  -3.251
 12.58  -3.255
 12.62  -3.258
 12.68  -3.262
 12.73  -3.265
 12.77  -3.269
 12.83  -3.273
 12.88  -3.276
 12.93  -3.280
 12.97  -3.284
 13.02  -3.288
 13.07  -3.292
 13.12  -3.296
 13.17  -3.300
 13.22  -3.305
 13.27  -3.309
 13.32  -3.313
 13.37  -3.318
 13.42  -3.322
 13.48  -3.327
 13.52  -3.331
 13.57  -3.336
 13.63  -3.341
 13.68  -3.345
 13.72  -3.350
 13.77  -3.355
 13.82  -3.360
 13.87  -3.365
 13.92  -3.370
 13.97  -3.375
 14.02  -3.380
 14.07  -3.385
 14.12  -3.390
 14.17  -3.396
 14.22  -3.401
 14.27  -3.406
 14.32  -3.412
 14.37  -3.417
 14.42  -3.422
 14.47  -3.428
 14.52  -3.433
 14.57  -3.439
 14.62  -3.444
 14.67  -3.450
 14.72  -3.455
 14.77  -3.461
 14.82  -3.466
 14.87  -3.472
 14.92  -3.478
 14.97  -3.483
 15.02  -3.489
 15.07  -3.495
 15.12  -3.501
 15.17  -3.506
 15.22  -3.512
 15.28  -3.518
 15.33  -3.524
 15.38  -3.530
 15.43  -3.536
 15.47  -3.542
 15.52  -3.548
 15.57  -3.554
 15.62  -3.560
 15.67  -3.566
 15.72  -3.572
 15.77  -3.578
 15.82  -3.584
 15.87  -3.590
 15.92  -3.596
 15.97  -3.602
 16.02  -3.607
 16.07  -3.613
 16.12  -3.619
 16.18  -3.625
 16.23  -3.631
 16.27  -3.637
 16.31  -3.642
 16.36  -3.648
 16.41  -3.654
 16.47  -3.660
 16.52  -3.666
 16.57  -3.671
 16.62  -3.677
 16.67  -3.683
 16.72  -3.689
 16.77  -3.695
 16.82  -3.701
 16.87  -3.706
 16.92  -3.712
 16.97  -3.718
 17.02  -3.724
 17.08  -3.730
 17.13  -3.736
 17.17  -3.742
 17.21  -3.748
 17.26  -3.753
 17.31  -3.759
 17.37  -3.765
 17.42  -3.771
 17.47  -3.777
 17.52  -3.783
 17.57  -3.789
 17.62  -3.795
 17.67  -3.801
 17.72  -3.808
 17.77  -3.814
 17.82  -3.820
 17.87  -3.826
 17.92  -3.832
 17.97  -3.838
 18.02  -3.845
 18.07  -3.851
 18.11  -3.857
 18.17  -3.863
 18.22  -3.869
 18.27  -3.875
 18.32  -3.881
 18.37  -3.887
 18.42  -3.893
 18.47  -3.899
 18.52  -3.905
 18.57  -3.911
 18.62  -3.917
 18.67  -3.923
 18.72  -3.929
 18.77  -3.935
 18.82  -3.941
 18.87  -3.946
 18.92  -3.952
 18.97  -3.958
 19.02  -3.964
 19.07  -3.969
 19.12  -3.975
 19.17  -3.980
 19.22  -3.985
 19.27  -3.989
 19.32  -3.994
 19.37  -3.999
 19.42  -4.003
 19.47  -4.008
 19.52  -4.012
 19.57  -4.016
 19.62  -4.021
 19.67  -4.026
 19.72  -4.030
 19.77  -4.035
 19.83  -4.040
 19.88  -4.045
 19.92  -4.051
 19.97  -4.056
 20.02  -4.062
 20.07  -4.069
 20.12  -4.076
 20.18  -4.083
 20.26  -4.090
 20.34  -4.097
 20.42  -4.105
 20.50  -4.112
 20.58  -4.120
 20.66  -4.128
 20.75  -4.136
 20.84  -4.144
 20.93  -4.152
 21.03  -4.161
 21.12  -4.169
 21.22  -4.177
 21.31  -4.186
 21.40  -4.195
 21.49  -4.203
 21.58  -4.212
 21.68  -4.221
 21.77  -4.230
 21.87  -4.239
 21.97  -4.248
 22.07  -4.257
 22.17  -4.266
 22.26  -4.275
 22.36  -4.284
 22.46  -4.293
 22.56  -4.303
 22.66  -4.312
 22.76  -4.321
 22.86  -4.330
 22.96  -4.339
 23.06  -4.348
 23.15  -4.357
 23.25  -4.366
 23.35  -4.376
 23.45  -4.385
 23.55  -4.394
 23.65  -4.403
 23.75  -4.411
 23.85  -4.420
 23.94  -4.429
 24.04  -4.438
 24.14  -4.447
 24.24  -4.455
 24.34  -4.464
 24.44  -4.472
 24.53  -4.481
 24.63  -4.489
 24.73  -4.497
 24.83  -4.505
 24.93  -4.514
 25.03  -4.522
 25.13  -4.530
 25.22  -4.538
 25.32  -4.546
 25.42  -4.554
 25.52  -4.561
 25.62  -4.569
 25.72  -4.577
 25.82  -4.585
 25.92  -4.593
 26.02  -4.601
 26.12  -4.609
 26.21  -4.618
 26.31  -4.626
 26.41  -4.634
 26.51  -4.642
 26.60  -4.650
 26.70  -4.659
 26.80  -4.667
 26.89  -4.675
 26.99  -4.683
 27.09  -4.691
 27.18  -4.699
 27.28  -4.707
 27.38  -4.716
 27.48  -4.724
 27.57  -4.732
 27.67  -4.740
 27.76  -4.748
 27.86  -4.756
 27.96  -4.764
 28.06  -4.772
 28.15  -4.780
 28.24  -4.789
 28.34  -4.797
 28.43  -4.805
 28.53  -4.813
 28.63  -4.821
 28.72  -4.829
 28.82  -4.837
 28.92  -4.845
 29.01  -4.853
 29.11  -4.861
 29.20  -4.868
 29.30  -4.876
 29.40  -4.884
 29.50  -4.892
 29.59  -4.899
 29.69  -4.907
 29.79  -4.915
 29.88  -4.922
 29.98  -4.930
 30.08  -4.937
 30.18  -4.945
 30.27  -4.953
 30.36  -4.960
 30.46  -4.968
 30.55  -4.976
 30.65  -4.984
 30.75  -4.992
 30.85  -4.999
 30.94  -5.007
 31.04  -5.015
 31.14  -5.023
 31.23  -5.031
 31.33  -5.039
 31.43  -5.047
 31.52  -5.055
 31.62  -5.062
 31.72  -5.070
 31.81  -5.078
 31.91  -5.085
 32.01  -5.093
 32.11  -5.100
 32.20  -5.108
 32.29  -5.115
 32.39  -5.122
 32.49  -5.129
 32.59  -5.136
 32.68  -5.143
 32.78  -5.150
 32.88  -5.157
 32.97  -5.163
 33.07  -5.170
 33.17  -5.177
 33.26  -5.183
 33.35  -5.190
 33.45  -5.196
 33.55  -5.202
 33.65  -5.209
 33.75  -5.215
 33.84  -5.221
 33.94  -5.226
 34.04  -5.232
 34.13  -5.238
 34.23  -5.244
 34.33  -5.249
 34.42  -5.255
 34.52  -5.260
 34.61  -5.266
 34.71  -5.271
 34.80  -5.276
 34.90  -5.282
 35.00  -5.287
 35.10  -5.292
 35.19  -5.298
 35.29  -5.303
 35.39  -5.308
 35.48  -5.314
 35.58  -5.319
 35.68  -5.325
 35.77  -5.330
 35.87  -5.336
 35.96  -5.341
 36.06  -5.346
 36.16  -5.352
 36.26  -5.357
 36.35  -5.363
 36.44  -5.368
 36.54  -5.373
 36.64  -5.379
 36.74  -5.384
 36.83  -5.389
 36.93  -5.394
 37.02  -5.400
 37.13  -5.405
 37.22  -5.410
 37.32  -5.415
 37.42  -5.420
 37.51  -5.425
 37.60  -5.430
 37.70  -5.436
 37.79  -5.441
 37.89  -5.446
 37.99  -5.451
 38.09  -5.456
 38.18  -5.461
 38.28  -5.467
 38.38  -5.472
 38.47  -5.478
 38.56  -5.483
 38.66  -5.489
 38.76  -5.494
 38.86  -5.500
 38.95  -5.505
 39.05  -5.511
 39.14  -5.517
 39.24  -5.522
 39.34  -5.527
 39.44  -5.533
 39.54  -5.538
 39.63  -5.544
 39.72  -5.549
 39.82  -5.554
 39.92  -5.559
 40.01  -5.564
 40.11  -5.568
 40.21  -5.573
 40.30  -5.578
 40.40  -5.582
 40.50  -5.586
 40.59  -5.591
 40.68  -5.595
 40.78  -5.600
 40.88  -5.604
 40.97  -5.608
 41.07  -5.612
 41.17  -5.617
 41.26  -5.621
 41.36  -5.625
 41.46  -5.630
 41.56  -5.634
 41.66  -5.638
 41.75  -5.643
 41.84  -5.647
 41.94  -5.652
 42.04  -5.656
 42.13  -5.660
 42.23  -5.665
 42.32  -5.669
 42.42  -5.673
 42.52  -5.677
 42.61  -5.681
 42.71  -5.685
 42.80  -5.689
 42.90  -5.693
 43.00  -5.697
 43.09  -5.701
 43.19  -5.705
 43.29  -5.709
 43.38  -5.713
 43.48  -5.716
 43.57  -5.720
 43.67  -5.723
 43.77  -5.727
 43.87  -5.731
 43.96  -5.734
 44.06  -5.738
 44.15  -5.741
 44.25  -5.745
 44.35  -5.748
 44.45  -5.751
 44.54  -5.755
 44.64  -5.758
 44.74  -5.762
 44.83  -5.765
 44.92  -5.768
 45.02  -5.772
 45.11  -5.775
 45.21  -5.778
 45.31  -5.782
 45.41  -5.785
 45.51  -5.788
 45.60  -5.791
 45.70  -5.794
 45.79  -5.797
 45.89  -5.800
 45.99  -5.803
 46.08  -5.806
 46.18  -5.809
 46.27  -5.812
 46.37  -5.815
 46.47  -5.818
 46.57  -5.821
 46.66  -5.823
 46.76  -5.826
 46.85  -5.829
 46.95  -5.831
 47.05  -5.834
 47.14  -5.837
 47.24  -5.840
 47.34  -5.842
 47.44  -5.845
 47.53  -5.848
 47.63  -5.850
 47.73  -5.853
 47.82  -5.856
 47.91  -5.858
 48.01  -5.861
 48.11  -5.864
 48.21  -5.867
 48.31  -5.869
 48.40  -5.872
 48.50  -5.875
 48.59  -5.877
 48.69  -5.880
 48.79  -5.883
 48.89  -5.886
 48.98  -5.888
 49.08  -5.891
 49.17  -5.894
 49.27  -5.897
 49.36  -5.899
 49.46  -5.902
 49.56  -5.905
 49.66  -5.908
 49.75  -5.911
 49.85  -5.913
 49.95  -5.916
 50.04  -5.919
 50.14  -5.922
 50.24  -5.925
 50.33  -5.927
 50.43  -5.930
 50.52  -5.933
 50.62  -5.936
 50.72  -5.938
 50.82  -5.941
 50.91  -5.944
 51.00  -5.946
 51.10  -5.949
 51.20  -5.951
 51.30  -5.954
 51.39  -5.956
 51.49  -5.959
 51.59  -5.961
 51.69  -5.964
 51.78  -5.966
 51.88  -5.969
 51.98  -5.971
 52.07  -5.974
 52.16  -5.976
 52.26  -5.978
 52.36  -5.981
 52.46  -5.983
 52.56  -5.985
 52.65  -5.988
 52.75  -5.990
 52.85  -5.992
 52.94  -5.994
 53.04  -5.996
 53.13  -5.999
 53.23  -6.001
 53.33  -6.003
 53.42  -6.005
 53.52  -6.007
 53.61  -6.009
 53.71  -6.011
 53.81  -6.014
 53.91  -6.016
 54.00  -6.018
 54.10  -6.020
 54.20  -6.022
 54.29  -6.024
 54.39  -6.026
 54.49  -6.028
 54.58  -6.030
 54.68  -6.032
 54.77  -6.034
 54.87  -6.036
 54.97  -6.038
 55.07  -6.040
 55.16  -6.042
 55.25  -6.044
 55.35  -6.046
 55.45  -6.048
 55.55  -6.050
 55.64  -6.052
 55.74  -6.054
 55.83  -6.056
 55.93  -6.058
 56.03  -6.060
 56.13  -6.061
 56.22  -6.063
 56.32  -6.065
 56.41  -6.067
 56.51  -6.069
 56.61  -6.071
 56.70  -6.073
 56.80  -6.074
 56.90  -6.076
 56.99  -6.078
 57.09  -6.080
 57.19  -6.081
 57.28  -6.083
 57.48  -6.086
 57.57  -6.088
 57.67  -6.089
 57.77  -6.091
 57.86  -6.093
 57.96  -6.094
 58.05  -6.096
 58.24  -6.099
 58.34  -6.100
 58.44  -6.101
 58.53  -6.103
 58.63  -6.104
 58.73  -6.105
 58.83  -6.107
 58.93  -6.108
 59.02  -6.109
 59.12  -6.110
 59.22  -6.112
 59.31  -6.113
 59.40  -6.114
 59.50  -6.115
 59.60  -6.116
 59.70  -6.117
 59.79  -6.118
 59.89  -6.119
 59.98  -6.120
 60.08  -6.122
 60.18  -6.123
 60.28  -6.124
 60.37  -6.125
 60.47  -6.126
 60.57  -6.127
 60.66  -6.128
 60.76  -6.129
 60.86  -6.130
 60.95  -6.131
 61.05  -6.131
 61.15  -6.132
 61.24  -6.133
 61.34  -6.134
 61.43  -6.135
 61.53  -6.136
 61.62  -6.137
 61.72  -6.138
 61.82  -6.138
 61.92  -6.139
 62.01  -6.140
 62.11  -6.141
 62.20  -6.141
 62.30  -6.142
 62.40  -6.143
 62.49  -6.144
 62.59  -6.144
 62.69  -6.145
 62.78  -6.145
 62.88  -6.146
 62.97  -6.147
 63.07  -6.147
 63.17  -6.148
 63.27  -6.148
 63.37  -6.149
 63.46  -6.149
 63.55  -6.150
 63.65  -6.150
 63.74  -6.151
 63.84  -6.151
 63.94  -6.152
 64.04  -6.152
 64.14  -6.153
 64.23  -6.153
 64.33  -6.153
 64.42  -6.154
 64.51  -6.154
 64.61  -6.154
 64.71  -6.155
 64.81  -6.155
 64.90  -6.155
 65.00  -6.155
 65.10  -6.156
 65.19  -6.156
 65.29  -6.156
 65.38  -6.156
 65.48  -6.157
 65.57  -6.157
 65.67  -6.157
 65.76  -6.157
 65.86  -6.157
 65.95  -6.157
 66.05  -6.157
 66.14  -6.158
 66.24  -6.158
 66.33  -6.158
 66.43  -6.158
 66.52  -6.158
 66.61  -6.158
 66.70  -6.158
 66.80  -6.158
 66.90  -6.158
 66.99  -6.158
 67.09  -6.158
 67.18  -6.158
 67.27  -6.158
 67.37  -6.158
 67.46  -6.158
 67.55  -6.158
 67.64  -6.158
 67.74  -6.158
 67.84  -6.158
 67.93  -6.158
 68.03  -6.158
 68.12  -6.158
 68.21  -6.158
 68.31  -6.158
 68.40  -6.158
 68.50  -6.158
 68.59  -6.157
 68.68  -6.157
 68.78  -6.157
 68.87  -6.157
 68.97  -6.157
 69.06  -6.157
 69.16  -6.157
 69.25  -6.157
 69.34  -6.156
 69.44  -6.156
 69.53  -6.156
 69.63  -6.156
 69.72  -6.156
 69.81  -6.156
 69.91  -6.155
 70.00  -6.155
 70.10  -6.155
 70.19  -6.155
 70.28  -6.155
 70.38  -6.154
 70.48  -6.154
 70.57  -6.154
 70.67  -6.154
 70.76  -6.153
 70.85  -6.153
 70.95  -6.153
 71.04  -6.153
 71.14  -6.152
 71.23  -6.152
 71.32  -6.152
 71.42  -6.152
 71.51  -6.151
 71.61  -6.151
 71.71  -6.151
 71.80  -6.150
 71.89  -6.150
 71.99  -6.150
 72.08  -6.150
 72.18  -6.149
 72.27  -6.149
 72.36  -6.149
 72.46  -6.148
 72.55  -6.148
 72.65  -6.147
 72.74  -6.147
 72.83  -6.147
 72.93  -6.146
 73.02  -6.146
 73.12  -6.146
 73.21  -6.145
 73.31  -6.145
 73.40  -6.145
 73.50  -6.144
 73.59  -6.144
 73.68  -6.144
 73.78  -6.143
 73.87  -6.143
 73.97  -6.142
 74.06  -6.142
 74.16  -6.142
 74.25  -6.141
 74.34  -6.141
 74.44  -6.141
 74.53  -6.140
 74.63  -6.140
 74.73  -6.139
 74.82  -6.139
 74.91  -6.138
 75.00  -6.138
 75.10  -6.138
 75.19  -6.137
 75.29  -6.137
 75.38  -6.136
 75.47  -6.136
 75.57  -6.135
 75.66  -6.134
 75.75  -6.134
 75.85  -6.133
 75.94  -6.133
 76.04  -6.132
 76.13  -6.132
 76.23  -6.131
 76.32  -6.130
 76.42  -6.130
 76.51  -6.129
 76.60  -6.128
 76.70  -6.127
 76.80  -6.127
 76.89  -6.126
 76.98  -6.125
 77.07  -6.124
 77.17  -6.123
 77.26  -6.123
 77.36  -6.122
 77.45  -6.121
 77.55  -6.120
 77.64  -6.119
 77.74  -6.118
 77.83  -6.117
 77.92  -6.116
 78.01  -6.115
 78.11  -6.114
 78.21  -6.113
 78.30  -6.112
 78.40  -6.111
 78.49  -6.111
 78.58  -6.110
 78.68  -6.109
 78.77  -6.108
 78.87  -6.107
 78.97  -6.106
 79.06  -6.105
 79.15  -6.104
 79.24  -6.103
 79.34  -6.102
 79.43  -6.101
 79.53  -6.100
 79.63  -6.099
 79.71  -6.097
 79.81  -6.096
 79.91  -6.095
 80.00  -6.094
 80.10  -6.093
 80.19  -6.092
 80.28  -6.091
 80.38  -6.090
 80.57  -6.088
 80.66  -6.087
 80.76  -6.086
 80.85  -6.085
 80.94  -6.084
 81.04  -6.083
 81.14  -6.082
 81.23  -6.080
 81.32  -6.079
 81.41  -6.078
 81.51  -6.077
 81.61  -6.076
 81.70  -6.075
 81.80  -6.073
 81.89  -6.072
 81.99  -6.071
 82.07  -6.070
 82.17  -6.069
 82.27  -6.068
 82.36  -6.066
 82.45  -6.065
 82.55  -6.064
 82.64  -6.063
 82.74  -6.061
 82.83  -6.060
 82.93  -6.059
 83.03  -6.058
 83.12  -6.056
 83.21  -6.055
 83.31  -6.054
 83.40  -6.053
 83.49  -6.051
 83.58  -6.050
 83.68  -6.049
 83.77  -6.047
 83.87  -6.046
 83.97  -6.045
 84.06  -6.044
 84.15  -6.042
 84.24  -6.041
 84.34  -6.040
 84.44  -6.038
 84.53  -6.037
 84.62  -6.036
 84.72  -6.034
 84.81  -6.033
 84.90  -6.032
 85.00  -6.030
 85.10  -6.029
 85.19  -6.027
 85.28  -6.026
 85.38  -6.025
 85.47  -6.023
 85.56  -6.022
 85.65  -6.020
 85.75  -6.019
 85.84  -6.017
 85.94  -6.016
 86.04  -6.014
 86.13  -6.013
 86.23  -6.011
 86.31  -6.010
 86.41  -6.008
 86.51  -6.007
 86.60  -6.005
 86.69  -6.004
 86.79  -6.002
 86.88  -6.000
 86.98  -5.999
 87.07  -5.997
 87.17  -5.996
 87.26  -5.994
 87.36  -5.993
 87.45  -5.991
 87.54  -5.990
 87.63  -5.988
 87.72  -5.987
 87.82  -5.985
 87.92  -5.984
 88.01  -5.982
 88.11  -5.981
 88.20  -5.979
 88.30  -5.978
 88.39  -5.976
 88.48  -5.975
 88.58  -5.973
 88.68  -5.972
 88.77  -5.971
 88.86  -5.969
 88.95  -5.968
 89.05  -5.967
 89.14  -5.966
 89.24  -5.964
 89.33  -5.963
 89.43  -5.962
 89.52  -5.961
 89.61  -5.960
 89.70  -5.958
 89.80  -5.957
 89.89  -5.956
 89.99  -5.955
 90.08  -5.953
 90.18  -5.952
 90.28  -5.951
 90.37  -5.949
 90.46  -5.948
 90.56  -5.947
 90.65  -5.945
 90.75  -5.944
 90.84  -5.942
 90.93  -5.941
 91.02  -5.940
 91.12  -5.938
 91.22  -5.937
 91.31  -5.935
 91.40  -5.933
 91.50  -5.932
 91.60  -5.930
 91.69  -5.929
 91.79  -5.927
 91.88  -5.925
 91.97  -5.923
 92.06  -5.921
 92.16  -5.919
 92.25  -5.918
 92.35  -5.916
 92.45  -5.914
 92.54  -5.912
 92.63  -5.910
 92.72  -5.908
 92.82  -5.906
 92.92  -5.904
 93.01  -5.902
 93.11  -5.900
 93.20  -5.898
 93.29  -5.896
 93.39  -5.894
 93.48  -5.892
 93.58  -5.890
 93.68  -5.888
 93.77  -5.886
 93.86  -5.885
 93.95  -5.883
 94.05  -5.881
 94.14  -5.879
 94.24  -5.877
 94.33  -5.875
 94.43  -5.873
 94.52  -5.871
 94.62  -5.870
 94.71  -5.868
 94.81  -5.866
 94.90  -5.864
 95.00  -5.862
 95.09  -5.861
 95.19  -5.859
 95.28  -5.857
 95.37  -5.855
 95.46  -5.853
 95.56  -5.852
 95.65  -5.850
 95.75  -5.848
 95.85  -5.846
 95.94  -5.845
 96.04  -5.843
 96.13  -5.841
 96.22  -5.839
 96.31  -5.837
 96.41  -5.836
 96.50  -5.834
 96.60  -5.832
 96.70  -5.830
 96.79  -5.828
 96.88  -5.826
 96.98  -5.824
 97.07  -5.822
 97.17  -5.820
 97.26  -5.819
 97.35  -5.817
 97.45  -5.815
 97.54  -5.813
 97.64  -5.811
 97.73  -5.809
 97.83  -5.807
 97.93  -5.805
 98.02  -5.803
 98.12  -5.802
 98.21  -5.800
 98.30  -5.798
 98.40  -5.796
 98.49  -5.794
 98.58  -5.792
 98.68  -5.790
 98.78  -5.788
 98.87  -5.786
 98.96  -5.785
 99.06  -5.783
 99.16  -5.781
 99.25  -5.779
 99.35  -5.777
 99.44  -5.775
 99.54  -5.773
 99.63  -5.771
 99.72  -5.769
 99.82  -5.767
 99.91  -5.765
100.01  -5.763
100.11  -5.761
100.20  -5.759
100.30  -5.757
100.39  -5.755
100.49  -5.753
100.58  -5.751
100.67  -5.749
100.77  -5.747
100.86  -5.745
100.96  -5.742
101.05  -5.740
101.15  -5.738
101.24  -5.736
101.34  -5.733
101.44  -5.731
101.53  -5.729
101.62  -5.726
101.71  -5.724
101.81  -5.722
101.90  -5.719
102.00  -5.717
102.10  -5.715
102.19  -5.713
102.29  -5.710
102.38  -5.708
102.47  -5.706
102.57  -5.703
102.66  -5.701
102.75  -5.699
102.85  -5.697
102.95  -5.695
103.04  -5.693
103.14  -5.690
103.23  -5.688
103.33  -5.686
103.42  -5.684
103.52  -5.682
103.61  -5.680
103.70  -5.678
103.79  -5.676
103.89  -5.674
103.98  -5.672
104.08  -5.671
104.18  -5.669
104.27  -5.667
104.37  -5.665
104.46  -5.664
104.56  -5.662
104.65  -5.660
104.74  -5.658
104.83  -5.657
104.92  -5.655
105.02  -5.653
105.11  -5.651
105.21  -5.650
105.30  -5.648
105.39  -5.646
105.48  -5.644
105.58  -5.642
105.67  -5.640
105.77  -5.638
105.85  -5.636
105.94  -5.634
106.03  -5.632
106.12  -5.630
106.22  -5.628
106.31  -5.626
106.41  -5.624
106.50  -5.622
106.59  -5.620
106.69  -5.618
106.77  -5.616
106.87  -5.613
106.96  -5.611
107.05  -5.609
107.14  -5.606
107.24  -5.604
107.33  -5.602
107.42  -5.599
107.51  -5.597
107.61  -5.594
107.70  -5.592
107.79  -5.589
107.88  -5.587
107.97  -5.584
108.06  -5.582
108.16  -5.579
108.25  -5.577
108.34  -5.574
108.44  -5.572
108.53  -5.570
108.62  -5.567
108.72  -5.565
108.81  -5.562
108.90  -5.560
108.99  -5.558
109.08  -5.555
109.17  -5.553
109.27  -5.551
109.36  -5.548
109.45  -5.546
109.54  -5.544
109.64  -5.541
109.73  -5.539
109.82  -5.537
109.92  -5.534
110.01  -5.532
110.10  -5.530
110.19  -5.527
110.28  -5.525
110.38  -5.523
110.47  -5.521
110.56  -5.518
110.66  -5.516
110.75  -5.514
110.84  -5.512
110.94  -5.509
111.02  -5.507
111.12  -5.505
111.21  -5.503
111.30  -5.500
111.39  -5.498
111.49  -5.496
111.58  -5.494
111.67  -5.491
111.77  -5.489
111.86  -5.487
111.95  -5.485
112.04  -5.482
112.13  -5.480
112.22  -5.478
112.31  -5.476
112.41  -5.473
112.50  -5.471
112.60  -5.469
112.69  -5.467
112.78  -5.464
112.87  -5.462
112.97  -5.460
113.06  -5.458
113.15  -5.456
113.24  -5.453
113.33  -5.451
113.42  -5.449
113.52  -5.447
113.61  -5.445
113.70  -5.443
113.80  -5.440
113.89  -5.438
113.99  -5.436
114.08  -5.434
114.17  -5.432
114.25  -5.429
114.34  -5.427
114.44  -5.425
114.53  -5.423
114.63  -5.421
114.72  -5.418
114.81  -5.416
114.91  -5.414
115.00  -5.412
115.09  -5.409
115.18  -5.407
115.27  -5.405
115.36  -5.403
115.46  -5.401
115.55  -5.398
115.64  -5.396
115.73  -5.394
115.83  -5.392
115.92  -5.390
116.01  -5.388
116.11  -5.386
116.20  -5.383
116.29  -5.381
116.38  -5.379
116.47  -5.377
116.56  -5.375
116.66  -5.373
116.75  -5.371
116.84  -5.368
116.94  -5.366
117.03  -5.364
117.12  -5.362
117.22  -5.360
117.31  -5.357
117.39  -5.355
117.49  -5.353
117.58  -5.351
117.67  -5.348
117.76  -5.346
117.86  -5.344
117.95  -5.342
118.04  -5.339
118.14  -5.337
118.23  -5.334
118.32  -5.332
118.41  -5.330
118.50  -5.327
118.59  -5.325
118.68  -5.322
118.78  -5.320
118.87  -5.317
118.96  -5.315
119.06  -5.312
119.15  -5.309
119.24  -5.307
119.33  -5.304
119.42  -5.301
119.51  -5.299
119.61  -5.296
119.70  -5.293
119.79  -5.291
119.88  -5.288
119.98  -5.285
120.07  -5.283
120.17  -5.280
120.26  -5.277
120.35  -5.275
120.43  -5.272
120.52  -5.270
120.62  -5.267
120.71  -5.264
120.81  -5.262
120.90  -5.259
120.99  -5.257
121.08  -5.254
121.18  -5.251
121.27  -5.249
121.36  -5.246
121.46  -5.243
121.54  -5.241
121.63  -5.238
121.73  -5.235
121.82  -5.233
121.91  -5.230
122.00  -5.228
122.10  -5.225
122.19  -5.222
122.29  -5.220
122.38  -5.217
122.47  -5.214
122.56  -5.212
122.65  -5.209
122.74  -5.206
122.83  -5.204
122.93  -5.201
123.02  -5.199
123.11  -5.196
123.20  -5.193
123.30  -5.191
123.39  -5.188
123.48  -5.185
123.57  -5.183
123.67  -5.180
123.75  -5.177
123.85  -5.175
123.94  -5.172
124.03  -5.170
124.13  -5.167
124.22  -5.165
124.32  -5.162
124.41  -5.160
124.49  -5.157
124.58  -5.155
124.67  -5.152
124.77  -5.150
124.86  -5.148
124.95  -5.145
125.05  -5.143
125.14  -5.141
125.23  -5.139
125.33  -5.136
125.42  -5.134
125.51  -5.132
125.60  -5.129
125.69  -5.127
125.78  -5.125
125.87  -5.123
125.97  -5.120
126.06  -5.118
126.16  -5.116
126.25  -5.113
126.35  -5.111
126.44  -5.108
126.53  -5.106
126.62  -5.104
126.71  -5.101
126.80  -5.099
126.89  -5.096
126.99  -5.094
127.08  -5.091
127.17  -5.089
127.27  -5.086
127.36  -5.084
127.45  -5.081
127.55  -5.078
127.63  -5.076
127.72  -5.073
127.82  -5.070
127.91  -5.068
128.00  -5.065
128.10  -5.062
128.19  -5.059
128.28  -5.057
128.38  -5.054
128.47  -5.051
128.57  -5.048
128.66  -5.045
128.74  -5.043
128.83  -5.040
128.93  -5.037
129.02  -5.034
129.12  -5.031
129.21  -5.029
129.30  -5.026
129.39  -5.023
129.49  -5.020
129.58  -5.018
129.67  -5.015
129.76  -5.012
129.85  -5.010
129.94  -5.007
130.03  -5.004
130.13  -5.001
130.22  -4.998
130.32  -4.996
130.41  -4.993
130.50  -4.990
130.60  -4.987
130.69  -4.984
130.78  -4.982
130.86  -4.979
130.96  -4.976
131.05  -4.973
131.14  -4.970
131.24  -4.967
131.33  -4.964
131.42  -4.962
131.52  -4.959
131.61  -4.956
131.69  -4.953
131.79  -4.950
131.88  -4.947
131.97  -4.944
132.06  -4.942
132.15  -4.939
132.25  -4.936
132.34  -4.933
132.44  -4.930
132.53  -4.928
132.62  -4.925
132.71  -4.922
132.80  -4.919
132.89  -4.916
132.98  -4.914
133.08  -4.911
133.17  -4.908
133.26  -4.905
133.36  -4.902
133.45  -4.900
133.54  -4.897
133.63  -4.894
133.72  -4.891
133.81  -4.888
133.90  -4.886
134.00  -4.883
134.09  -4.880
134.18  -4.877
134.27  -4.875
134.37  -4.872
134.46  -4.869
134.56  -4.867
134.64  -4.864
134.74  -4.861
134.83  -4.858
134.92  -4.856
135.01  -4.853
135.10  -4.850
135.20  -4.848
135.29  -4.845
135.38  -4.842
135.48  -4.840
135.57  -4.837
135.66  -4.834
135.76  -4.832
135.84  -4.829
135.93  -4.826
136.03  -4.824
136.12  -4.821
136.21  -4.818
136.30  -4.816
136.40  -4.813
136.49  -4.811
136.59  -4.808
136.68  -4.806
136.77  -4.803
136.85  -4.801
136.95  -4.799
137.04  -4.796
137.13  -4.794
137.23  -4.791
137.32  -4.789
137.41  -4.786
137.51  -4.784
137.60  -4.781
137.69  -4.779
137.78  -4.777
137.87  -4.774
137.96  -4.772
138.06  -4.769
138.15  -4.767
138.24  -4.764
138.34  -4.762
138.43  -4.759
138.53  -4.757
138.62  -4.754
138.71  -4.752
138.80  -4.749
138.89  -4.747
138.98  -4.744
139.07  -4.742
139.17  -4.739
139.26  -4.737
139.35  -4.734
139.45  -4.732
139.54  -4.729
139.63  -4.727
139.72  -4.724
139.81  -4.722
139.90  -4.719
139.99  -4.717
140.09  -4.714
140.18  -4.712
140.27  -4.709
140.36  -4.706
140.46  -4.704
140.55  -4.701
140.65  -4.699
140.74  -4.696
140.82  -4.694
140.91  -4.691
141.01  -4.689
141.10  -4.686
141.19  -4.683
141.28  -4.681
141.38  -4.678
141.47  -4.676
141.56  -4.673
141.65  -4.670
141.74  -4.668
141.83  -4.665
141.92  -4.662
142.02  -4.660
142.11  -4.657
142.20  -4.654
142.29  -4.651
142.39  -4.648
142.48  -4.645
142.56  -4.642
142.65  -4.639
142.75  -4.636
142.84  -4.633
142.92  -4.630
143.01  -4.627
143.10  -4.624
143.19  -4.621
143.28  -4.618
143.38  -4.615
143.46  -4.612
143.56  -4.609
143.65  -4.606
143.73  -4.603
143.82  -4.600
143.91  -4.597
144.00  -4.594
144.09  -4.592
144.18  -4.589
144.27  -4.586
144.36  -4.583
144.45  -4.581
144.54  -4.578
144.63  -4.575
144.71  -4.573
144.81  -4.570
144.90  -4.568
144.98  -4.565
145.07  -4.563
145.17  -4.560
145.26  -4.558
145.35  -4.556
145.44  -4.554
145.53  -4.552
145.62  -4.550
145.71  -4.548
145.79  -4.546
145.88  -4.544
145.97  -4.542
146.07  -4.540
146.16  -4.538
146.25  -4.536
146.34  -4.534
146.43  -4.532
146.52  -4.529
146.61  -4.527
146.70  -4.525
146.78  -4.523
146.87  -4.521
146.96  -4.519
147.05  -4.516
147.14  -4.514
147.24  -4.512
147.33  -4.510
147.42  -4.507
147.51  -4.505
147.59  -4.503
147.68  -4.500
147.77  -4.498
147.86  -4.496
147.96  -4.493
148.05  -4.491
148.14  -4.488
148.23  -4.486
148.32  -4.484
148.41  -4.481
148.50  -4.479
148.59  -4.476
148.67  -4.474
148.76  -4.471
148.85  -4.469
148.94  -4.466
149.03  -4.464
149.12  -4.461
149.21  -4.459
149.31  -4.456
149.40  -4.453
149.49  -4.451
149.58  -4.448
149.67  -4.445
149.75  -4.442
149.84  -4.439
149.93  -4.436
150.03  -4.434
150.11  -4.431
150.20  -4.428
150.29  -4.425
150.39  -4.422
150.48  -4.419
150.57  -4.416
150.66  -4.413
150.75  -4.410
150.83  -4.408
150.92  -4.405
151.01  -4.402
151.10  -4.399
151.19  -4.396
151.29  -4.394
151.38  -4.391
151.47  -4.388
151.55  -4.385
151.64  -4.383
151.73  -4.380
151.82  -4.377
151.91  -4.374
152.00  -4.372
152.09  -4.369
152.18  -4.366
152.27  -4.363
152.36  -4.360
152.45  -4.357
152.54  -4.355
152.63  -4.352
152.72  -4.349
152.81  -4.346
152.90  -4.343
152.99  -4.340
153.08  -4.337
153.17  -4.334
153.26  -4.331
153.35  -4.328
153.44  -4.325
153.53  -4.322
153.62  -4.319
153.71  -4.316
153.80  -4.313
153.89  -4.311
153.98  -4.308
154.07  -4.305
154.16  -4.302
154.25  -4.299
154.34  -4.296
154.42  -4.293
154.51  -4.290
154.61  -4.287
154.69  -4.284
154.79  -4.281
154.88  -4.278
154.97  -4.275
155.06  -4.273
155.15  -4.270
155.24  -4.267
155.32  -4.264
155.41  -4.261
155.51  -4.258
155.59  -4.255
155.68  -4.252
155.78  -4.250
155.87  -4.247
155.96  -4.244
156.05  -4.241
156.14  -4.238
156.23  -4.235
156.31  -4.233
156.40  -4.230
156.49  -4.227
156.58  -4.224
156.68  -4.222
156.77  -4.219
156.86  -4.216
156.95  -4.213
157.04  -4.211
157.13  -4.208
157.22  -4.205
157.30  -4.202
157.39  -4.200
157.48  -4.197
157.58  -4.194
157.66  -4.192
157.76  -4.189
157.85  -4.186
157.94  -4.183
158.02  -4.181
158.11  -4.178
158.20  -4.175
158.29  -4.173
158.38  -4.170
158.47  -4.167
158.57  -4.164
158.65  -4.162
158.75  -4.159
158.84  -4.156
158.93  -4.153
159.01  -4.150
159.10  -4.148
159.19  -4.145
159.28  -4.142
159.37  -4.139
159.46  -4.136
159.55  -4.133
159.64  -4.130
159.74  -4.127
159.83  -4.124
159.92  -4.121
160.00  -4.118
160.09  -4.115
160.18  -4.112
160.27  -4.109
160.36  -4.106
160.45  -4.103
160.54  -4.100
160.63  -4.097
160.72  -4.094
160.81  -4.090
160.90  -4.087
160.99  -4.084
161.08  -4.081
161.17  -4.078
161.26  -4.075
161.35  -4.072
161.44  -4.069
161.53  -4.066
161.62  -4.063
161.71  -4.060
161.80  -4.058
161.89  -4.055
161.97  -4.052
162.07  -4.049
162.16  -4.046
162.25  -4.043
162.34  -4.040
162.43  -4.037
162.52  -4.034
162.60  -4.031
162.69  -4.028
162.79  -4.026
162.87  -4.023
162.97  -4.020
163.06  -4.017
163.15  -4.014
163.24  -4.011
163.33  -4.009
163.42  -4.006
163.51  -4.003
163.59  -4.000
163.68  -3.997
163.77  -3.995
163.86  -3.992
163.96  -3.989
164.04  -3.986
164.13  -3.984
164.23  -3.981
164.31  -3.978
164.40  -3.975
164.49  -3.973
164.58  -3.970
164.67  -3.967
164.76  -3.964
164.85  -3.962
164.95  -3.959
165.04  -3.956
165.12  -3.954
165.21  -3.951
165.30  -3.948
165.39  -3.946
165.48  -3.943
165.57  -3.941
165.66  -3.938
165.75  -3.936
165.84  -3.933
165.93  -3.931
166.02  -3.928
166.11  -3.926
166.20  -3.923
166.29  -3.921
166.38  -3.919
166.47  -3.916
166.56  -3.914
166.65  -3.911
166.74  -3.909
166.83  -3.906
166.92  -3.904
167.02  -3.901
167.10  -3.899
167.19  -3.896
167.28  -3.894
167.37  -3.891
167.46  -3.889
167.55  -3.886
167.64  -3.884
167.73  -3.881
167.81  -3.879
167.91  -3.876
168.00  -3.874
168.09  -3.871
168.18  -3.869
168.27  -3.866
168.36  -3.864
168.45  -3.861
168.54  -3.859
168.63  -3.856
168.71  -3.854
168.81  -3.851
168.90  -3.849
168.99  -3.846
169.08  -3.844
169.17  -3.841
169.26  -3.839
169.35  -3.836
169.44  -3.834
169.53  -3.831
169.62  -3.829
169.71  -3.826
169.80  -3.824
169.89  -3.821
169.98  -3.818
170.07  -3.816
170.16  -3.813
170.25  -3.810
170.33  -3.808
170.42  -3.805
170.51  -3.802
170.60  -3.800
170.70  -3.797
170.79  -3.794
170.88  -3.792
170.97  -3.789
171.06  -3.786
171.15  -3.783
171.23  -3.781
171.32  -3.778
171.41  -3.775
171.51  -3.773
171.60  -3.770
171.69  -3.767
171.78  -3.764
171.87  -3.762
171.96  -3.759
172.04  -3.756
172.13  -3.753
172.22  -3.750
172.31  -3.748
172.40  -3.745
172.49  -3.742
172.58  -3.739
172.67  -3.735
172.76  -3.732
172.85  -3.729
172.94  -3.726
173.03  -3.723
173.12  -3.720
173.21  -3.717
173.30  -3.713
173.39  -3.710
173.49  -3.707
173.57  -3.704
173.66  -3.701
173.75  -3.698
173.84  -3.695
173.93  -3.692
174.02  -3.689
174.11  -3.686
174.20  -3.684
174.30  -3.681
174.39  -3.679
174.47  -3.676
174.56  -3.673
174.65  -3.671
174.74  -3.668
174.83  -3.666
174.92  -3.663
175.01  -3.661
175.10  -3.658
175.19  -3.655
175.29  -3.653
175.37  -3.650
175.46  -3.647
175.55  -3.645
175.64  -3.642
175.73  -3.639
175.82  -3.636
175.91  -3.633
176.00  -3.631
176.09  -3.628
176.18  -3.625
176.27  -3.622
176.36  -3.619
176.45  -3.617
176.54  -3.614
176.63  -3.611
176.72  -3.609
176.82  -3.606
176.90  -3.603
176.99  -3.601
177.08  -3.598
177.17  -3.596
177.26  -3.593
177.35  -3.591
177.44  -3.588
177.53  -3.586
177.63  -3.583
177.71  -3.581
177.80  -3.578
177.89  -3.576
177.98  -3.573
178.07  -3.571
178.16  -3.568
178.25  -3.566
178.35  -3.563
178.43  -3.560
178.52  -3.558
178.61  -3.555
178.70  -3.553
178.79  -3.550
178.88  -3.547
178.97  -3.545
179.06  -3.542
179.15  -3.540
179.23  -3.537
179.32  -3.534
179.41  -3.531
179.50  -3.529
179.59  -3.526
179.68  -3.523
179.77  -3.520
179.85  -3.517
179.94  -3.514
180.03  -3.511
180.11  -3.509
180.20  -3.506
180.29  -3.503
180.38  -3.500
180.46  -3.497
180.55  -3.494
180.64  -3.491
180.73  -3.488
180.81  -3.485
180.90  -3.482
180.99  -3.479
181.08  -3.476
181.17  -3.473
181.25  -3.470
181.34  -3.467
181.43  -3.464
181.51  -3.461
181.60  -3.458
181.69  -3.455
181.78  -3.452
181.87  -3.449
181.95  -3.446
182.04  -3.443
182.13  -3.440
182.22  -3.438
182.30  -3.435
182.39  -3.432
182.48  -3.429
182.57  -3.426
182.66  -3.424
182.74  -3.421
182.83  -3.418
182.92  -3.415
183.01  -3.413
183.10  -3.410
183.18  -3.407
183.27  -3.405
183.36  -3.402
183.45  -3.399
183.54  -3.396
183.62  -3.394
183.71  -3.391
183.80  -3.388
183.88  -3.385
183.97  -3.382
184.06  -3.379
184.15  -3.376
184.23  -3.373
184.32  -3.369
184.41  -3.366
184.50  -3.363
184.59  -3.360
184.67  -3.357
184.76  -3.354
184.85  -3.350
184.93  -3.347
185.02  -3.344
185.11  -3.341
185.20  -3.338
185.29  -3.335
185.37  -3.333
185.46  -3.330
185.55  -3.327
185.64  -3.324
185.72  -3.322
185.81  -3.319
185.90  -3.317
185.99  -3.314
186.08  -3.311
186.16  -3.309
186.25  -3.306
186.33  -3.304
186.42  -3.301
186.51  -3.298
186.60  -3.296
186.69  -3.293
186.78  -3.290
186.86  -3.287
186.94  -3.284
187.03  -3.282
187.12  -3.279
187.21  -3.276
187.30  -3.273
187.39  -3.270
187.47  -3.267
187.56  -3.264
187.65  -3.261
187.73  -3.259
187.82  -3.256
187.91  -3.253
188.00  -3.250
188.09  -3.247
188.17  -3.244
188.26  -3.241
188.35  -3.239
188.43  -3.236
188.52  -3.233
188.61  -3.230
188.70  -3.227
188.79  -3.224
188.88  -3.221
188.96  -3.219
189.05  -3.216
189.13  -3.213
189.22  -3.210
189.31  -3.207
189.40  -3.204
189.49  -3.201
189.58  -3.199
189.66  -3.196
189.75  -3.193
189.84  -3.190
189.92  -3.187
190.01  -3.184
190.10  -3.181
190.19  -3.178
190.27  -3.176
190.36  -3.173
190.45  -3.170
190.54  -3.167
190.62  -3.164
190.71  -3.161
190.80  -3.159
190.88  -3.156
190.97  -3.153
191.06  -3.151
191.15  -3.148
191.24  -3.145
191.33  -3.143
191.41  -3.140
191.50  -3.137
191.58  -3.135
191.67  -3.132
191.76  -3.129
191.85  -3.127
191.94  -3.124
192.02  -3.121
192.11  -3.119
192.19  -3.116
192.28  -3.113
192.37  -3.110
192.46  -3.108
192.55  -3.105
192.64  -3.102
192.72  -3.099
192.81  -3.097
192.89  -3.094
192.98  -3.091
193.07  -3.088
193.16  -3.086
193.25  -3.083
193.34  -3.080
193.43  -3.077
193.51  -3.074
193.59  -3.071
193.68  -3.068
193.77  -3.065
193.86  -3.062
193.95  -3.059
194.04  -3.056
194.12  -3.053
194.21  -3.050
194.30  -3.046
194.39  -3.043
194.47  -3.040
194.56  -3.037
194.65  -3.034
194.74  -3.031
194.82  -3.028
194.91  -3.025
195.00  -3.021
195.09  -3.018
195.17  -3.015
195.26  -3.012
195.35  -3.009
195.43  -3.006
195.52  -3.003
195.61  -3.000
195.70  -2.997
195.79  -2.994
195.87  -2.991
195.96  -2.988
196.04  -2.985
196.13  -2.983
196.22  -2.980
196.31  -2.977
196.40  -2.974
196.49  -2.971
196.57  -2.969
196.65  -2.966
196.74  -2.963
196.83  -2.961
196.92  -2.958
197.00  -2.956
197.10  -2.953
197.18  -2.950
197.27  -2.948
197.36  -2.945
197.44  -2.943
197.53  -2.940
197.62  -2.938
197.71  -2.935
197.80  -2.933
197.89  -2.930
197.98  -2.927
198.06  -2.925
198.14  -2.922
198.23  -2.920
198.32  -2.917
198.41  -2.915
198.50  -2.912
198.59  -2.909
198.67  -2.907
198.76  -2.904
198.85  -2.901
198.93  -2.899
199.02  -2.896
199.11  -2.893
199.20  -2.891
199.29  -2.888
199.37  -2.885
199.46  -2.882
199.55  -2.879
199.64  -2.876
199.72  -2.873
199.81  -2.871
199.90  -2.868
199.98  -2.865
200.07  -2.862
200.16  -2.859
200.25  -2.856
200.33  -2.853
200.42  -2.850
200.51  -2.847
200.60  -2.845
200.69  -2.842
200.78  -2.839
200.86  -2.836
200.95  -2.834
201.04  -2.831
201.12  -2.829
201.21  -2.826
201.30  -2.823
201.39  -2.821
201.47  -2.818
201.56  -2.816
201.65  -2.813
201.74  -2.810
201.83  -2.808
201.91  -2.805
