  
  DOI/GTN-P Deep Borehole Array, Arctic Alaska 
             U.S. Geological Survey 
            Processed Temperature Log 
                    24-Aug-2013 
________________________________________________ 
  
Temperature Log Information: 
  Well name:   Awuna 
  File name:   AWU_02AUG14b_c_d 
  Log date:    14-AUG-2002 
  
Contact Information: 
  Gary Clow 
  U.S. Geological Survey 
  clow@usgs.gov 
  
Definitions: 
  Depth:        Depth below local ground surface (m) 
  Temperature:  ITS-90 temperature (°C) 
________________________________________________ 
             
 Depth  Temperature 
  4.12  -3.268
  4.21  -3.281
  4.34  -3.298
  4.47  -3.324
  4.50  -3.361
  4.65  -3.405
  4.72  -3.452
  4.82  -3.499
  4.90  -3.538
  5.03  -3.574
  5.11  -3.609
  5.20  -3.644
  5.33  -3.678
  5.40  -3.711
  5.47  -3.743
  5.61  -3.774
  5.70  -3.806
  5.80  -3.838
  5.89  -3.869
  5.98  -3.896
  6.06  -3.918
  6.13  -3.937
  6.25  -3.954
  6.37  -3.973
  6.50  -3.995
  6.63  -4.019
  6.75  -4.043
  6.87  -4.063
  6.98  -4.079
  7.11  -4.092
  7.15  -4.104
  7.28  -4.114
  7.40  -4.125
  7.52  -4.135
  7.64  -4.144
  7.74  -4.152
  7.91  -4.159
  8.04  -4.164
  8.12  -4.169
  8.21  -4.173
  8.33  -4.176
  8.50  -4.179
  8.64  -4.181
  8.75  -4.182
  8.84  -4.182
  8.98  -4.181
  9.10  -4.180
  9.26  -4.179
  9.36  -4.178
  9.50  -4.177
  9.65  -4.176
  9.78  -4.176
  9.90  -4.177
 10.04  -4.179
 10.14  -4.181
 10.27  -4.183
 10.40  -4.184
 10.52  -4.184
 10.62  -4.184
 10.76  -4.184
 10.88  -4.183
 10.99  -4.183
 11.10  -4.183
 11.20  -4.182
 11.35  -4.181
 11.50  -4.181
 11.62  -4.180
 11.74  -4.180
 11.85  -4.180
 11.99  -4.180
 12.14  -4.180
 12.27  -4.181
 12.37  -4.182
 12.50  -4.182
 12.62  -4.183
 12.75  -4.185
 12.88  -4.186
 13.02  -4.187
 13.14  -4.189
 13.27  -4.191
 13.38  -4.192
 13.49  -4.195
 13.61  -4.197
 13.72  -4.200
 13.86  -4.203
 14.00  -4.206
 14.11  -4.210
 14.22  -4.214
 14.36  -4.218
 14.48  -4.222
 14.62  -4.227
 14.76  -4.232
 14.89  -4.237
 15.00  -4.243
 15.12  -4.248
 15.25  -4.255
 15.38  -4.261
 15.49  -4.268
 15.60  -4.275
 15.74  -4.282
 15.87  -4.290
 15.99  -4.299
 16.12  -4.307
 16.23  -4.316
 16.36  -4.325
 16.48  -4.335
 16.61  -4.345
 16.74  -4.354
 16.87  -4.364
 16.99  -4.375
 17.11  -4.385
 17.23  -4.395
 17.33  -4.406
 17.45  -4.417
 17.59  -4.428
 17.72  -4.439
 17.84  -4.450
 17.97  -4.461
 18.11  -4.473
 18.22  -4.484
 18.33  -4.496
 18.46  -4.507
 18.59  -4.519
 18.71  -4.530
 18.84  -4.542
 18.98  -4.553
 19.09  -4.565
 19.21  -4.576
 19.33  -4.587
 19.46  -4.598
 19.57  -4.609
 19.68  -4.620
 19.81  -4.630
 19.93  -4.639
 20.06  -4.648
 20.21  -4.658
 20.32  -4.668
 20.45  -4.678
 20.57  -4.687
 20.70  -4.697
 20.82  -4.706
 20.94  -4.716
 21.06  -4.725
 21.15  -4.734
 21.28  -4.743
 21.44  -4.753
 21.58  -4.762
 21.69  -4.772
 21.81  -4.781
 21.94  -4.791
 22.07  -4.801
 22.20  -4.811
 22.32  -4.821
 22.45  -4.830
 22.56  -4.840
 22.68  -4.850
 22.82  -4.860
 22.94  -4.870
 23.07  -4.879
 23.19  -4.889
 23.31  -4.898
 23.43  -4.908
 23.57  -4.917
 23.69  -4.927
 23.81  -4.936
 23.94  -4.945
 24.04  -4.954
 24.17  -4.963
 24.30  -4.972
 24.42  -4.981
 24.55  -4.990
 24.67  -4.998
 24.79  -5.007
 24.93  -5.016
 25.06  -5.025
 25.19  -5.033
 25.31  -5.042
 25.44  -5.051
 25.56  -5.059
 25.67  -5.068
 25.79  -5.076
 25.95  -5.085
 26.07  -5.094
 26.19  -5.102
 26.30  -5.111
 26.43  -5.119
 26.57  -5.128
 26.70  -5.136
 26.82  -5.145
 26.93  -5.153
 27.04  -5.162
 27.17  -5.170
 27.30  -5.179
 27.43  -5.187
 27.56  -5.195
 27.69  -5.204
 27.80  -5.212
 27.91  -5.221
 28.04  -5.229
 28.16  -5.237
 28.32  -5.246
 28.44  -5.254
 28.57  -5.262
 28.69  -5.271
 28.81  -5.279
 28.95  -5.287
 29.07  -5.295
 29.19  -5.304
 29.32  -5.312
 29.44  -5.320
 29.57  -5.328
 29.69  -5.336
 29.81  -5.344
 29.93  -5.352
 30.06  -5.360
 30.19  -5.368
 30.31  -5.376
 30.43  -5.383
 30.55  -5.391
 30.68  -5.399
 30.80  -5.406
 30.93  -5.414
 31.05  -5.422
 31.16  -5.429
 31.29  -5.437
 31.40  -5.445
 31.52  -5.452
 31.64  -5.460
 31.75  -5.467
 31.87  -5.475
 32.00  -5.483
 32.13  -5.490
 32.23  -5.498
 32.37  -5.505
 32.49  -5.513
 32.61  -5.520
 32.72  -5.528
 32.85  -5.535
 32.97  -5.542
 33.10  -5.550
 33.22  -5.557
 33.34  -5.564
 33.47  -5.571
 33.57  -5.578
 33.68  -5.585
 33.82  -5.592
 33.94  -5.599
 34.05  -5.606
 34.18  -5.613
 34.28  -5.619
 34.40  -5.626
 34.53  -5.632
 34.66  -5.639
 34.78  -5.645
 34.90  -5.652
 35.02  -5.658
 35.14  -5.664
 35.25  -5.671
 35.38  -5.677
 35.51  -5.683
 35.63  -5.689
 35.74  -5.695
 35.87  -5.701
 35.99  -5.707
 36.11  -5.712
 36.23  -5.718
 36.36  -5.724
 36.47  -5.730
 36.59  -5.735
 36.72  -5.741
 36.84  -5.746
 36.96  -5.752
 37.07  -5.757
 37.19  -5.762
 37.32  -5.768
 37.44  -5.773
 37.56  -5.778
 37.67  -5.784
 37.79  -5.789
 37.92  -5.794
 38.03  -5.799
 38.17  -5.804
 38.27  -5.809
 38.38  -5.814
 38.51  -5.819
 38.63  -5.824
 38.75  -5.829
 38.84  -5.834
 38.98  -5.839
 39.11  -5.844
 39.24  -5.848
 39.36  -5.853
 39.47  -5.858
 39.61  -5.862
 39.73  -5.867
 39.84  -5.872
 39.96  -5.876
 40.08  -5.881
 40.20  -5.885
 40.32  -5.889
 40.44  -5.894
 40.56  -5.898
 40.68  -5.902
 40.80  -5.907
 40.92  -5.911
 41.05  -5.915
 41.16  -5.919
 41.27  -5.923
 41.40  -5.927
 41.51  -5.932
 41.63  -5.936
 41.75  -5.940
 41.88  -5.943
 42.00  -5.947
 42.12  -5.951
 42.23  -5.955
 42.35  -5.959
 42.48  -5.963
 42.61  -5.966
 42.73  -5.970
 42.85  -5.974
 42.97  -5.977
 43.09  -5.981
 43.20  -5.984
 43.32  -5.988
 43.45  -5.991
 43.57  -5.994
 43.69  -5.998
 43.81  -6.001
 43.92  -6.004
 44.04  -6.008
 44.17  -6.011
 44.27  -6.014
 44.40  -6.017
 44.51  -6.020
 44.64  -6.024
 44.76  -6.027
 44.88  -6.030
 44.99  -6.033
 45.10  -6.036
 45.24  -6.039
 45.36  -6.041
 45.48  -6.044
 45.59  -6.047
 45.72  -6.050
 45.84  -6.053
 45.96  -6.056
 46.08  -6.058
 46.19  -6.061
 46.32  -6.064
 46.44  -6.066
 46.56  -6.069
 46.68  -6.072
 46.80  -6.074
 46.91  -6.077
 47.03  -6.079
 47.16  -6.082
 47.27  -6.085
 47.40  -6.087
 47.51  -6.090
 47.62  -6.092
 47.74  -6.094
 47.87  -6.097
 47.99  -6.099
 48.11  -6.102
 48.23  -6.104
 48.35  -6.106
 48.47  -6.109
 48.59  -6.111
 48.72  -6.113
 48.84  -6.116
 48.96  -6.118
 49.07  -6.120
 49.19  -6.122
 49.31  -6.124
 49.43  -6.127
 49.54  -6.129
 49.67  -6.131
 49.80  -6.133
 49.92  -6.135
 50.04  -6.137
 50.16  -6.139
 50.28  -6.141
 50.39  -6.143
 50.51  -6.145
 50.63  -6.147
 50.76  -6.149
 50.86  -6.151
 50.99  -6.153
 51.11  -6.155
 51.23  -6.156
 51.35  -6.158
 51.46  -6.160
 51.59  -6.162
 51.71  -6.164
 51.83  -6.165
 51.95  -6.167
 52.07  -6.169
 52.18  -6.171
 52.31  -6.172
 52.44  -6.174
 52.55  -6.176
 52.67  -6.177
 52.79  -6.179
 52.91  -6.180
 53.04  -6.182
 53.16  -6.183
 53.27  -6.185
 53.40  -6.186
 53.52  -6.188
 53.64  -6.189
 53.76  -6.191
 53.88  -6.192
 54.00  -6.193
 54.12  -6.195
 54.23  -6.196
 54.36  -6.197
 54.48  -6.199
 54.60  -6.200
 54.72  -6.201
 54.84  -6.202
 54.96  -6.203
 55.09  -6.204
 55.21  -6.206
 55.33  -6.207
 55.44  -6.208
 55.56  -6.209
 55.68  -6.210
 55.81  -6.211
 55.92  -6.212
 56.05  -6.213
 56.17  -6.214
 56.29  -6.214
 56.41  -6.215
 56.53  -6.216
 56.65  -6.217
 56.77  -6.218
 56.89  -6.219
 57.01  -6.219
 57.12  -6.220
 57.25  -6.221
 57.37  -6.221
 57.49  -6.222
 57.61  -6.223
 57.73  -6.223
 57.85  -6.224
 57.98  -6.224
 58.09  -6.225
 58.22  -6.225
 58.34  -6.226
 58.46  -6.226
 58.58  -6.227
 58.70  -6.227
 58.82  -6.227
 58.94  -6.227
 59.06  -6.228
 59.18  -6.228
 59.30  -6.228
 59.42  -6.228
 59.54  -6.228
 59.66  -6.229
 59.78  -6.229
 59.90  -6.229
 60.03  -6.229
 60.15  -6.229
 60.26  -6.229
 60.39  -6.229
 60.51  -6.229
 60.63  -6.229
 60.75  -6.229
 60.87  -6.229
 60.99  -6.229
 61.11  -6.229
 61.23  -6.229
 61.36  -6.229
 61.47  -6.229
 61.59  -6.229
 61.72  -6.229
 61.84  -6.228
 61.96  -6.228
 62.08  -6.228
 62.20  -6.228
 62.32  -6.228
 62.44  -6.228
 62.56  -6.228
 62.68  -6.228
 62.80  -6.227
 62.92  -6.227
 63.03  -6.227
 63.16  -6.227
 63.28  -6.227
 63.40  -6.227
 63.52  -6.226
 63.64  -6.226
 63.76  -6.226
 63.89  -6.226
 64.01  -6.226
 64.13  -6.225
 64.25  -6.225
 64.37  -6.225
 64.49  -6.225
 64.61  -6.224
 64.73  -6.224
 64.85  -6.224
 64.97  -6.223
 65.09  -6.223
 65.21  -6.222
 65.33  -6.222
 65.45  -6.222
 65.56  -6.221
 65.68  -6.221
 65.80  -6.220
 65.92  -6.220
 66.04  -6.220
 66.16  -6.219
 66.28  -6.219
 66.39  -6.218
 66.51  -6.218
 66.63  -6.217
 66.75  -6.216
 66.87  -6.216
 66.98  -6.215
 67.10  -6.215
 67.22  -6.214
 67.34  -6.213
 67.45  -6.213
 67.57  -6.212
 67.68  -6.212
 67.79  -6.211
 67.90  -6.210
 68.02  -6.210
 68.13  -6.209
 68.24  -6.208
 68.36  -6.207
 68.48  -6.207
 68.60  -6.206
 68.72  -6.205
 68.84  -6.205
 68.96  -6.204
 69.07  -6.203
 69.19  -6.202
 69.31  -6.202
 69.42  -6.201
 69.54  -6.200
 69.66  -6.199
 69.78  -6.199
 69.88  -6.198
 70.01  -6.197
 70.13  -6.196
 70.25  -6.195
 70.37  -6.195
 70.48  -6.194
 70.60  -6.193
 70.72  -6.192
 70.83  -6.191
 70.95  -6.190
 71.06  -6.190
 71.19  -6.189
 71.30  -6.188
 71.42  -6.187
 71.54  -6.186
 71.66  -6.185
 71.78  -6.184
 71.89  -6.183
 72.01  -6.182
 72.12  -6.181
 72.25  -6.180
 72.36  -6.179
 72.48  -6.178
 72.60  -6.177
 72.71  -6.176
 72.83  -6.175
 72.95  -6.174
 73.07  -6.173
 73.18  -6.172
 73.30  -6.171
 73.42  -6.170
 73.54  -6.169
 73.66  -6.168
 73.77  -6.166
 73.89  -6.165
 74.01  -6.164
 74.12  -6.163
 74.24  -6.162
 74.36  -6.160
 74.47  -6.159
 74.59  -6.158
 74.71  -6.157
 74.83  -6.155
 74.94  -6.154
 75.06  -6.153
 75.18  -6.152
 75.30  -6.150
 75.41  -6.149
 75.52  -6.148
 75.65  -6.146
 75.76  -6.145
 75.88  -6.144
 75.99  -6.142
 76.12  -6.141
 76.23  -6.139
 76.34  -6.138
 76.47  -6.137
 76.58  -6.135
 76.70  -6.134
 76.82  -6.132
 76.94  -6.131
 77.06  -6.130
 77.17  -6.128
 77.29  -6.127
 77.41  -6.125
 77.52  -6.124
 77.64  -6.122
 77.76  -6.121
 77.87  -6.119
 77.99  -6.118
 78.12  -6.116
 78.23  -6.115
 78.35  -6.114
 78.46  -6.112
 78.58  -6.111
 78.70  -6.109
 78.82  -6.107
 78.93  -6.106
 79.05  -6.104
 79.17  -6.103
 79.29  -6.101
 79.40  -6.100
 79.52  -6.098
 79.64  -6.096
 79.76  -6.095
 79.87  -6.093
 79.99  -6.091
 80.11  -6.090
 80.23  -6.088
 80.35  -6.086
 80.58  -6.083
 80.71  -6.081
 80.82  -6.080
 80.94  -6.078
 81.06  -6.076
 81.17  -6.074
 81.29  -6.072
 81.41  -6.071
 81.52  -6.069
 81.64  -6.067
 81.76  -6.065
 81.88  -6.063
 82.00  -6.061
 82.11  -6.059
 82.23  -6.058
 82.35  -6.056
 82.47  -6.054
 82.58  -6.052
 82.70  -6.050
 82.82  -6.048
 82.94  -6.046
 83.06  -6.044
 83.17  -6.042
 83.29  -6.040
 83.41  -6.038
 83.52  -6.036
 83.64  -6.034
 83.76  -6.032
 83.88  -6.030
 84.00  -6.028
 84.11  -6.026
 84.23  -6.024
 84.35  -6.021
 84.46  -6.019
 84.58  -6.017
 84.70  -6.015
 84.81  -6.013
 84.94  -6.011
 85.06  -6.009
 85.18  -6.007
 85.29  -6.005
 85.41  -6.003
 85.53  -6.001
 85.64  -5.999
 85.76  -5.996
 85.88  -5.994
 86.00  -5.992
 86.12  -5.990
 86.23  -5.988
 86.35  -5.986
 86.47  -5.984
 86.59  -5.982
 86.71  -5.980
 86.82  -5.978
 86.94  -5.976
 87.05  -5.973
 87.18  -5.971
 87.30  -5.969
 87.42  -5.967
 87.53  -5.965
 87.65  -5.963
 87.77  -5.961
 87.89  -5.958
 88.01  -5.956
 88.13  -5.954
 88.24  -5.952
 88.36  -5.950
 88.48  -5.948
 88.59  -5.945
 88.71  -5.943
 88.83  -5.941
 88.95  -5.939
 89.07  -5.937
 89.19  -5.935
 89.31  -5.933
 89.42  -5.930
 89.54  -5.928
 89.66  -5.926
 89.78  -5.924
 89.90  -5.922
 90.02  -5.920
 90.13  -5.917
 90.25  -5.915
 90.37  -5.913
 90.49  -5.911
 90.61  -5.909
 90.72  -5.906
 90.84  -5.904
 90.96  -5.902
 91.08  -5.900
 91.20  -5.897
 91.32  -5.895
 91.43  -5.893
 91.55  -5.890
 91.67  -5.888
 91.78  -5.886
 91.91  -5.884
 92.02  -5.881
 92.14  -5.879
 92.26  -5.877
 92.38  -5.874
 92.50  -5.872
 92.62  -5.869
 92.74  -5.867
 92.85  -5.865
 92.97  -5.862
 93.09  -5.860
 93.21  -5.857
 93.33  -5.855
 93.45  -5.852
 93.57  -5.850
 93.68  -5.847
 93.80  -5.845
 93.92  -5.842
 94.04  -5.840
 94.16  -5.837
 94.28  -5.835
 94.40  -5.832
 94.51  -5.830
 94.63  -5.827
 94.75  -5.824
 94.87  -5.822
 94.99  -5.819
 95.11  -5.817
 95.23  -5.814
 95.34  -5.811
 95.46  -5.809
 95.58  -5.806
 95.70  -5.803
 95.82  -5.801
 95.94  -5.798
 96.05  -5.796
 96.18  -5.793
 96.29  -5.790
 96.41  -5.788
 96.53  -5.785
 96.65  -5.782
 96.77  -5.780
 96.89  -5.777
 97.01  -5.775
 97.12  -5.772
 97.24  -5.769
 97.36  -5.767
 97.48  -5.764
 97.60  -5.761
 97.72  -5.759
 97.84  -5.756
 97.96  -5.753
 98.08  -5.751
 98.20  -5.748
 98.32  -5.746
 98.43  -5.743
 98.55  -5.740
 98.67  -5.738
 98.79  -5.735
 98.91  -5.732
 99.03  -5.730
 99.15  -5.727
 99.27  -5.724
 99.39  -5.721
 99.51  -5.719
 99.63  -5.716
 99.75  -5.713
 99.86  -5.711
 99.98  -5.708
100.11  -5.705
100.23  -5.703
100.35  -5.700
100.47  -5.697
100.58  -5.694
100.70  -5.692
100.82  -5.689
100.94  -5.686
101.06  -5.683
101.18  -5.681
101.30  -5.678
101.42  -5.675
101.54  -5.672
101.66  -5.670
101.78  -5.667
101.89  -5.664
102.02  -5.661
102.13  -5.658
102.25  -5.656
102.37  -5.653
102.48  -5.650
102.60  -5.647
102.71  -5.644
102.83  -5.642
102.95  -5.639
103.06  -5.636
103.18  -5.633
103.29  -5.630
103.41  -5.627
103.53  -5.625
103.65  -5.622
103.76  -5.619
103.87  -5.616
103.99  -5.613
104.11  -5.611
104.22  -5.608
104.34  -5.605
104.46  -5.602
104.58  -5.599
104.69  -5.596
104.81  -5.594
104.93  -5.591
105.04  -5.588
105.16  -5.585
105.28  -5.582
105.39  -5.580
105.51  -5.577
105.62  -5.574
105.74  -5.571
105.85  -5.568
105.97  -5.565
106.09  -5.563
106.20  -5.560
106.31  -5.557
106.43  -5.554
106.55  -5.551
106.67  -5.548
106.78  -5.546
106.90  -5.543
107.02  -5.540
107.13  -5.537
107.25  -5.534
107.37  -5.531
107.48  -5.528
107.60  -5.526
107.71  -5.523
107.83  -5.520
107.94  -5.517
108.06  -5.514
108.17  -5.511
108.29  -5.508
108.40  -5.505
108.52  -5.502
108.64  -5.499
108.75  -5.496
108.87  -5.493
108.99  -5.490
109.10  -5.487
109.22  -5.484
109.34  -5.481
109.45  -5.478
109.56  -5.475
109.68  -5.472
109.80  -5.469
109.91  -5.466
110.03  -5.464
110.14  -5.461
110.26  -5.458
110.38  -5.455
110.49  -5.452
110.61  -5.449
110.72  -5.446
110.84  -5.443
110.96  -5.440
111.08  -5.437
111.19  -5.434
111.31  -5.431
111.42  -5.429
111.54  -5.426
111.66  -5.423
111.77  -5.421
111.88  -5.418
112.00  -5.416
112.11  -5.413
112.23  -5.411
112.35  -5.408
112.46  -5.406
112.57  -5.403
112.69  -5.401
112.81  -5.398
112.93  -5.396
113.04  -5.393
113.15  -5.390
113.27  -5.388
113.38  -5.385
113.50  -5.382
113.61  -5.379
113.73  -5.376
113.83  -5.373
113.96  -5.370
114.07  -5.367
114.19  -5.364
114.31  -5.360
114.42  -5.357
114.54  -5.354
114.65  -5.351
114.76  -5.348
114.88  -5.345
114.99  -5.341
115.11  -5.338
115.22  -5.335
115.34  -5.332
115.46  -5.329
115.57  -5.326
115.69  -5.323
115.80  -5.320
115.92  -5.317
116.03  -5.314
116.15  -5.311
116.26  -5.308
116.37  -5.305
116.49  -5.302
116.61  -5.299
116.72  -5.296
116.84  -5.293
116.95  -5.290
117.07  -5.287
117.19  -5.283
117.30  -5.280
117.42  -5.277
117.53  -5.274
117.64  -5.270
117.76  -5.267
117.88  -5.264
117.99  -5.260
118.11  -5.257
118.22  -5.254
118.34  -5.250
118.46  -5.247
118.57  -5.244
118.69  -5.241
118.80  -5.237
118.92  -5.234
119.03  -5.231
119.15  -5.228
119.26  -5.224
119.38  -5.221
119.49  -5.218
119.61  -5.215
119.72  -5.212
119.84  -5.208
119.95  -5.205
120.06  -5.202
120.18  -5.199
120.30  -5.196
120.41  -5.193
120.53  -5.189
120.64  -5.186
120.76  -5.183
120.87  -5.180
120.99  -5.177
121.10  -5.173
121.21  -5.170
121.33  -5.167
121.44  -5.164
121.56  -5.161
121.67  -5.157
121.79  -5.154
121.90  -5.151
122.02  -5.148
122.13  -5.145
122.25  -5.142
122.36  -5.138
122.48  -5.135
122.59  -5.132
122.71  -5.129
122.82  -5.126
122.94  -5.123
123.06  -5.120
123.17  -5.117
123.28  -5.113
123.40  -5.110
123.51  -5.107
123.63  -5.104
123.75  -5.101
123.86  -5.098
123.97  -5.095
124.09  -5.092
124.21  -5.089
124.32  -5.086
124.44  -5.082
124.55  -5.079
124.67  -5.076
124.78  -5.073
124.89  -5.070
125.01  -5.067
125.13  -5.064
125.24  -5.061
125.35  -5.058
125.47  -5.054
125.59  -5.051
125.70  -5.048
125.81  -5.045
125.93  -5.042
126.05  -5.039
126.16  -5.035
126.28  -5.032
126.39  -5.029
126.51  -5.026
126.63  -5.023
126.74  -5.019
126.85  -5.016
126.97  -5.013
127.08  -5.009
127.20  -5.006
127.31  -5.003
127.43  -4.999
127.55  -4.996
127.66  -4.993
127.77  -4.989
127.89  -4.986
128.01  -4.983
128.13  -4.979
128.24  -4.976
128.35  -4.972
128.47  -4.969
128.59  -4.965
128.70  -4.962
128.82  -4.958
128.93  -4.955
129.05  -4.951
129.16  -4.948
129.28  -4.944
129.40  -4.941
129.51  -4.937
129.63  -4.934
129.74  -4.930
129.86  -4.927
129.98  -4.924
130.09  -4.920
130.21  -4.917
130.32  -4.914
130.44  -4.910
130.55  -4.907
130.66  -4.904
130.78  -4.901
130.90  -4.897
131.01  -4.894
131.13  -4.891
131.24  -4.888
131.36  -4.884
131.47  -4.881
131.59  -4.878
131.71  -4.874
131.82  -4.871
131.94  -4.867
132.05  -4.863
132.17  -4.859
132.28  -4.856
132.40  -4.852
132.52  -4.848
132.63  -4.844
132.75  -4.840
132.87  -4.837
132.98  -4.833
133.10  -4.829
133.21  -4.825
133.33  -4.822
133.44  -4.818
133.56  -4.814
133.67  -4.811
133.79  -4.808
133.91  -4.804
134.03  -4.801
134.14  -4.798
134.26  -4.795
134.37  -4.792
134.49  -4.789
134.60  -4.786
134.72  -4.783
134.84  -4.780
134.95  -4.777
135.07  -4.774
135.18  -4.771
135.30  -4.767
135.41  -4.764
135.53  -4.761
135.64  -4.758
135.76  -4.755
135.88  -4.751
135.99  -4.748
136.10  -4.745
136.22  -4.742
136.33  -4.738
136.45  -4.735
136.56  -4.732
136.67  -4.729
136.79  -4.725
136.90  -4.722
137.01  -4.719
137.12  -4.716
137.23  -4.712
137.34  -4.709
137.45  -4.706
137.56  -4.703
137.68  -4.699
137.79  -4.696
137.90  -4.693
138.01  -4.690
138.13  -4.687
138.24  -4.683
138.35  -4.680
138.47  -4.677
138.58  -4.674
138.69  -4.670
138.80  -4.667
138.91  -4.664
139.03  -4.661
139.14  -4.657
139.25  -4.654
139.37  -4.651
139.48  -4.648
139.60  -4.644
139.71  -4.641
139.82  -4.638
139.94  -4.635
140.05  -4.632
140.16  -4.628
140.28  -4.625
140.39  -4.622
140.50  -4.618
140.61  -4.615
140.73  -4.612
140.84  -4.608
140.96  -4.605
141.07  -4.601
141.18  -4.598
141.30  -4.594
141.41  -4.591
141.52  -4.587
141.63  -4.583
141.75  -4.580
141.86  -4.576
141.97  -4.572
142.08  -4.569
142.20  -4.565
142.31  -4.561
142.42  -4.558
142.54  -4.554
142.66  -4.550
142.77  -4.547
142.88  -4.543
142.99  -4.539
143.11  -4.536
143.23  -4.532
143.34  -4.529
143.45  -4.525
143.57  -4.521
143.68  -4.518
143.79  -4.514
143.91  -4.511
144.02  -4.507
144.13  -4.504
144.25  -4.500
144.36  -4.497
144.48  -4.493
144.59  -4.490
144.70  -4.487
144.81  -4.484
144.93  -4.481
145.04  -4.478
145.15  -4.475
145.27  -4.472
145.39  -4.469
145.50  -4.466
145.61  -4.463
145.73  -4.460
145.84  -4.457
145.96  -4.454
146.07  -4.451
146.18  -4.448
146.30  -4.445
146.41  -4.442
146.52  -4.439
146.64  -4.436
146.75  -4.433
146.86  -4.430
146.98  -4.427
147.10  -4.424
147.21  -4.421
147.32  -4.418
147.44  -4.415
147.55  -4.412
147.67  -4.408
147.78  -4.405
147.89  -4.402
148.00  -4.399
148.12  -4.396
148.23  -4.393
148.34  -4.389
148.46  -4.386
148.57  -4.383
148.69  -4.380
148.80  -4.376
148.91  -4.373
149.03  -4.370
149.14  -4.366
149.26  -4.363
149.37  -4.360
149.48  -4.356
149.60  -4.353
149.71  -4.349
149.82  -4.346
149.94  -4.343
150.05  -4.339
150.16  -4.336
150.28  -4.333
150.39  -4.329
150.51  -4.326
150.63  -4.323
150.74  -4.319
150.86  -4.316
150.97  -4.313
151.08  -4.309
151.19  -4.306
151.31  -4.303
151.42  -4.299
151.54  -4.296
151.65  -4.292
151.77  -4.289
151.88  -4.286
151.99  -4.282
152.11  -4.279
152.22  -4.275
152.34  -4.272
152.45  -4.268
152.56  -4.265
152.68  -4.261
152.80  -4.258
152.91  -4.255
153.02  -4.251
153.14  -4.248
153.26  -4.244
153.37  -4.241
153.48  -4.237
153.60  -4.234
153.72  -4.231
153.83  -4.228
153.95  -4.224
154.06  -4.221
154.17  -4.218
154.29  -4.215
154.40  -4.212
154.52  -4.208
154.63  -4.205
154.75  -4.202
154.86  -4.199
154.98  -4.195
155.09  -4.192
155.21  -4.189
155.32  -4.185
155.44  -4.182
155.55  -4.178
155.67  -4.174
155.78  -4.170
155.90  -4.167
156.01  -4.163
156.13  -4.159
156.24  -4.155
156.36  -4.151
156.47  -4.147
156.58  -4.143
156.70  -4.139
156.81  -4.135
156.93  -4.130
157.04  -4.126
157.16  -4.122
157.28  -4.118
157.39  -4.114
157.51  -4.110
157.62  -4.106
157.73  -4.102
157.85  -4.098
157.96  -4.095
158.08  -4.091
158.20  -4.087
158.31  -4.083
158.42  -4.079
158.54  -4.075
158.66  -4.071
158.77  -4.067
158.89  -4.064
159.00  -4.060
159.12  -4.056
159.23  -4.052
159.35  -4.049
159.46  -4.045
159.58  -4.041
159.69  -4.038
159.80  -4.034
159.92  -4.031
160.04  -4.027
160.15  -4.024
160.27  -4.020
160.38  -4.017
160.49  -4.013
160.61  -4.010
160.73  -4.006
160.84  -4.003
160.95  -4.000
161.07  -3.996
161.18  -3.993
161.30  -3.989
161.41  -3.986
161.53  -3.982
161.64  -3.979
161.76  -3.975
161.88  -3.972
161.99  -3.968
162.11  -3.964
162.22  -3.961
162.34  -3.957
162.45  -3.954
162.57  -3.950
162.68  -3.947
162.80  -3.943
162.92  -3.940
163.03  -3.936
163.15  -3.933
163.26  -3.929
163.38  -3.926
163.50  -3.922
163.61  -3.918
163.73  -3.915
163.84  -3.911
163.96  -3.908
164.07  -3.904
164.19  -3.900
164.30  -3.897
164.42  -3.893
164.53  -3.890
164.65  -3.886
164.76  -3.882
164.88  -3.879
165.00  -3.875
165.11  -3.872
165.23  -3.868
165.34  -3.865
165.46  -3.861
165.58  -3.857
165.69  -3.854
165.81  -3.850
165.92  -3.847
166.04  -3.843
166.16  -3.840
166.27  -3.836
166.39  -3.833
166.50  -3.829
166.62  -3.826
166.74  -3.822
166.86  -3.819
166.97  -3.816
167.09  -3.812
167.21  -3.809
167.33  -3.806
167.44  -3.802
167.56  -3.799
167.68  -3.795
167.80  -3.792
167.91  -3.789
168.03  -3.785
168.15  -3.782
168.26  -3.779
168.38  -3.775
168.50  -3.772
168.62  -3.769
168.73  -3.765
168.85  -3.762
168.97  -3.758
169.08  -3.755
169.20  -3.752
169.32  -3.748
169.43  -3.745
169.55  -3.741
169.67  -3.738
169.78  -3.734
169.90  -3.731
170.02  -3.728
170.14  -3.724
170.25  -3.721
170.36  -3.717
170.48  -3.714
170.59  -3.711
170.70  -3.707
170.81  -3.704
170.93  -3.701
171.04  -3.697
171.15  -3.694
171.27  -3.691
171.38  -3.687
171.49  -3.684
171.61  -3.681
171.72  -3.677
171.83  -3.674
171.94  -3.671
172.06  -3.667
172.17  -3.664
172.28  -3.660
172.40  -3.657
172.51  -3.654
172.62  -3.650
172.74  -3.647
172.85  -3.643
172.96  -3.640
173.07  -3.636
173.18  -3.633
173.30  -3.629
173.41  -3.626
173.53  -3.622
173.64  -3.619
173.75  -3.615
173.86  -3.612
173.97  -3.608
174.09  -3.604
174.20  -3.601
174.31  -3.597
174.42  -3.594
174.54  -3.590
174.65  -3.586
174.76  -3.583
174.87  -3.579
174.99  -3.575
175.10  -3.572
175.21  -3.568
175.32  -3.564
175.44  -3.560
175.55  -3.557
175.67  -3.553
175.78  -3.549
175.89  -3.545
176.01  -3.542
176.12  -3.538
176.23  -3.534
176.34  -3.530
176.46  -3.527
176.57  -3.523
176.68  -3.519
176.80  -3.515
176.91  -3.511
177.02  -3.508
177.14  -3.504
177.25  -3.500
177.36  -3.496
177.48  -3.493
177.59  -3.489
177.70  -3.486
177.81  -3.482
177.93  -3.478
178.04  -3.475
178.15  -3.471
178.26  -3.468
178.38  -3.464
178.49  -3.461
178.60  -3.457
178.72  -3.454
178.83  -3.450
178.94  -3.447
179.05  -3.443
179.16  -3.440
179.27  -3.436
179.38  -3.432
179.49  -3.429
179.60  -3.425
179.72  -3.421
179.83  -3.417
179.94  -3.413
180.06  -3.410
180.17  -3.406
180.28  -3.402
180.39  -3.398
180.51  -3.394
180.62  -3.391
180.73  -3.387
180.85  -3.383
180.96  -3.379
181.07  -3.376
181.19  -3.372
181.30  -3.369
181.41  -3.366
181.52  -3.362
181.64  -3.359
181.75  -3.356
181.86  -3.353
181.97  -3.349
182.09  -3.346
182.20  -3.343
182.31  -3.340
182.42  -3.336
182.54  -3.333
182.65  -3.330
182.76  -3.326
182.88  -3.323
182.99  -3.319
183.11  -3.315
183.21  -3.311
183.33  -3.307
183.45  -3.303
183.56  -3.299
183.67  -3.295
183.78  -3.291
183.90  -3.286
184.01  -3.282
184.12  -3.278
184.24  -3.274
184.35  -3.270
184.46  -3.266
184.58  -3.261
184.69  -3.257
184.81  -3.253
184.92  -3.249
185.03  -3.245
185.15  -3.241
185.26  -3.238
185.38  -3.234
185.49  -3.230
185.60  -3.226
185.72  -3.222
185.83  -3.218
185.94  -3.215
186.06  -3.211
186.17  -3.207
186.28  -3.203
186.40  -3.199
186.51  -3.196
186.62  -3.192
186.73  -3.188
186.85  -3.185
186.96  -3.181
187.08  -3.178
187.19  -3.174
187.30  -3.170
187.41  -3.167
187.53  -3.163
187.64  -3.160
187.76  -3.156
187.87  -3.153
187.98  -3.149
188.09  -3.146
188.21  -3.142
188.32  -3.138
188.43  -3.135
188.55  -3.131
188.66  -3.127
188.77  -3.124
188.89  -3.120
189.00  -3.116
189.11  -3.113
189.22  -3.109
189.34  -3.105
189.45  -3.101
189.57  -3.098
189.68  -3.094
189.79  -3.090
189.91  -3.087
190.02  -3.083
190.14  -3.079
190.25  -3.076
190.36  -3.072
190.47  -3.069
190.59  -3.065
190.70  -3.062
190.81  -3.058
190.92  -3.055
191.04  -3.051
191.15  -3.048
191.27  -3.044
191.38  -3.041
191.49  -3.038
191.72  -3.031
191.84  -3.027
191.95  -3.024
192.06  -3.020
192.17  -3.017
192.29  -3.013
192.40  -3.009
192.51  -3.006
192.63  -3.002
192.74  -2.998
192.86  -2.994
192.97  -2.991
193.08  -2.987
193.19  -2.983
193.31  -2.980
193.42  -2.976
193.54  -2.973
193.65  -2.969
193.76  -2.965
193.88  -2.962
193.99  -2.959
194.11  -2.955
194.22  -2.952
194.33  -2.949
194.45  -2.945
194.56  -2.942
194.68  -2.939
194.79  -2.935
194.91  -2.932
195.01  -2.929
195.13  -2.925
195.25  -2.922
195.36  -2.919
195.47  -2.915
195.59  -2.912
195.70  -2.908
195.81  -2.905
195.93  -2.901
196.04  -2.897
196.15  -2.894
196.26  -2.890
196.38  -2.886
196.50  -2.883
196.61  -2.879
196.72  -2.875
196.84  -2.871
196.95  -2.868
197.06  -2.864
197.18  -2.860
197.29  -2.856
197.40  -2.853
197.51  -2.849
197.63  -2.845
197.74  -2.842
197.85  -2.838
197.97  -2.834
198.08  -2.831
198.19  -2.827
198.30  -2.823
198.42  -2.820
198.53  -2.816
198.64  -2.812
198.76  -2.809
198.87  -2.805
198.98  -2.801
199.09  -2.798
199.20  -2.794
199.31  -2.790
199.42  -2.786
199.54  -2.783
199.65  -2.779
199.76  -2.775
199.88  -2.771
199.99  -2.767
200.10  -2.764
200.21  -2.760
200.32  -2.756
200.44  -2.752
200.55  -2.748
200.66  -2.745
200.77  -2.741
200.88  -2.737
201.00  -2.733
201.11  -2.729
201.22  -2.726
201.33  -2.722
201.45  -2.718
201.56  -2.715
201.67  -2.711
201.78  -2.707
201.90  -2.703
202.01  -2.700
202.12  -2.696
202.23  -2.692
202.35  -2.689
202.46  -2.685
202.57  -2.681
202.68  -2.678
202.79  -2.674
202.90  -2.670
203.01  -2.667
203.12  -2.663
203.23  -2.659
203.33  -2.655
203.44  -2.652
203.55  -2.648
203.66  -2.644
203.76  -2.641
203.87  -2.637
203.98  -2.633
204.09  -2.630
204.20  -2.626
204.31  -2.623
204.41  -2.619
204.52  -2.616
204.63  -2.612
204.74  -2.609
204.85  -2.606
204.96  -2.603
205.07  -2.600
205.18  -2.597
205.29  -2.594
205.39  -2.591
205.50  -2.588
205.61  -2.585
205.72  -2.582
205.83  -2.579
205.94  -2.576
206.05  -2.573
206.16  -2.569
206.27  -2.566
206.37  -2.563
206.48  -2.559
206.59  -2.555
206.70  -2.552
206.81  -2.548
206.92  -2.544
207.03  -2.541
207.13  -2.537
207.24  -2.533
207.35  -2.529
207.46  -2.525
207.57  -2.521
207.68  -2.518
207.79  -2.514
207.90  -2.510
208.01  -2.506
208.12  -2.502
208.23  -2.498
208.33  -2.495
208.44  -2.491
208.56  -2.487
208.66  -2.483
208.77  -2.479
208.88  -2.476
208.99  -2.472
209.10  -2.468
209.21  -2.464
209.32  -2.461
209.43  -2.457
209.53  -2.453
209.64  -2.449
209.75  -2.445
209.86  -2.442
209.97  -2.438
210.08  -2.434
210.19  -2.431
210.30  -2.427
210.41  -2.423
210.52  -2.419
210.63  -2.416
210.74  -2.412
210.85  -2.408
210.96  -2.404
211.07  -2.401
211.17  -2.397
211.28  -2.393
211.39  -2.390
211.50  -2.386
211.61  -2.382
211.72  -2.378
211.83  -2.375
211.94  -2.371
212.05  -2.367
212.15  -2.363
212.26  -2.359
212.37  -2.356
212.48  -2.352
212.59  -2.348
212.70  -2.344
212.81  -2.340
212.92  -2.337
213.03  -2.333
213.14  -2.329
213.24  -2.325
213.35  -2.321
213.46  -2.317
213.57  -2.313
213.68  -2.309
213.79  -2.305
213.90  -2.301
214.01  -2.298
214.12  -2.294
214.22  -2.290
214.33  -2.286
214.44  -2.282
214.55  -2.278
214.66  -2.274
214.77  -2.270
214.88  -2.266
214.99  -2.262
215.10  -2.258
215.21  -2.254
215.31  -2.250
215.42  -2.246
215.53  -2.242
215.64  -2.238
215.75  -2.234
215.86  -2.230
215.97  -2.226
216.08  -2.222
216.19  -2.218
216.30  -2.214
216.40  -2.210
216.52  -2.206
216.63  -2.202
216.73  -2.199
216.84  -2.195
216.95  -2.191
217.06  -2.188
217.17  -2.184
217.28  -2.181
217.39  -2.177
217.50  -2.174
217.61  -2.170
217.72  -2.167
217.83  -2.163
217.94  -2.160
218.05  -2.157
218.16  -2.153
218.27  -2.150
218.38  -2.146
218.49  -2.143
218.60  -2.139
218.71  -2.136
218.82  -2.133
218.93  -2.129
219.04  -2.126
219.15  -2.122
219.26  -2.119
219.37  -2.115
219.48  -2.112
219.59  -2.108
219.70  -2.105
219.80  -2.101
219.92  -2.098
220.03  -2.094
220.14  -2.091
220.25  -2.087
220.36  -2.083
220.47  -2.079
220.58  -2.076
220.69  -2.072
220.80  -2.068
220.91  -2.064
221.02  -2.060
221.13  -2.056
221.24  -2.053
221.35  -2.049
221.46  -2.045
221.57  -2.041
221.68  -2.037
221.79  -2.033
221.90  -2.030
222.01  -2.026
222.12  -2.022
222.23  -2.019
222.34  -2.015
222.45  -2.012
222.56  -2.008
222.67  -2.005
222.78  -2.002
222.89  -1.998
223.00  -1.995
223.11  -1.992
223.22  -1.988
223.33  -1.985
223.44  -1.982
223.55  -1.978
223.66  -1.975
223.77  -1.972
223.88  -1.969
223.99  -1.965
224.10  -1.962
224.21  -1.959
224.32  -1.955
224.43  -1.952
224.54  -1.949
224.65  -1.945
224.76  -1.942
224.88  -1.939
224.98  -1.936
225.09  -1.932
225.21  -1.929
225.32  -1.926
225.43  -1.923
225.54  -1.919
225.65  -1.916
225.76  -1.913
225.87  -1.910
225.98  -1.907
226.09  -1.904
226.20  -1.900
226.31  -1.897
226.42  -1.894
226.53  -1.891
226.64  -1.887
226.75  -1.884
226.86  -1.881
226.98  -1.877
227.09  -1.874
227.20  -1.870
227.31  -1.867
227.42  -1.863
227.53  -1.859
227.64  -1.856
227.75  -1.852
227.86  -1.848
227.97  -1.844
228.08  -1.839
228.19  -1.835
228.31  -1.831
228.42  -1.827
228.53  -1.823
228.64  -1.819
228.75  -1.815
228.86  -1.810
228.97  -1.806
229.09  -1.802
229.20  -1.797
229.31  -1.793
229.42  -1.789
229.53  -1.784
229.64  -1.780
229.75  -1.775
229.86  -1.771
229.98  -1.767
230.09  -1.762
230.20  -1.758
230.42  -1.749
230.53  -1.745
230.65  -1.741
230.76  -1.737
230.87  -1.733
230.98  -1.729
231.09  -1.725
231.21  -1.722
231.32  -1.718
231.43  -1.715
231.54  -1.711
231.66  -1.708
231.77  -1.704
231.88  -1.701
231.99  -1.698
232.10  -1.695
232.21  -1.691
232.32  -1.688
232.44  -1.685
232.55  -1.682
232.66  -1.679
232.77  -1.675
232.89  -1.672
233.00  -1.669
233.11  -1.666
233.23  -1.662
233.34  -1.659
233.45  -1.656
233.57  -1.653
233.68  -1.649
233.79  -1.646
233.90  -1.643
234.02  -1.640
234.13  -1.636
234.24  -1.633
234.36  -1.630
234.47  -1.627
234.58  -1.623
234.69  -1.620
234.80  -1.616
234.90  -1.613
235.01  -1.610
235.12  -1.606
235.23  -1.603
235.34  -1.599
235.45  -1.596
235.56  -1.592
235.67  -1.589
235.78  -1.586
235.89  -1.582
236.00  -1.579
236.11  -1.575
236.22  -1.572
236.33  -1.568
236.44  -1.565
236.54  -1.562
236.65  -1.558
236.76  -1.555
236.87  -1.551
236.98  -1.548
237.09  -1.545
237.20  -1.541
237.31  -1.538
237.42  -1.535
237.53  -1.531
237.63  -1.528
237.74  -1.525
237.85  -1.521
237.96  -1.518
238.07  -1.515
238.18  -1.512
238.28  -1.509
238.39  -1.505
238.50  -1.502
238.61  -1.499
238.72  -1.496
238.83  -1.493
238.94  -1.490
239.05  -1.487
239.16  -1.484
239.26  -1.481
239.37  -1.477
239.48  -1.474
239.59  -1.471
239.70  -1.468
239.81  -1.465
239.92  -1.462
240.03  -1.459
240.14  -1.456
240.24  -1.452
240.35  -1.449
240.46  -1.446
240.57  -1.443
240.68  -1.440
240.79  -1.436
240.90  -1.433
241.00  -1.430
241.11  -1.427
241.22  -1.423
241.33  -1.420
241.44  -1.417
241.54  -1.413
241.65  -1.410
241.76  -1.406
241.87  -1.403
241.98  -1.399
242.09  -1.396
242.19  -1.392
242.30  -1.389
242.41  -1.385
242.52  -1.382
242.63  -1.378
242.74  -1.374
242.85  -1.371
242.95  -1.367
243.06  -1.363
243.17  -1.360
243.27  -1.356
243.38  -1.352
243.49  -1.349
243.60  -1.345
243.70  -1.341
243.81  -1.337
243.92  -1.334
244.03  -1.330
244.13  -1.326
244.24  -1.322
244.35  -1.319
244.45  -1.315
244.56  -1.311
244.67  -1.307
244.78  -1.303
244.89  -1.300
245.00  -1.296
245.11  -1.292
245.21  -1.288
245.32  -1.284
245.43  -1.281
245.54  -1.277
245.64  -1.273
245.75  -1.269
245.86  -1.265
245.97  -1.262
246.07  -1.258
246.19  -1.254
246.30  -1.250
246.40  -1.246
246.51  -1.243
246.62  -1.239
246.72  -1.235
246.83  -1.231
246.94  -1.227
247.05  -1.223
247.16  -1.219
247.27  -1.215
247.38  -1.211
247.48  -1.208
247.59  -1.204
247.70  -1.200
247.81  -1.196
247.92  -1.192
248.02  -1.188
248.13  -1.185
248.24  -1.181
248.57  -1.170
248.67  -1.167
248.78  -1.163
248.88  -1.160
248.99  -1.157
249.10  -1.153
249.21  -1.150
249.32  -1.147
249.42  -1.143
249.53  -1.140
249.64  -1.137
249.75  -1.133
249.85  -1.130
249.96  -1.127
250.07  -1.124
250.18  -1.120
250.28  -1.117
250.39  -1.114
250.50  -1.111
250.61  -1.108
250.72  -1.105
250.82  -1.101
250.93  -1.098
251.04  -1.095
251.15  -1.092
251.26  -1.089
251.36  -1.085
251.47  -1.082
251.58  -1.079
251.68  -1.076
251.79  -1.072
251.90  -1.069
252.01  -1.065
252.12  -1.061
252.22  -1.058
252.33  -1.054
252.44  -1.050
252.54  -1.047
252.65  -1.043
252.76  -1.039
252.87  -1.035
252.98  -1.032
253.08  -1.028
253.19  -1.024
253.30  -1.020
253.41  -1.016
253.52  -1.012
253.62  -1.009
253.73  -1.005
253.84  -1.001
253.95  -0.997
254.06  -0.993
254.16  -0.990
254.27  -0.986
254.37  -0.982
254.48  -0.978
254.59  -0.974
254.69  -0.971
254.80  -0.967
254.91  -0.963
255.01  -0.959
255.12  -0.956
255.23  -0.952
255.34  -0.948
255.44  -0.945
255.55  -0.941
255.66  -0.938
255.77  -0.934
255.88  -0.931
255.98  -0.928
256.09  -0.924
256.20  -0.921
256.30  -0.917
256.41  -0.914
256.52  -0.911
256.62  -0.907
256.73  -0.904
256.84  -0.901
256.95  -0.898
257.05  -0.894
257.16  -0.891
257.26  -0.888
257.37  -0.884
257.48  -0.881
257.59  -0.878
257.69  -0.874
257.80  -0.871
257.91  -0.868
258.01  -0.864
258.12  -0.861
258.22  -0.858
258.34  -0.855
258.44  -0.851
258.55  -0.848
258.65  -0.845
258.76  -0.841
258.87  -0.838
258.97  -0.835
259.08  -0.831
259.19  -0.828
259.29  -0.825
259.40  -0.822
259.51  -0.818
259.61  -0.815
259.72  -0.812
259.82  -0.808
259.93  -0.805
260.04  -0.802
260.15  -0.798
260.25  -0.795
260.36  -0.792
260.46  -0.789
260.57  -0.785
260.68  -0.782
260.78  -0.779
260.89  -0.776
261.00  -0.772
261.10  -0.769
261.21  -0.766
261.32  -0.762
261.43  -0.759
261.53  -0.756
261.64  -0.753
261.75  -0.749
261.85  -0.746
261.95  -0.743
262.06  -0.739
262.17  -0.736
262.28  -0.732
262.38  -0.729
262.49  -0.726
262.59  -0.722
262.70  -0.719
262.80  -0.715
262.91  -0.712
263.02  -0.709
263.12  -0.705
263.23  -0.702
263.34  -0.698
263.44  -0.695
263.55  -0.691
263.65  -0.688
263.76  -0.684
263.86  -0.681
263.97  -0.678
264.07  -0.674
264.18  -0.671
264.29  -0.667
264.39  -0.664
264.49  -0.660
264.60  -0.657
264.70  -0.653
264.81  -0.650
264.91  -0.646
265.02  -0.643
265.12  -0.640
265.22  -0.636
265.32  -0.633
265.42  -0.629
265.52  -0.626
265.63  -0.623
265.73  -0.619
265.83  -0.616
265.93  -0.613
266.03  -0.609
266.14  -0.606
266.24  -0.603
266.34  -0.600
266.44  -0.596
266.55  -0.593
266.65  -0.590
266.75  -0.587
266.85  -0.583
266.95  -0.580
267.06  -0.577
267.16  -0.574
267.26  -0.571
267.37  -0.567
267.47  -0.564
267.57  -0.561
267.68  -0.558
267.78  -0.555
267.88  -0.552
267.99  -0.548
268.09  -0.545
268.20  -0.542
268.30  -0.539
268.40  -0.536
268.50  -0.533
268.61  -0.529
268.71  -0.526
268.81  -0.523
268.91  -0.520
269.01  -0.517
269.12  -0.513
269.22  -0.510
269.32  -0.507
269.43  -0.504
269.53  -0.500
269.63  -0.497
269.74  -0.494
269.84  -0.491
269.94  -0.487
270.05  -0.484
270.15  -0.481
270.25  -0.478
270.35  -0.475
270.46  -0.471
270.56  -0.468
270.67  -0.465
270.77  -0.462
270.87  -0.458
270.97  -0.455
271.08  -0.452
271.18  -0.449
271.28  -0.446
271.39  -0.442
271.49  -0.439
271.59  -0.436
271.70  -0.433
271.80  -0.430
271.90  -0.426
272.01  -0.423
272.11  -0.420
272.21  -0.417
272.31  -0.414
272.42  -0.411
272.52  -0.408
272.62  -0.405
272.73  -0.402
272.83  -0.398
272.93  -0.395
273.04  -0.392
273.14  -0.389
273.24  -0.386
273.35  -0.383
273.45  -0.380
273.55  -0.377
273.66  -0.374
273.76  -0.371
273.86  -0.368
273.96  -0.365
274.07  -0.362
274.17  -0.358
274.28  -0.355
274.38  -0.352
274.48  -0.349
274.59  -0.346
274.69  -0.343
274.79  -0.340
274.90  -0.337
275.00  -0.334
275.11  -0.331
275.21  -0.328
275.31  -0.325
275.42  -0.322
275.52  -0.319
275.62  -0.316
275.72  -0.313
275.83  -0.310
275.93  -0.307
276.03  -0.304
276.14  -0.301
276.24  -0.298
276.35  -0.295
276.45  -0.292
276.56  -0.289
276.66  -0.286
276.76  -0.283
276.87  -0.280
276.97  -0.277
277.08  -0.274
277.18  -0.271
277.29  -0.268
277.39  -0.265
277.50  -0.262
277.60  -0.259
277.70  -0.256
277.81  -0.253
277.91  -0.250
278.01  -0.247
278.12  -0.244
278.22  -0.240
278.33  -0.237
278.43  -0.234
278.54  -0.231
278.64  -0.228
278.75  -0.225
278.85  -0.222
278.95  -0.219
279.06  -0.216
279.16  -0.213
279.27  -0.210
279.37  -0.207
279.47  -0.204
279.58  -0.201
279.68  -0.198
279.79  -0.195
279.89  -0.192
280.00  -0.189
280.10  -0.186
280.21  -0.183
280.31  -0.180
280.41  -0.176
280.52  -0.173
280.63  -0.170
280.73  -0.167
280.83  -0.164
280.94  -0.161
281.05  -0.158
281.15  -0.155
281.26  -0.152
281.36  -0.149
281.47  -0.146
281.57  -0.142
281.68  -0.139
281.78  -0.136
281.89  -0.133
281.99  -0.130
282.09  -0.127
282.20  -0.124
282.30  -0.121
282.41  -0.118
282.51  -0.115
282.61  -0.112
282.72  -0.109
282.82  -0.106
282.92  -0.103
283.03  -0.100
283.13  -0.097
283.23  -0.094
283.34  -0.091
283.44  -0.087
283.55  -0.084
283.65  -0.081
283.76  -0.078
283.86  -0.075
283.96  -0.072
284.06  -0.069
284.17  -0.066
284.27  -0.063
284.38  -0.060
284.49  -0.057
284.59  -0.054
284.70  -0.051
284.80  -0.048
284.90  -0.045
285.01  -0.042
285.12  -0.039
285.22  -0.036
285.32  -0.033
285.43  -0.030
285.54  -0.027
285.64  -0.024
285.75  -0.020
285.85  -0.017
285.95  -0.014
286.06  -0.011
286.17  -0.008
286.27  -0.005
286.37  -0.002
286.48   0.002
286.58   0.005
286.69   0.008
286.80   0.011
286.90   0.014
287.01   0.017
287.11   0.021
287.22   0.024
287.32   0.027
287.42   0.030
287.53   0.033
287.64   0.037
287.74   0.040
287.85   0.043
287.95   0.046
288.05   0.050
288.16   0.053
288.27   0.056
288.37   0.059
288.48   0.062
288.58   0.066
288.68   0.069
288.79   0.072
288.90   0.075
289.00   0.078
289.10   0.081
289.21   0.084
289.32   0.088
289.42   0.091
289.53   0.094
289.64   0.097
289.74   0.100
289.85   0.103
289.95   0.106
290.06   0.110
290.16   0.113
290.27   0.116
290.37   0.119
290.48   0.122
290.59   0.125
290.69   0.128
290.79   0.131
290.90   0.135
291.01   0.138
291.11   0.141
291.22   0.144
291.32   0.147
291.42   0.150
291.53   0.153
291.63   0.157
291.74   0.160
291.84   0.163
291.95   0.166
292.06   0.169
292.16   0.173
292.27   0.176
292.37   0.179
292.48   0.182
292.59   0.186
292.69   0.189
292.80   0.192
292.90   0.195
293.00   0.199
293.11   0.202
293.22   0.205
293.32   0.208
293.43   0.212
293.53   0.215
293.64   0.218
293.74   0.222
293.85   0.225
293.96   0.228
294.06   0.232
294.17   0.235
294.27   0.239
294.38   0.242
294.49   0.245
294.59   0.249
294.69   0.252
294.79   0.255
294.89   0.259
295.00   0.262
295.10   0.265
295.19   0.269
295.30   0.272
295.40   0.275
295.50   0.278
295.60   0.281
295.70   0.285
295.81   0.288
295.91   0.291
296.01   0.294
296.11   0.297
296.21   0.300
296.32   0.303
296.42   0.306
296.52   0.309
296.62   0.312
296.72   0.315
296.83   0.318
296.93   0.321
297.03   0.324
297.13   0.327
297.23   0.330
297.33   0.333
297.44   0.336
297.54   0.339
297.64   0.342
297.74   0.345
297.84   0.348
297.95   0.351
298.05   0.354
298.15   0.357
298.26   0.360
298.36   0.363
298.46   0.366
298.56   0.369
298.66   0.372
298.76   0.375
298.87   0.378
298.97   0.381
299.07   0.384
299.17   0.388
299.27   0.391
299.37   0.394
299.47   0.397
299.58   0.401
299.68   0.404
299.78   0.407
299.88   0.410
299.98   0.414
300.09   0.417
300.19   0.420
300.29   0.424
300.39   0.427
300.49   0.430
300.59   0.434
300.70   0.437
300.79   0.440
300.89   0.444
301.00   0.447
301.10   0.450
301.20   0.454
301.30   0.457
301.40   0.460
301.50   0.463
301.61   0.467
301.71   0.470
301.81   0.473
301.91   0.476
302.01   0.480
302.11   0.483
302.22   0.486
302.31   0.489
302.41   0.492
302.52   0.495
302.62   0.498
302.72   0.501
302.82   0.504
302.92   0.507
303.02   0.510
303.13   0.513
303.23   0.516
303.33   0.519
303.43   0.522
303.53   0.525
303.63   0.528
303.74   0.531
303.84   0.534
303.94   0.537
304.04   0.540
304.14   0.543
304.24   0.545
304.34   0.548
304.44   0.551
304.55   0.554
304.65   0.557
304.75   0.560
304.85   0.563
304.95   0.566
305.05   0.569
305.16   0.572
305.26   0.575
305.36   0.578
305.46   0.581
305.56   0.584
305.66   0.587
305.76   0.590
305.86   0.593
305.96   0.596
306.06   0.599
306.17   0.602
306.27   0.605
306.37   0.608
306.47   0.611
306.57   0.614
306.67   0.617
306.77   0.620
306.88   0.624
306.98   0.627
307.08   0.630
307.18   0.633
307.28   0.636
307.39   0.639
307.49   0.642
307.59   0.645
307.69   0.648
307.79   0.651
307.89   0.654
308.00   0.657
308.10   0.660
308.20   0.663
308.30   0.667
308.40   0.670
308.50   0.673
308.60   0.675
308.70   0.678
308.80   0.681
308.91   0.684
309.01   0.687
309.11   0.690
309.21   0.693
309.31   0.696
309.41   0.699
309.51   0.702
309.61   0.705
309.72   0.708
309.82   0.711
309.92   0.713
310.02   0.716
310.12   0.719
310.22   0.722
310.32   0.725
310.43   0.728
310.53   0.731
310.63   0.734
310.73   0.736
310.84   0.739
310.94   0.742
311.03   0.745
311.14   0.748
311.23   0.751
311.33   0.754
311.44   0.757
311.54   0.760
311.64   0.763
311.74   0.766
311.84   0.769
311.94   0.772
312.05   0.775
312.14   0.778
312.24   0.781
312.35   0.785
312.44   0.788
312.54   0.791
312.65   0.794
312.74   0.797
312.84   0.801
312.95   0.804
313.05   0.807
313.15   0.810
313.25   0.814
313.35   0.817
313.45   0.820
313.55   0.823
313.65   0.827
313.75   0.830
313.85   0.833
313.95   0.837
314.05   0.840
314.16   0.843
314.25   0.846
314.35   0.850
314.46   0.853
314.55   0.856
314.65   0.859
314.76   0.862
314.85   0.866
314.95   0.869
315.06   0.872
315.16   0.875
315.25   0.878
315.35   0.881
315.45   0.884
315.56   0.887
315.66   0.890
315.76   0.893
315.86   0.896
315.96   0.899
316.06   0.902
316.16   0.905
316.26   0.908
316.36   0.911
316.46   0.914
316.57   0.917
316.66   0.919
316.76   0.922
316.87   0.925
316.96   0.928
317.06   0.931
317.17   0.934
317.26   0.936
317.36   0.939
317.47   0.942
317.57   0.945
317.66   0.948
317.77   0.951
317.87   0.953
317.96   0.956
318.07   0.959
318.17   0.962
318.27   0.965
318.37   0.968
318.47   0.972
318.57   0.975
318.67   0.978
318.77   0.981
318.87   0.984
318.97   0.987
319.07   0.991
319.17   0.994
319.27   0.997
319.37   1.000
319.47   1.004
319.57   1.007
319.68   1.010
319.77   1.013
319.88   1.017
319.98   1.020
320.08   1.023
320.18   1.027
320.28   1.030
320.38   1.033
320.48   1.037
320.58   1.040
320.68   1.043
320.78   1.046
320.87   1.050
320.97   1.053
321.08   1.056
321.17   1.059
321.27   1.062
321.37   1.065
321.47   1.068
321.57   1.071
321.68   1.074
321.77   1.076
321.88   1.079
321.97   1.082
322.07   1.084
322.18   1.087
322.27   1.090
322.37   1.092
322.47   1.095
322.57   1.097
322.67   1.100
322.77   1.102
322.87   1.105
322.97   1.107
323.06   1.110
323.16   1.112
323.26   1.114
323.35   1.117
323.45   1.119
323.54   1.122
323.64   1.124
323.73   1.127
323.83   1.129
323.92   1.131
324.02   1.134
324.12   1.136
324.21   1.139
324.31   1.141
324.40   1.144
324.50   1.146
324.60   1.149
324.69   1.151
324.79   1.154
324.88   1.157
324.98   1.159
325.07   1.162
325.17   1.165
325.26   1.168
325.36   1.170
325.46   1.173
325.55   1.176
325.65   1.179
325.75   1.181
325.84   1.184
325.94   1.187
326.04   1.190
326.13   1.193
326.23   1.196
326.32   1.199
326.42   1.202
326.52   1.205
326.61   1.209
326.90   1.218
327.00   1.221
327.09   1.224
327.19   1.227
327.29   1.230
327.39   1.232
327.48   1.235
327.58   1.238
327.67   1.241
327.77   1.244
327.87   1.247
327.97   1.250
328.06   1.253
328.16   1.256
328.26   1.259
328.36   1.262
328.45   1.265
328.55   1.268
328.65   1.271
328.74   1.274
328.84   1.277
328.94   1.280
329.03   1.283
329.13   1.286
329.23   1.289
329.32   1.292
329.42   1.295
329.51   1.298
329.61   1.301
329.71   1.304
329.80   1.307
329.90   1.310
330.00   1.314
330.09   1.317
330.19   1.320
330.29   1.323
330.38   1.326
330.48   1.329
330.57   1.331
330.67   1.334
330.77   1.337
330.87   1.340
330.96   1.342
331.15   1.348
331.25   1.350
331.35   1.353
331.44   1.355
331.54   1.358
331.63   1.360
331.73   1.363
331.82   1.366
331.92   1.368
332.02   1.371
332.11   1.373
332.21   1.375
332.30   1.378
332.40   1.380
332.50   1.383
332.59   1.385
332.69   1.388
332.79   1.390
332.89   1.393
332.98   1.395
333.08   1.397
333.18   1.400
333.27   1.402
333.37   1.405
333.47   1.407
333.56   1.410
333.66   1.412
333.76   1.415
333.85   1.417
333.95   1.420
334.04   1.423
334.14   1.425
334.24   1.428
334.33   1.431
334.43   1.433
334.53   1.436
334.63   1.439
334.72   1.441
334.82   1.444
334.92   1.447
335.01   1.450
335.11   1.452
335.21   1.455
335.30   1.458
335.40   1.461
335.50   1.463
335.60   1.466
335.69   1.469
335.79   1.472
335.89   1.475
335.99   1.478
336.08   1.480
336.18   1.483
336.28   1.486
336.37   1.489
336.47   1.492
336.57   1.495
336.66   1.497
336.76   1.500
336.86   1.503
336.95   1.506
337.05   1.509
337.15   1.511
337.24   1.514
337.34   1.517
337.44   1.520
337.53   1.523
337.63   1.525
337.73   1.528
337.82   1.531
337.92   1.534
338.02   1.537
338.12   1.539
338.21   1.542
338.31   1.545
338.41   1.548
338.50   1.551
338.60   1.553
338.70   1.556
338.80   1.559
338.89   1.562
338.99   1.565
339.09   1.568
339.18   1.571
339.28   1.573
339.38   1.576
339.48   1.579
339.57   1.582
339.67   1.585
339.76   1.588
339.86   1.591
339.96   1.593
340.06   1.596
340.15   1.599
340.25   1.602
340.35   1.605
340.45   1.607
340.54   1.610
340.64   1.613
340.74   1.616
340.83   1.619
340.93   1.621
341.03   1.624
341.12   1.627
341.22   1.630
341.32   1.633
341.42   1.635
341.51   1.638
341.61   1.641
341.70   1.644
341.80   1.646
341.89   1.649
341.99   1.652
342.09   1.655
342.18   1.657
342.28   1.660
342.38   1.663
342.48   1.666
342.67   1.671
342.77   1.674
342.86   1.677
342.97   1.679
343.06   1.682
343.16   1.685
343.26   1.688
343.36   1.691
343.45   1.694
343.55   1.697
343.64   1.700
343.74   1.703
343.84   1.705
343.94   1.708
344.04   1.711
344.13   1.714
344.23   1.717
344.32   1.720
344.43   1.723
344.52   1.726
344.62   1.729
344.72   1.732
344.82   1.735
344.92   1.738
345.01   1.740
345.11   1.743
345.21   1.746
345.31   1.749
345.40   1.752
345.50   1.755
345.60   1.758
345.70   1.761
345.79   1.764
345.89   1.766
345.99   1.769
346.09   1.772
346.19   1.775
346.28   1.778
346.38   1.781
346.48   1.784
346.58   1.787
346.67   1.790
346.77   1.793
346.87   1.796
346.97   1.799
347.07   1.802
347.16   1.805
347.26   1.808
347.36   1.811
347.55   1.817
347.65   1.820
347.75   1.823
347.85   1.826
347.95   1.829
348.05   1.832
348.14   1.835
348.24   1.838
348.34   1.841
348.44   1.844
348.54   1.847
348.63   1.850
348.73   1.853
348.82   1.856
348.92   1.859
349.02   1.862
349.12   1.865
349.22   1.868
349.31   1.871
349.41   1.874
349.51   1.877
349.61   1.880
349.71   1.883
349.81   1.886
349.90   1.889
350.00   1.892
350.10   1.895
350.20   1.898
350.30   1.900
350.40   1.903
350.49   1.906
350.59   1.909
350.69   1.912
350.79   1.915
350.88   1.918
350.98   1.921
351.07   1.924
351.17   1.927
351.27   1.929
351.36   1.932
351.46   1.935
351.55   1.938
351.65   1.941
351.74   1.944
351.83   1.947
351.92   1.950
352.02   1.953
352.12   1.955
352.21   1.958
352.31   1.961
352.40   1.964
352.49   1.967
352.59   1.970
352.68   1.973
352.78   1.976
352.87   1.979
352.97   1.982
353.06   1.985
353.16   1.988
353.25   1.991
353.34   1.994
353.44   1.997
353.54   2.000
353.63   2.003
353.73   2.006
353.82   2.009
353.92   2.012
354.01   2.015
354.11   2.018
354.20   2.021
354.29   2.025
354.39   2.028
354.49   2.031
354.58   2.034
354.67   2.037
354.77   2.040
354.86   2.043
354.96   2.046
355.05   2.049
355.14   2.052
355.24   2.055
355.33   2.058
355.43   2.061
355.52   2.064
355.62   2.067
355.71   2.069
355.80   2.072
355.90   2.075
355.99   2.078
356.09   2.081
356.18   2.083
356.28   2.086
356.37   2.089
356.47   2.092
356.56   2.094
356.66   2.097
356.75   2.100
356.85   2.103
356.94   2.105
357.04   2.108
357.13   2.110
357.22   2.113
357.32   2.116
357.41   2.118
357.51   2.121
357.60   2.123
357.70   2.126
357.79   2.129
357.89   2.131
357.98   2.134
358.08   2.137
358.17   2.139
358.26   2.142
358.36   2.145
358.45   2.148
358.55   2.150
358.64   2.153
358.73   2.156
358.83   2.159
358.92   2.162
359.02   2.165
359.11   2.168
359.20   2.171
359.30   2.174
359.39   2.178
359.48   2.181
359.58   2.184
359.67   2.187
359.77   2.190
359.86   2.193
359.95   2.196
360.04   2.200
360.14   2.203
360.23   2.206
360.33   2.209
360.42   2.213
360.51   2.216
360.61   2.219
360.70   2.222
360.79   2.225
360.89   2.229
360.98   2.232
361.07   2.235
361.17   2.238
361.26   2.241
361.36   2.244
361.45   2.247
361.73   2.256
361.83   2.258
361.92   2.261
362.01   2.264
362.10   2.267
362.20   2.269
362.29   2.272
362.39   2.275
362.48   2.277
362.57   2.280
362.67   2.282
362.76   2.285
362.86   2.287
362.95   2.290
363.04   2.292
363.14   2.295
363.23   2.297
363.33   2.300
363.42   2.302
363.51   2.305
363.61   2.307
363.70   2.310
363.79   2.312
363.89   2.315
363.98   2.317
364.08   2.320
364.17   2.322
364.26   2.325
364.36   2.327
364.45   2.330
364.54   2.332
364.64   2.335
364.73   2.338
364.82   2.340
364.91   2.343
365.01   2.346
365.10   2.349
365.20   2.351
365.29   2.354
365.38   2.357
365.48   2.360
365.57   2.362
365.66   2.365
365.76   2.368
365.85   2.371
365.94   2.373
366.03   2.376
366.13   2.379
366.22   2.382
366.32   2.385
366.41   2.387
366.50   2.390
366.59   2.393
366.69   2.396
366.78   2.398
366.88   2.401
366.97   2.404
367.06   2.407
367.15   2.410
367.25   2.412
367.34   2.415
367.43   2.418
367.53   2.421
367.62   2.424
367.71   2.426
367.81   2.429
367.90   2.432
367.99   2.434
368.08   2.437
368.27   2.443
368.36   2.445
368.46   2.448
368.55   2.451
368.64   2.454
368.73   2.456
368.82   2.459
368.92   2.462
369.01   2.464
369.10   2.467
369.20   2.470
369.29   2.472
369.38   2.475
369.48   2.478
369.57   2.481
369.66   2.483
369.75   2.486
369.85   2.489
369.94   2.491
370.03   2.494
370.12   2.497
370.21   2.500
370.31   2.502
370.40   2.505
370.49   2.508
370.59   2.511
370.68   2.513
370.77   2.516
370.86   2.519
370.96   2.522
371.05   2.524
371.14   2.527
371.23   2.530
371.33   2.533
371.42   2.536
371.51   2.538
371.60   2.541
371.69   2.544
371.79   2.547
371.88   2.549
371.97   2.552
372.06   2.555
372.15   2.558
372.25   2.560
372.34   2.563
372.44   2.566
372.53   2.569
372.62   2.571
372.72   2.574
372.81   2.577
372.90   2.580
372.99   2.582
373.09   2.585
373.27   2.591
373.36   2.593
373.46   2.596
373.55   2.599
373.64   2.601
373.73   2.604
373.83   2.607
373.92   2.610
374.02   2.612
374.11   2.615
374.20   2.618
374.30   2.621
374.39   2.623
374.48   2.626
374.57   2.629
374.66   2.631
374.75   2.634
374.85   2.637
374.94   2.640
375.03   2.642
375.13   2.645
375.22   2.648
375.32   2.650
375.41   2.653
375.50   2.656
375.60   2.659
375.69   2.661
375.78   2.664
375.87   2.667
375.97   2.669
376.06   2.672
376.15   2.675
376.25   2.678
376.34   2.680
376.43   2.683
376.53   2.686
376.62   2.688
376.71   2.691
376.81   2.694
376.90   2.697
376.99   2.699
377.09   2.702
377.18   2.705
377.27   2.707
377.36   2.710
377.45   2.713
377.54   2.715
377.63   2.718
377.72   2.721
377.81   2.724
377.90   2.726
377.99   2.729
378.08   2.732
378.17   2.735
378.25   2.737
378.34   2.740
378.43   2.743
378.52   2.745
378.61   2.748
378.70   2.751
378.79   2.754
378.87   2.756
378.96   2.759
379.06   2.762
379.15   2.764
379.23   2.767
379.32   2.770
379.42   2.772
379.50   2.775
379.59   2.777
379.68   2.780
379.77   2.782
379.86   2.785
379.95   2.787
380.04   2.790
380.13   2.793
380.22   2.795
380.31   2.798
380.40   2.800
380.48   2.803
380.58   2.805
380.66   2.808
380.76   2.810
380.85   2.812
380.94   2.815
381.03   2.817
381.12   2.820
381.20   2.822
381.29   2.825
381.38   2.827
381.47   2.829
381.56   2.832
381.65   2.834
381.74   2.837
381.83   2.839
381.92   2.842
382.01   2.844
382.10   2.847
382.18   2.849
382.28   2.852
382.36   2.854
382.45   2.857
382.54   2.859
382.63   2.862
382.72   2.865
382.81   2.867
382.90   2.870
382.99   2.872
383.07   2.875
383.17   2.878
383.26   2.880
383.34   2.883
383.43   2.886
383.52   2.888
383.61   2.891
383.70   2.894
383.79   2.896
383.88   2.899
383.97   2.902
384.06   2.905
384.15   2.907
384.24   2.910
384.33   2.913
384.42   2.916
384.51   2.918
384.59   2.921
384.77   2.927
384.86   2.929
384.95   2.932
385.04   2.934
385.13   2.937
385.22   2.939
385.31   2.942
385.40   2.944
385.49   2.947
385.58   2.949
385.67   2.952
385.76   2.954
385.85   2.957
385.94   2.959
386.03   2.962
386.12   2.964
386.20   2.967
386.29   2.969
386.39   2.972
386.48   2.974
386.57   2.977
386.66   2.980
386.74   2.982
386.83   2.985
386.92   2.987
387.01   2.990
387.10   2.992
387.19   2.995
387.28   2.998
387.37   3.000
387.46   3.003
387.55   3.005
387.64   3.008
387.73   3.010
387.82   3.013
387.91   3.016
388.00   3.018
388.09   3.021
388.18   3.023
388.27   3.026
388.36   3.028
388.45   3.031
388.54   3.033
388.63   3.036
388.72   3.039
388.81   3.041
388.90   3.044
388.99   3.046
389.08   3.049
389.17   3.052
389.26   3.054
389.35   3.057
389.44   3.059
389.53   3.062
389.62   3.065
389.71   3.067
389.80   3.070
389.89   3.073
389.98   3.075
390.07   3.078
390.16   3.081
390.25   3.083
390.34   3.086
390.43   3.088
390.52   3.091
390.61   3.094
390.70   3.096
390.79   3.099
390.88   3.101
390.97   3.104
391.06   3.107
391.15   3.109
391.24   3.112
391.33   3.114
391.42   3.117
391.51   3.119
391.60   3.122
391.69   3.125
391.78   3.127
391.87   3.130
391.96   3.132
392.06   3.135
392.15   3.137
392.24   3.140
392.33   3.142
392.42   3.145
392.51   3.147
392.60   3.150
392.69   3.152
392.78   3.155
392.87   3.157
392.96   3.160
393.05   3.162
393.14   3.165
393.23   3.167
393.32   3.170
393.41   3.172
393.50   3.175
393.59   3.178
393.68   3.180
393.77   3.183
393.86   3.185
393.95   3.188
394.04   3.191
394.13   3.193
394.22   3.196
394.31   3.198
394.40   3.201
394.49   3.204
394.58   3.206
394.67   3.209
394.76   3.212
394.85   3.214
394.94   3.217
395.03   3.220
395.12   3.222
395.21   3.225
395.30   3.227
395.39   3.230
395.48   3.233
395.57   3.235
395.66   3.238
395.75   3.241
395.84   3.243
395.93   3.246
396.02   3.249
396.11   3.251
396.20   3.254
396.29   3.257
396.38   3.259
396.47   3.262
396.57   3.265
396.66   3.267
396.75   3.270
396.84   3.273
396.93   3.275
397.02   3.278
397.11   3.281
397.20   3.283
397.29   3.286
397.38   3.289
397.47   3.291
397.56   3.294
397.65   3.297
397.74   3.299
397.83   3.302
397.93   3.305
398.01   3.307
398.10   3.310
398.20   3.313
398.29   3.316
398.38   3.318
398.47   3.321
398.56   3.324
398.63   3.326
