  
  DOI/GTN-P Deep Borehole Array, Arctic Alaska 
             U.S. Geological Survey 
            Processed Temperature Log 
                    24-Aug-2013 
________________________________________________ 
  
Temperature Log Information: 
  Well name:   Awuna Test Well #1 
  File name:   AWU_89JUL31_c_d 
  Log date:    31-JUL-1989 
  
Contact Information: 
  Gary Clow 
  U.S. Geological Survey 
  clow@usgs.gov 
  
Definitions: 
  Depth:        Depth below local ground surface (m) 
  Temperature:  ITS-90 temperature (°C) 
________________________________________________ 
             
 Depth  Temperature 
 13.11  -5.797
 13.31  -5.817
 13.51  -5.836
 13.72  -5.856
 13.92  -5.877
 14.12  -5.898
 14.33  -5.918
 14.53  -5.939
 14.73  -5.959
 14.93  -5.979
 15.14  -5.997
 15.34  -6.015
 15.54  -6.031
 15.75  -6.046
 15.95  -6.060
 16.15  -6.074
 16.36  -6.087
 16.56  -6.099
 16.76  -6.111
 16.97  -6.123
 17.17  -6.134
 17.37  -6.146
 17.58  -6.157
 17.78  -6.168
 17.98  -6.178
 18.19  -6.188
 18.39  -6.198
 18.59  -6.208
 18.80  -6.218
 19.00  -6.229
 19.20  -6.239
 19.41  -6.249
 19.61  -6.259
 19.81  -6.268
 20.01  -6.277
 20.22  -6.285
 20.42  -6.292
 20.62  -6.298
 20.83  -6.304
 21.03  -6.309
 21.23  -6.314
 21.44  -6.319
 21.64  -6.323
 21.84  -6.327
 22.05  -6.330
 22.25  -6.334
 22.45  -6.338
 22.66  -6.341
 22.86  -6.344
 23.06  -6.347
 23.27  -6.349
 23.47  -6.352
 23.67  -6.355
 23.88  -6.358
 24.08  -6.361
 24.28  -6.363
 24.49  -6.366
 24.69  -6.369
 24.89  -6.372
 25.09  -6.374
 25.30  -6.376
 25.50  -6.378
 25.70  -6.380
 25.91  -6.382
 26.11  -6.384
 26.31  -6.385
 26.52  -6.387
 26.72  -6.389
 26.92  -6.391
 27.13  -6.393
 27.33  -6.394
 27.53  -6.396
 27.74  -6.398
 27.94  -6.400
 28.14  -6.402
 28.35  -6.403
 28.55  -6.405
 28.75  -6.407
 28.96  -6.409
 29.16  -6.410
 29.36  -6.412
 29.57  -6.414
 29.77  -6.416
 29.97  -6.417
 30.17  -6.419
 30.38  -6.421
 30.58  -6.422
 30.78  -6.424
 30.99  -6.426
 31.19  -6.427
 31.39  -6.429
 31.60  -6.430
 31.80  -6.432
 32.00  -6.433
 32.21  -6.435
 32.41  -6.436
 32.61  -6.437
 32.82  -6.438
 33.02  -6.440
 33.22  -6.440
 33.43  -6.441
 33.63  -6.442
 33.83  -6.442
 34.04  -6.442
 34.24  -6.442
 34.44  -6.443
 34.65  -6.443
 34.85  -6.443
 35.05  -6.443
 35.25  -6.444
 35.46  -6.444
 35.66  -6.444
 35.86  -6.445
 36.07  -6.445
 36.27  -6.445
 36.47  -6.445
 36.68  -6.446
 36.88  -6.446
 37.08  -6.446
 37.29  -6.446
 37.49  -6.446
 37.69  -6.446
 37.90  -6.446
 38.10  -6.446
 38.30  -6.446
 38.51  -6.446
 38.71  -6.446
 38.91  -6.446
 39.12  -6.446
 39.32  -6.446
 39.52  -6.445
 39.73  -6.445
 39.93  -6.445
 40.13  -6.445
 40.33  -6.444
 40.54  -6.444
 40.74  -6.444
 40.94  -6.443
 41.15  -6.443
 41.35  -6.443
 41.55  -6.442
 41.76  -6.442
 41.96  -6.441
 42.16  -6.441
 42.37  -6.440
 42.57  -6.440
 42.77  -6.439
 42.98  -6.439
 43.18  -6.438
 43.38  -6.438
 43.59  -6.437
 43.79  -6.436
 43.99  -6.436
 44.20  -6.435
 44.40  -6.435
 44.60  -6.434
 44.81  -6.433
 45.01  -6.432
 45.21  -6.432
 45.41  -6.431
 45.62  -6.430
 45.82  -6.429
 46.02  -6.428
 46.23  -6.428
 46.43  -6.427
 46.63  -6.426
 46.84  -6.425
 47.04  -6.424
 47.24  -6.423
 47.45  -6.422
 47.65  -6.421
 47.85  -6.420
 48.06  -6.418
 48.26  -6.417
 48.46  -6.416
 48.67  -6.415
 48.87  -6.413
 49.07  -6.412
 49.28  -6.411
 49.48  -6.409
 49.68  -6.408
 49.89  -6.406
 50.09  -6.405
 50.29  -6.404
 50.49  -6.402
 50.70  -6.401
 50.90  -6.399
 51.10  -6.398
 51.31  -6.396
 51.51  -6.395
 51.71  -6.393
 51.92  -6.392
 52.12  -6.390
 52.32  -6.388
 52.53  -6.387
 52.73  -6.385
 52.93  -6.384
 53.14  -6.382
 53.34  -6.381
 53.54  -6.379
 53.75  -6.378
 53.95  -6.376
 54.15  -6.375
 54.36  -6.373
 54.56  -6.371
 54.76  -6.370
 54.97  -6.368
 55.17  -6.366
 55.37  -6.364
 55.57  -6.363
 55.78  -6.361
 55.98  -6.359
 56.18  -6.357
 56.39  -6.355
 56.59  -6.353
 56.79  -6.351
 57.00  -6.349
 57.20  -6.347
 57.40  -6.345
 57.61  -6.343
 57.81  -6.340
 58.01  -6.338
 58.22  -6.336
 58.42  -6.333
 58.62  -6.331
 58.83  -6.328
 59.03  -6.326
 59.23  -6.323
 59.44  -6.321
 59.64  -6.318
 59.84  -6.316
 60.05  -6.313
 60.25  -6.311
 60.45  -6.308
 60.65  -6.305
 60.86  -6.303
 61.06  -6.300
 61.26  -6.298
 61.47  -6.295
 61.67  -6.292
 61.87  -6.289
 62.08  -6.287
 62.28  -6.284
 62.48  -6.281
 62.69  -6.278
 62.89  -6.275
 63.09  -6.272
 63.30  -6.269
 63.50  -6.266
 63.70  -6.263
 63.91  -6.260
 64.11  -6.257
 64.31  -6.253
 64.52  -6.250
 64.72  -6.247
 64.92  -6.244
 65.13  -6.241
 65.33  -6.238
 65.53  -6.235
 65.73  -6.232
 65.94  -6.229
 66.14  -6.226
 66.34  -6.223
 66.55  -6.220
 66.75  -6.217
 66.95  -6.214
 67.16  -6.211
 67.36  -6.208
 67.56  -6.206
 67.77  -6.204
 67.97  -6.201
 68.17  -6.199
 68.38  -6.197
 68.58  -6.195
 68.78  -6.193
 68.99  -6.190
 69.19  -6.187
 69.39  -6.184
 69.60  -6.181
 69.80  -6.177
 70.00  -6.173
 70.21  -6.170
 70.41  -6.166
 70.61  -6.162
 70.81  -6.158
 71.02  -6.155
 71.22  -6.151
 71.42  -6.147
 71.63  -6.143
 71.83  -6.140
 72.03  -6.136
 72.24  -6.133
 72.44  -6.130
 72.64  -6.127
 72.85  -6.124
 73.05  -6.121
 73.25  -6.118
 73.46  -6.115
 73.66  -6.113
 73.86  -6.110
 74.07  -6.106
 74.27  -6.103
 74.47  -6.100
 74.68  -6.096
 74.88  -6.093
 75.08  -6.089
 75.29  -6.085
 75.49  -6.082
 75.69  -6.078
 75.89  -6.075
 76.10  -6.071
 76.30  -6.067
 76.50  -6.064
 76.71  -6.060
 76.91  -6.056
 77.11  -6.052
 77.32  -6.048
 77.52  -6.044
 77.72  -6.040
 77.93  -6.036
 78.13  -6.031
 78.33  -6.027
 78.54  -6.023
 78.74  -6.019
 78.94  -6.015
 79.15  -6.011
 79.35  -6.007
 79.55  -6.003
 79.76  -6.000
 79.96  -5.996
 80.16  -5.992
 80.37  -5.988
 80.57  -5.985
 80.77  -5.981
 80.97  -5.977
 81.18  -5.973
 81.38  -5.969
 81.58  -5.965
 81.79  -5.961
 81.99  -5.957
 82.19  -5.953
 82.40  -5.949
 82.60  -5.944
 82.80  -5.940
 83.01  -5.935
 83.21  -5.931
 83.41  -5.926
 83.62  -5.921
 83.82  -5.917
 84.02  -5.913
 84.23  -5.909
 84.43  -5.905
 84.63  -5.900
 84.84  -5.896
 85.04  -5.892
 85.24  -5.888
 85.45  -5.884
 85.65  -5.880
 85.85  -5.876
 86.05  -5.871
 86.26  -5.867
 86.46  -5.863
 86.66  -5.859
 86.87  -5.855
 87.07  -5.851
 87.27  -5.847
 87.48  -5.843
 87.68  -5.838
 87.88  -5.834
 88.09  -5.830
 88.29  -5.826
 88.49  -5.822
 88.70  -5.818
 88.90  -5.814
 89.10  -5.810
 89.31  -5.806
 89.51  -5.801
 89.71  -5.797
 89.92  -5.793
 90.12  -5.789
 90.32  -5.784
 90.53  -5.780
 90.73  -5.776
 90.93  -5.771
 91.13  -5.767
 91.34  -5.762
 91.54  -5.757
 91.74  -5.753
 91.95  -5.748
 92.15  -5.743
 92.35  -5.737
 92.56  -5.732
 92.76  -5.727
 92.96  -5.721
 93.17  -5.716
 93.37  -5.711
 93.57  -5.706
 93.78  -5.700
 93.98  -5.695
 94.18  -5.690
 94.39  -5.685
 94.59  -5.680
 94.79  -5.675
 95.00  -5.669
 95.20  -5.664
 95.40  -5.659
 95.61  -5.654
 95.81  -5.649
 96.01  -5.644
 96.21  -5.639
 96.42  -5.635
 96.62  -5.630
 96.82  -5.626
 97.03  -5.621
 97.23  -5.617
 97.43  -5.613
 97.64  -5.608
 97.84  -5.604
 98.04  -5.600
 98.25  -5.596
 98.45  -5.592
 98.65  -5.588
 98.86  -5.583
 99.06  -5.579
 99.26  -5.574
 99.47  -5.570
 99.67  -5.566
 99.87  -5.561
100.08  -5.557
100.28  -5.552
100.48  -5.548
100.69  -5.543
100.89  -5.538
101.09  -5.533
101.29  -5.529
101.50  -5.523
101.70  -5.518
101.90  -5.513
102.11  -5.507
102.31  -5.501
102.51  -5.495
102.72  -5.490
102.92  -5.484
103.12  -5.478
103.33  -5.473
103.53  -5.467
103.73  -5.462
103.94  -5.456
104.14  -5.451
104.34  -5.445
104.55  -5.440
104.75  -5.434
104.95  -5.429
105.16  -5.424
105.36  -5.418
105.56  -5.413
105.77  -5.407
105.97  -5.402
106.17  -5.397
106.37  -5.392
106.58  -5.387
106.78  -5.383
106.98  -5.378
107.19  -5.373
107.39  -5.369
107.59  -5.364
107.80  -5.360
108.00  -5.355
108.20  -5.350
108.41  -5.345
108.61  -5.340
108.81  -5.335
109.02  -5.330
109.22  -5.325
109.42  -5.320
109.63  -5.315
109.83  -5.309
110.03  -5.304
110.24  -5.299
110.44  -5.294
110.64  -5.289
110.85  -5.283
111.05  -5.278
111.25  -5.273
111.45  -5.267
111.66  -5.262
111.86  -5.257
112.06  -5.252
112.27  -5.246
112.47  -5.241
112.67  -5.236
112.88  -5.230
113.08  -5.225
113.28  -5.219
113.49  -5.214
113.69  -5.208
113.89  -5.203
114.10  -5.198
114.30  -5.192
114.50  -5.187
114.71  -5.181
114.91  -5.176
115.11  -5.170
115.32  -5.165
115.52  -5.159
115.72  -5.154
115.93  -5.149
116.13  -5.143
116.33  -5.138
116.53  -5.133
116.74  -5.128
116.94  -5.122
117.14  -5.117
117.35  -5.112
117.55  -5.107
117.75  -5.101
117.96  -5.096
118.16  -5.091
118.36  -5.085
118.57  -5.080
118.77  -5.075
118.97  -5.069
119.18  -5.064
119.38  -5.058
119.58  -5.053
119.79  -5.047
119.99  -5.042
120.19  -5.036
120.40  -5.031
120.60  -5.025
120.80  -5.019
121.01  -5.014
121.21  -5.008
121.41  -5.002
121.61  -4.996
121.82  -4.990
122.02  -4.984
122.22  -4.978
122.43  -4.972
122.63  -4.966
122.83  -4.960
123.04  -4.954
123.24  -4.948
123.44  -4.942
123.65  -4.936
123.85  -4.930
124.05  -4.924
124.26  -4.918
124.46  -4.912
124.66  -4.905
124.87  -4.899
125.07  -4.893
125.27  -4.888
125.48  -4.882
125.68  -4.876
125.88  -4.870
126.09  -4.865
126.29  -4.859
126.49  -4.854
126.69  -4.848
126.90  -4.843
127.10  -4.838
127.30  -4.832
127.51  -4.827
127.71  -4.821
127.91  -4.816
128.12  -4.810
128.32  -4.804
128.52  -4.798
128.73  -4.792
128.93  -4.786
129.13  -4.780
129.34  -4.774
129.54  -4.768
129.74  -4.762
129.95  -4.756
130.15  -4.750
130.35  -4.744
130.56  -4.738
130.76  -4.732
130.96  -4.726
131.17  -4.720
131.37  -4.715
131.57  -4.709
131.77  -4.703
131.98  -4.697
132.18  -4.691
132.38  -4.685
132.59  -4.679
132.79  -4.673
132.99  -4.667
133.20  -4.660
133.40  -4.654
133.60  -4.648
133.81  -4.642
134.01  -4.635
134.21  -4.629
134.42  -4.623
134.62  -4.616
134.82  -4.610
135.03  -4.603
135.23  -4.597
135.43  -4.591
135.64  -4.585
135.84  -4.580
136.04  -4.575
136.25  -4.570
136.45  -4.566
136.65  -4.561
136.85  -4.556
137.06  -4.551
137.26  -4.545
137.46  -4.539
137.67  -4.533
137.87  -4.526
138.07  -4.519
138.28  -4.512
138.48  -4.505
138.68  -4.497
138.89  -4.490
139.09  -4.483
139.29  -4.476
139.50  -4.469
139.70  -4.462
139.90  -4.454
140.11  -4.447
140.31  -4.441
140.51  -4.434
140.72  -4.428
140.92  -4.423
141.12  -4.417
141.33  -4.412
141.53  -4.407
141.73  -4.402
141.93  -4.397
142.14  -4.391
142.34  -4.385
142.54  -4.379
142.75  -4.373
142.95  -4.366
143.15  -4.360
143.36  -4.354
143.56  -4.347
143.76  -4.341
143.97  -4.335
144.17  -4.329
144.37  -4.323
144.58  -4.317
144.78  -4.311
144.98  -4.305
145.19  -4.299
145.39  -4.293
145.59  -4.287
145.80  -4.282
146.00  -4.276
146.20  -4.271
146.41  -4.265
146.61  -4.260
146.81  -4.255
147.01  -4.249
147.22  -4.244
147.42  -4.238
147.62  -4.232
147.83  -4.227
148.03  -4.221
148.23  -4.215
148.44  -4.209
148.64  -4.204
148.84  -4.198
149.05  -4.192
149.25  -4.187
149.45  -4.181
149.66  -4.175
149.86  -4.169
150.06  -4.163
150.27  -4.157
150.47  -4.150
150.67  -4.142
150.88  -4.135
151.08  -4.127
151.28  -4.120
151.49  -4.112
151.69  -4.105
151.89  -4.099
152.09  -4.093
152.30  -4.087
152.50  -4.082
152.70  -4.077
152.91  -4.072
153.11  -4.067
153.31  -4.062
153.52  -4.057
153.72  -4.053
153.92  -4.048
154.13  -4.043
154.33  -4.038
154.53  -4.033
154.74  -4.027
154.94  -4.022
155.14  -4.017
155.35  -4.011
155.55  -4.004
155.75  -3.998
155.96  -3.991
156.16  -3.985
156.36  -3.978
156.57  -3.971
156.77  -3.964
156.97  -3.957
157.17  -3.951
157.38  -3.944
157.58  -3.937
157.78  -3.930
157.99  -3.923
158.19  -3.917
158.39  -3.910
158.60  -3.903
158.80  -3.896
159.00  -3.888
159.21  -3.881
159.41  -3.874
159.61  -3.868
159.82  -3.861
160.02  -3.854
160.22  -3.848
160.43  -3.843
160.63  -3.837
160.83  -3.832
161.04  -3.826
161.24  -3.821
161.44  -3.815
161.65  -3.810
161.85  -3.804
162.05  -3.798
162.25  -3.792
162.46  -3.786
162.66  -3.779
162.86  -3.773
163.07  -3.767
163.27  -3.761
163.47  -3.754
163.68  -3.748
163.88  -3.742
164.08  -3.736
164.29  -3.730
164.49  -3.723
164.69  -3.717
164.90  -3.711
165.10  -3.704
165.30  -3.698
165.51  -3.692
165.71  -3.685
165.91  -3.679
166.12  -3.672
166.32  -3.666
166.52  -3.660
166.73  -3.653
166.93  -3.647
167.13  -3.640
167.33  -3.634
167.54  -3.628
167.74  -3.622
167.94  -3.615
168.15  -3.609
168.35  -3.603
168.55  -3.597
168.76  -3.591
168.96  -3.584
169.16  -3.578
169.37  -3.572
169.57  -3.567
169.77  -3.561
169.98  -3.556
170.18  -3.551
170.38  -3.546
170.59  -3.541
170.79  -3.536
170.99  -3.531
171.20  -3.526
171.40  -3.521
171.60  -3.516
171.81  -3.510
172.01  -3.504
172.21  -3.497
172.41  -3.491
172.62  -3.484
172.82  -3.478
173.02  -3.471
173.23  -3.465
173.43  -3.458
173.63  -3.452
173.84  -3.445
174.04  -3.438
174.24  -3.432
174.45  -3.425
174.65  -3.418
174.85  -3.411
175.06  -3.404
175.26  -3.397
175.46  -3.390
175.67  -3.383
175.87  -3.377
176.07  -3.370
176.28  -3.363
176.48  -3.356
176.68  -3.350
176.89  -3.343
177.09  -3.337
177.29  -3.330
177.49  -3.323
177.70  -3.317
177.90  -3.310
178.10  -3.304
178.31  -3.298
178.51  -3.291
178.71  -3.285
178.92  -3.279
179.12  -3.273
179.32  -3.266
179.53  -3.260
179.73  -3.253
179.93  -3.246
180.14  -3.239
180.34  -3.232
180.54  -3.225
180.75  -3.219
180.95  -3.212
181.15  -3.205
181.36  -3.199
181.56  -3.193
181.76  -3.187
181.97  -3.182
182.17  -3.176
182.37  -3.170
182.57  -3.165
182.78  -3.159
182.98  -3.154
183.18  -3.148
183.39  -3.142
183.59  -3.137
183.79  -3.131
184.00  -3.125
184.20  -3.120
184.40  -3.114
184.61  -3.108
184.81  -3.102
185.01  -3.095
185.22  -3.089
185.42  -3.083
185.62  -3.076
185.83  -3.070
186.03  -3.063
186.23  -3.057
186.44  -3.050
186.64  -3.043
186.84  -3.036
187.05  -3.030
187.25  -3.023
187.45  -3.016
187.65  -3.009
187.86  -3.001
188.06  -2.994
188.26  -2.987
188.47  -2.980
188.67  -2.973
188.87  -2.965
189.08  -2.958
189.28  -2.951
189.48  -2.944
189.69  -2.936
189.89  -2.929
190.09  -2.922
190.30  -2.915
190.50  -2.908
190.70  -2.901
190.91  -2.894
191.11  -2.887
191.31  -2.880
191.52  -2.873
191.72  -2.866
191.92  -2.859
192.13  -2.852
192.33  -2.845
192.53  -2.838
192.73  -2.832
192.94  -2.825
193.14  -2.818
193.34  -2.812
193.55  -2.805
193.75  -2.799
193.95  -2.792
194.16  -2.786
194.36  -2.779
194.56  -2.773
194.77  -2.767
194.97  -2.761
195.17  -2.755
195.38  -2.748
195.58  -2.742
195.78  -2.736
195.99  -2.730
196.19  -2.724
196.39  -2.718
196.60  -2.712
196.80  -2.706
197.00  -2.700
197.21  -2.694
197.41  -2.688
197.61  -2.682
197.81  -2.676
198.02  -2.670
198.22  -2.663
198.42  -2.657
198.63  -2.651
198.83  -2.644
199.03  -2.638
199.24  -2.631
199.44  -2.624
199.64  -2.616
199.85  -2.609
200.05  -2.602
200.25  -2.594
200.46  -2.587
200.66  -2.580
200.86  -2.573
201.07  -2.566
201.27  -2.559
201.47  -2.553
201.68  -2.546
201.88  -2.540
202.08  -2.533
202.29  -2.526
202.49  -2.520
202.69  -2.513
202.89  -2.506
203.10  -2.499
203.30  -2.492
203.50  -2.486
203.71  -2.478
203.91  -2.471
204.11  -2.463
204.32  -2.454
204.52  -2.445
204.72  -2.436
204.93  -2.427
205.13  -2.419
205.33  -2.410
205.54  -2.402
205.74  -2.395
205.94  -2.388
206.15  -2.382
206.35  -2.376
206.55  -2.370
206.76  -2.364
206.96  -2.359
207.16  -2.353
207.37  -2.346
207.57  -2.340
207.77  -2.334
207.97  -2.327
208.18  -2.321
208.38  -2.314
208.58  -2.308
208.79  -2.302
208.99  -2.295
209.19  -2.289
209.40  -2.283
209.60  -2.277
209.80  -2.271
210.01  -2.265
210.21  -2.259
210.41  -2.253
210.62  -2.247
210.82  -2.240
211.02  -2.233
211.23  -2.227
211.43  -2.220
211.63  -2.214
211.84  -2.207
212.04  -2.200
212.24  -2.193
212.45  -2.187
212.65  -2.180
212.85  -2.173
213.05  -2.166
213.26  -2.159
213.46  -2.152
213.66  -2.145
213.87  -2.139
214.07  -2.132
214.27  -2.126
214.48  -2.120
214.68  -2.113
214.88  -2.107
215.09  -2.100
215.29  -2.094
215.49  -2.087
215.70  -2.080
215.90  -2.073
216.10  -2.066
216.31  -2.059
216.51  -2.051
216.71  -2.044
216.92  -2.037
217.12  -2.030
217.32  -2.023
217.53  -2.015
217.73  -2.008
217.93  -2.001
218.13  -1.994
218.34  -1.987
218.54  -1.980
218.74  -1.974
218.95  -1.968
219.15  -1.962
219.35  -1.956
219.56  -1.950
219.76  -1.944
219.96  -1.938
220.17  -1.931
220.37  -1.925
220.57  -1.918
220.78  -1.910
220.98  -1.903
221.18  -1.896
221.39  -1.888
221.59  -1.881
221.79  -1.873
222.00  -1.866
222.20  -1.858
222.40  -1.851
222.61  -1.843
222.81  -1.835
223.01  -1.828
223.21  -1.821
223.42  -1.814
223.62  -1.807
223.82  -1.800
224.03  -1.793
224.23  -1.787
224.43  -1.781
224.64  -1.774
224.84  -1.768
225.04  -1.762
225.25  -1.756
225.45  -1.751
225.65  -1.745
225.86  -1.739
226.06  -1.734
226.26  -1.728
226.47  -1.723
226.67  -1.717
226.87  -1.712
227.08  -1.707
227.28  -1.701
227.48  -1.696
227.69  -1.690
227.89  -1.685
228.09  -1.679
228.29  -1.673
228.50  -1.666
228.70  -1.659
228.90  -1.652
229.11  -1.645
229.31  -1.637
229.51  -1.630
229.72  -1.622
229.92  -1.615
230.12  -1.608
230.33  -1.601
230.53  -1.594
230.73  -1.587
230.94  -1.580
231.14  -1.574
231.34  -1.567
231.55  -1.560
231.75  -1.553
231.95  -1.546
232.16  -1.539
232.36  -1.532
232.56  -1.526
232.77  -1.519
232.97  -1.512
233.17  -1.506
233.37  -1.500
233.58  -1.495
233.78  -1.489
233.98  -1.484
234.19  -1.478
234.39  -1.473
234.59  -1.467
234.80  -1.462
235.00  -1.456
235.20  -1.450
235.41  -1.443
235.61  -1.437
235.81  -1.431
236.02  -1.425
236.22  -1.418
236.42  -1.412
236.63  -1.405
236.83  -1.399
237.03  -1.393
237.24  -1.386
237.44  -1.380
237.64  -1.374
237.85  -1.367
238.05  -1.361
238.25  -1.355
238.45  -1.349
238.66  -1.344
238.86  -1.338
239.06  -1.332
239.27  -1.326
239.47  -1.320
239.67  -1.314
239.88  -1.308
240.08  -1.301
240.28  -1.295
240.49  -1.288
240.69  -1.281
240.89  -1.275
241.10  -1.268
241.30  -1.261
241.50  -1.254
241.71  -1.247
241.91  -1.241
242.11  -1.234
242.32  -1.227
242.52  -1.221
242.72  -1.214
242.93  -1.208
243.13  -1.202
243.33  -1.196
243.53  -1.190
243.74  -1.184
243.94  -1.178
244.14  -1.173
244.35  -1.167
244.55  -1.161
244.75  -1.155
244.96  -1.149
245.16  -1.143
245.36  -1.136
245.57  -1.130
245.77  -1.124
245.97  -1.118
246.18  -1.111
246.38  -1.105
246.58  -1.099
246.79  -1.092
246.99  -1.086
247.19  -1.080
247.40  -1.073
247.60  -1.067
247.80  -1.060
248.01  -1.054
248.21  -1.047
248.41  -1.040
248.61  -1.033
248.82  -1.027
249.02  -1.020
249.22  -1.013
249.43  -1.006
249.63  -0.999
249.83  -0.992
250.04  -0.986
250.24  -0.979
250.44  -0.972
250.65  -0.965
250.85  -0.959
251.05  -0.952
251.26  -0.945
251.46  -0.938
251.66  -0.932
251.87  -0.925
252.07  -0.918
252.27  -0.911
252.48  -0.905
252.68  -0.898
252.88  -0.891
253.09  -0.885
253.29  -0.878
253.49  -0.871
253.69  -0.864
253.90  -0.858
254.10  -0.851
254.30  -0.845
254.51  -0.838
254.71  -0.831
254.91  -0.825
255.12  -0.819
255.32  -0.812
255.52  -0.806
255.73  -0.799
255.93  -0.793
256.13  -0.786
256.34  -0.780
256.54  -0.773
256.74  -0.767
256.95  -0.760
257.15  -0.754
257.35  -0.747
257.56  -0.740
257.76  -0.734
257.96  -0.726
258.17  -0.719
258.37  -0.712
258.57  -0.705
258.77  -0.698
258.98  -0.691
259.18  -0.684
259.38  -0.677
259.59  -0.671
259.79  -0.665
259.99  -0.659
260.20  -0.653
260.40  -0.647
260.60  -0.641
260.81  -0.635
261.01  -0.629
261.21  -0.623
261.42  -0.617
261.62  -0.611
261.82  -0.606
262.03  -0.600
262.23  -0.594
262.43  -0.588
262.64  -0.582
262.84  -0.576
263.04  -0.570
263.25  -0.564
263.45  -0.557
263.65  -0.551
263.85  -0.545
264.06  -0.539
264.26  -0.533
264.46  -0.528
264.67  -0.522
264.87  -0.517
265.07  -0.511
265.28  -0.506
265.48  -0.500
265.68  -0.495
265.89  -0.489
266.09  -0.484
266.29  -0.478
266.50  -0.473
266.70  -0.467
266.90  -0.461
267.11  -0.455
267.31  -0.448
267.51  -0.441
267.72  -0.433
267.92  -0.425
268.12  -0.417
268.33  -0.409
268.53  -0.401
268.73  -0.393
268.93  -0.386
269.14  -0.379
269.34  -0.372
269.54  -0.366
269.75  -0.360
269.95  -0.354
270.15  -0.348
270.36  -0.342
270.56  -0.336
270.76  -0.330
270.97  -0.324
271.17  -0.318
271.37  -0.312
271.58  -0.306
271.78  -0.300
271.98  -0.294
272.19  -0.288
272.39  -0.282
272.59  -0.276
272.80  -0.270
273.00  -0.264
273.20  -0.258
273.41  -0.252
273.61  -0.246
273.81  -0.239
274.01  -0.233
274.22  -0.227
274.42  -0.221
274.62  -0.214
274.83  -0.208
275.03  -0.202
275.23  -0.196
275.44  -0.189
275.64  -0.183
275.84  -0.177
276.05  -0.171
276.25  -0.164
276.45  -0.158
276.66  -0.152
276.86  -0.146
277.06  -0.140
277.27  -0.134
277.47  -0.128
277.67  -0.122
277.88  -0.117
278.08  -0.111
278.28  -0.105
278.49  -0.100
278.69  -0.094
278.89  -0.088
279.09  -0.083
279.30  -0.077
279.50  -0.071
279.70  -0.065
279.91  -0.060
280.11  -0.054
280.31  -0.048
280.52  -0.042
280.72  -0.037
280.92  -0.031
281.13  -0.025
281.33  -0.019
281.53  -0.014
281.74  -0.008
281.94  -0.001
282.14   0.005
282.35   0.012
282.55   0.019
282.75   0.026
282.96   0.034
283.16   0.041
283.36   0.047
283.57   0.054
283.77   0.060
283.97   0.066
284.17   0.071
284.38   0.077
284.58   0.082
284.78   0.088
284.99   0.093
285.19   0.098
285.39   0.103
285.60   0.109
285.80   0.114
286.00   0.119
286.21   0.125
286.41   0.130
286.61   0.135
286.82   0.141
287.02   0.147
287.22   0.153
287.43   0.159
287.63   0.166
287.83   0.172
288.04   0.179
288.24   0.185
288.44   0.191
288.65   0.197
288.85   0.203
289.05   0.209
289.25   0.214
289.46   0.220
289.66   0.226
289.86   0.231
290.07   0.237
290.27   0.243
290.47   0.248
290.68   0.254
290.88   0.260
291.08   0.266
291.29   0.272
291.49   0.278
291.69   0.284
291.90   0.291
292.10   0.297
292.30   0.304
292.51   0.311
292.71   0.318
292.91   0.324
293.12   0.331
293.32   0.338
293.52   0.344
293.73   0.350
293.93   0.357
294.13   0.363
294.33   0.369
294.54   0.375
294.74   0.381
294.94   0.387
295.15   0.393
295.35   0.399
295.55   0.405
295.76   0.412
295.96   0.418
296.16   0.424
296.37   0.430
296.57   0.436
296.77   0.443
296.98   0.449
297.18   0.456
297.38   0.462
297.59   0.469
297.79   0.475
297.99   0.482
298.20   0.488
298.40   0.494
298.60   0.501
298.81   0.507
299.01   0.513
299.21   0.519
299.41   0.525
299.62   0.531
299.82   0.537
300.02   0.544
300.23   0.550
300.43   0.556
300.63   0.562
300.84   0.568
301.04   0.574
301.24   0.580
301.45   0.587
301.65   0.593
301.85   0.600
302.06   0.606
302.26   0.613
302.46   0.619
302.67   0.626
302.87   0.633
303.07   0.639
303.28   0.645
303.48   0.651
303.68   0.657
303.89   0.663
304.09   0.669
304.29   0.675
304.49   0.681
304.70   0.686
304.90   0.692
305.10   0.698
305.31   0.704
305.51   0.710
305.71   0.715
305.92   0.721
306.12   0.727
306.32   0.733
306.53   0.739
306.73   0.746
306.93   0.752
307.14   0.758
307.34   0.765
307.54   0.771
307.75   0.778
307.95   0.784
308.15   0.790
308.36   0.796
308.56   0.802
308.76   0.807
308.97   0.813
309.17   0.819
309.37   0.825
309.57   0.830
309.78   0.836
309.98   0.842
310.18   0.848
310.39   0.854
310.59   0.859
310.79   0.865
311.00   0.872
311.20   0.878
311.40   0.885
311.61   0.892
311.81   0.900
312.01   0.907
312.22   0.915
312.42   0.922
312.62   0.929
312.83   0.936
313.03   0.942
313.23   0.948
313.44   0.954
313.64   0.959
313.84   0.964
314.05   0.970
314.25   0.975
314.45   0.980
314.65   0.985
314.86   0.991
315.06   0.996
315.26   1.001
315.47   1.007
315.67   1.012
315.87   1.017
316.08   1.023
316.28   1.030
316.48   1.036
316.69   1.043
316.89   1.050
317.09   1.056
317.30   1.063
317.50   1.070
317.70   1.077
317.91   1.083
318.11   1.089
318.31   1.095
318.52   1.101
318.72   1.107
318.92   1.112
319.13   1.118
319.33   1.124
319.53   1.130
319.73   1.136
319.94   1.142
320.14   1.148
320.34   1.153
320.55   1.159
320.75   1.165
320.95   1.171
321.16   1.177
321.36   1.183
321.56   1.189
321.77   1.195
321.97   1.201
322.17   1.207
322.38   1.212
322.58   1.218
322.78   1.224
322.99   1.230
323.19   1.236
323.39   1.242
323.60   1.248
323.80   1.254
324.00   1.259
324.21   1.265
324.41   1.271
324.61   1.277
324.81   1.283
325.02   1.289
325.22   1.295
325.42   1.301
325.63   1.307
325.83   1.313
326.03   1.319
326.24   1.325
326.44   1.331
326.64   1.337
326.85   1.343
327.05   1.349
327.25   1.355
327.46   1.361
327.66   1.367
327.86   1.373
328.07   1.379
328.27   1.385
328.47   1.391
328.68   1.397
328.88   1.403
329.08   1.409
329.29   1.415
329.49   1.421
329.69   1.427
329.89   1.433
330.10   1.439
330.30   1.445
330.50   1.450
330.71   1.456
330.91   1.462
331.11   1.468
331.32   1.473
331.52   1.479
331.72   1.485
331.93   1.490
332.13   1.496
332.33   1.502
332.54   1.507
332.74   1.513
332.94   1.519
333.15   1.524
333.35   1.530
333.55   1.536
333.76   1.542
333.96   1.547
334.16   1.553
334.37   1.559
334.57   1.564
334.77   1.570
334.97   1.576
335.18   1.582
335.38   1.587
335.58   1.593
335.79   1.599
335.99   1.605
336.19   1.611
336.40   1.616
336.60   1.622
336.80   1.628
337.01   1.634
337.21   1.640
337.41   1.646
337.62   1.651
337.82   1.657
338.02   1.663
338.23   1.669
338.43   1.675
338.63   1.680
338.84   1.686
339.04   1.692
339.24   1.698
339.45   1.704
339.65   1.710
339.85   1.715
340.05   1.721
340.26   1.727
340.46   1.733
340.66   1.739
340.87   1.745
341.07   1.750
341.27   1.756
341.48   1.762
341.68   1.768
341.88   1.774
342.09   1.780
342.29   1.785
342.49   1.791
342.70   1.797
342.90   1.803
343.10   1.809
343.31   1.815
343.51   1.821
343.71   1.827
343.92   1.832
344.12   1.838
344.32   1.844
344.53   1.850
344.73   1.856
344.93   1.862
345.13   1.868
345.34   1.874
345.54   1.879
345.74   1.885
345.95   1.891
346.15   1.897
346.35   1.903
346.56   1.909
346.76   1.914
346.96   1.920
347.17   1.926
347.37   1.932
347.57   1.938
347.78   1.944
347.98   1.950
348.18   1.956
348.39   1.962
348.59   1.968
348.79   1.974
349.00   1.980
349.20   1.986
349.40   1.992
349.61   1.998
349.81   2.004
350.01   2.010
350.21   2.016
350.42   2.022
350.62   2.028
350.82   2.034
351.03   2.041
351.23   2.047
353.47   2.115
353.67   2.122
353.87   2.128
354.08   2.134
354.28   2.141
354.48   2.147
354.69   2.153
354.89   2.159
355.09   2.166
355.29   2.172
355.50   2.178
355.70   2.185
355.90   2.191
356.11   2.197
356.31   2.204
356.51   2.210
356.72   2.216
356.92   2.222
357.12   2.229
357.33   2.235
357.53   2.241
357.73   2.248
357.94   2.254
358.14   2.260
358.34   2.266
358.55   2.273
358.75   2.279
358.95   2.285
359.16   2.291
359.36   2.298
359.56   2.304
359.77   2.310
359.97   2.316
360.17   2.322
360.37   2.329
360.58   2.335
360.78   2.341
360.98   2.347
361.19   2.353
361.39   2.359
361.59   2.365
361.80   2.371
362.00   2.377
362.20   2.383
362.41   2.390
362.61   2.396
362.81   2.402
363.02   2.408
363.22   2.414
363.42   2.420
363.63   2.426
363.83   2.432
364.03   2.438
364.24   2.444
364.44   2.450
364.64   2.456
364.85   2.462
365.05   2.468
365.25   2.474
365.45   2.480
365.66   2.485
365.86   2.491
366.06   2.497
366.27   2.503
366.47   2.509
366.67   2.515
366.88   2.521
367.08   2.527
367.28   2.533
367.49   2.539
367.69   2.545
367.89   2.551
368.10   2.557
368.30   2.563
368.50   2.569
368.71   2.575
368.91   2.581
369.11   2.587
369.32   2.593
369.52   2.598
369.72   2.604
369.93   2.609
370.13   2.614
370.33   2.619
370.53   2.624
370.74   2.629
370.94   2.634
371.14   2.639
371.35   2.644
371.55   2.650
371.75   2.656
371.96   2.661
372.16   2.667
372.36   2.673
372.57   2.679
372.77   2.685
372.97   2.691
373.18   2.697
373.38   2.703
373.58   2.709
373.79   2.716
373.99   2.722
374.19   2.728
374.40   2.734
374.60   2.740
374.80   2.746
375.01   2.752
375.21   2.758
375.41   2.764
375.61   2.770
375.82   2.776
376.02   2.782
376.22   2.788
376.43   2.794
376.63   2.800
376.83   2.807
377.04   2.813
377.24   2.819
377.44   2.825
377.65   2.831
377.85   2.838
378.05   2.844
378.26   2.850
378.46   2.856
378.66   2.862
378.87   2.868
379.07   2.874
379.27   2.880
379.48   2.886
379.68   2.891
379.88   2.897
380.09   2.903
380.29   2.909
380.49   2.915
380.69   2.921
380.90   2.926
381.10   2.932
381.30   2.938
381.51   2.943
381.71   2.949
381.91   2.954
382.12   2.960
382.32   2.966
382.52   2.971
382.73   2.977
382.93   2.982
383.13   2.988
383.34   2.994
383.54   2.999
383.74   3.005
383.95   3.011
384.15   3.017
384.35   3.024
384.56   3.031
384.76   3.038
384.96   3.045
385.17   3.053
385.37   3.060
385.57   3.068
385.77   3.075
385.98   3.082
386.18   3.089
386.38   3.095
386.59   3.100
386.79   3.106
386.99   3.112
387.20   3.117
387.40   3.123
387.60   3.128
387.81   3.134
388.01   3.139
388.21   3.145
388.42   3.150
388.62   3.155
388.82   3.161
389.03   3.166
389.23   3.172
389.43   3.178
389.64   3.184
389.84   3.190
390.04   3.197
390.25   3.203
390.45   3.209
390.65   3.215
390.85   3.221
391.06   3.227
391.26   3.232
391.46   3.237
391.67   3.242
391.87   3.247
392.07   3.252
392.28   3.257
392.48   3.261
392.68   3.266
392.89   3.271
393.09   3.276
393.29   3.282
393.50   3.287
393.70   3.292
393.90   3.297
394.11   3.303
394.31   3.309
394.51   3.315
394.72   3.322
394.92   3.328
395.12   3.335
395.33   3.342
395.53   3.348
395.73   3.355
395.93   3.361
396.14   3.367
396.34   3.373
396.54   3.379
396.75   3.385
396.95   3.391
397.15   3.396
397.36   3.402
397.56   3.408
397.76   3.414
397.97   3.420
398.17   3.426
398.37   3.432
398.58   3.437
398.78   3.443
398.98   3.449
399.19   3.455
399.39   3.460
399.59   3.466
399.80   3.472
400.00   3.477
400.20   3.483
400.41   3.489
400.61   3.494
400.81   3.500
401.01   3.506
401.22   3.511
401.42   3.517
401.62   3.522
401.83   3.528
402.03   3.534
402.23   3.539
402.44   3.545
402.64   3.551
402.84   3.556
403.05   3.562
403.25   3.568
403.45   3.574
403.66   3.580
403.86   3.586
404.06   3.592
404.27   3.599
404.47   3.605
404.67   3.612
404.88   3.619
405.08   3.625
405.28   3.632
405.49   3.638
405.69   3.645
405.89   3.651
406.09   3.657
406.30   3.663
406.50   3.668
406.70   3.674
406.91   3.680
407.11   3.686
407.31   3.692
407.52   3.697
407.72   3.703
407.92   3.709
408.13   3.715
408.33   3.720
408.53   3.726
408.74   3.732
408.94   3.737
409.14   3.743
409.35   3.749
409.55   3.755
409.75   3.760
409.96   3.766
410.16   3.772
410.36   3.777
410.57   3.783
410.77   3.789
410.97   3.794
411.17   3.800
411.38   3.805
411.58   3.810
411.78   3.816
411.99   3.821
412.19   3.827
412.39   3.833
412.60   3.838
412.80   3.844
413.00   3.849
413.21   3.855
413.41   3.860
413.61   3.866
413.82   3.872
414.02   3.877
414.22   3.883
414.43   3.889
414.63   3.895
414.83   3.900
415.04   3.906
415.24   3.912
415.44   3.918
415.65   3.924
415.85   3.929
416.05   3.935
416.25   3.941
416.46   3.947
416.66   3.953
416.86   3.959
417.07   3.964
417.27   3.970
417.47   3.976
417.68   3.982
417.88   3.988
418.08   3.994
418.29   4.000
418.49   4.005
418.69   4.011
418.90   4.016
419.10   4.021
419.30   4.026
419.51   4.032
419.71   4.037
419.91   4.042
420.12   4.048
420.32   4.054
420.52   4.060
420.73   4.066
420.93   4.072
421.13   4.079
421.33   4.085
421.54   4.091
421.74   4.098
421.94   4.104
422.15   4.111
422.35   4.117
422.55   4.124
422.76   4.130
422.96   4.137
423.16   4.143
423.37   4.149
423.57   4.155
423.77   4.161
423.98   4.167
424.18   4.173
424.38   4.179
424.59   4.185
424.79   4.191
424.99   4.197
425.20   4.203
425.40   4.210
425.60   4.216
425.81   4.223
426.01   4.229
426.21   4.236
426.41   4.242
426.62   4.249
426.82   4.255
427.02   4.262
427.23   4.268
427.43   4.275
427.63   4.282
427.84   4.288
428.04   4.295
428.24   4.301
428.45   4.308
428.65   4.314
428.85   4.321
429.06   4.327
429.26   4.334
429.46   4.341
429.67   4.347
429.87   4.354
430.07   4.360
430.28   4.367
430.48   4.374
430.68   4.381
430.89   4.388
431.09   4.394
431.29   4.401
431.49   4.408
431.70   4.415
431.90   4.422
432.10   4.428
432.31   4.435
432.51   4.442
432.71   4.449
432.92   4.455
433.12   4.462
433.32   4.469
433.53   4.476
433.73   4.482
433.93   4.489
434.14   4.496
434.34   4.502
434.54   4.509
434.75   4.515
434.95   4.522
435.15   4.528
435.36   4.535
435.56   4.541
435.76   4.547
435.97   4.554
436.17   4.560
436.37   4.566
436.57   4.573
436.78   4.579
436.98   4.585
437.18   4.592
437.39   4.598
437.59   4.604
437.79   4.610
438.00   4.617
438.20   4.623
438.40   4.630
438.61   4.636
438.81   4.643
439.01   4.649
439.22   4.655
439.42   4.662
439.62   4.668
439.83   4.675
440.03   4.681
440.23   4.687
440.44   4.694
440.64   4.700
440.84   4.706
441.05   4.712
441.25   4.719
441.45   4.725
441.65   4.731
441.86   4.737
442.06   4.744
442.26   4.750
442.47   4.756
442.67   4.762
442.87   4.769
443.08   4.775
443.28   4.781
443.48   4.787
443.69   4.793
443.89   4.800
444.09   4.806
444.30   4.812
444.50   4.818
444.70   4.824
444.91   4.831
445.11   4.837
445.31   4.843
445.52   4.849
445.72   4.856
445.92   4.862
446.13   4.868
446.33   4.875
446.53   4.881
446.73   4.887
446.94   4.894
447.14   4.900
447.34   4.907
447.55   4.913
447.75   4.920
447.95   4.926
448.16   4.933
448.36   4.940
448.56   4.947
448.77   4.954
448.97   4.961
449.17   4.968
449.38   4.974
449.58   4.981
449.78   4.988
449.99   4.995
450.19   5.001
450.39   5.008
450.60   5.015
450.80   5.022
451.00   5.028
451.21   5.035
451.41   5.042
451.61   5.049
451.81   5.055
452.02   5.062
452.22   5.069
452.42   5.076
452.63   5.082
452.83   5.090
453.03   5.097
453.24   5.104
453.44   5.111
453.64   5.118
453.85   5.125
454.05   5.132
454.25   5.139
454.46   5.146
454.66   5.152
454.86   5.159
455.07   5.165
455.27   5.171
455.47   5.178
455.68   5.184
455.88   5.190
456.08   5.197
456.29   5.203
456.49   5.209
456.69   5.216
456.89   5.222
457.10   5.229
457.30   5.235
457.50   5.242
457.71   5.249
457.91   5.256
458.11   5.264
458.32   5.271
458.52   5.279
458.72   5.286
458.93   5.294
459.13   5.301
459.33   5.308
459.54   5.316
459.74   5.323
459.94   5.330
460.15   5.337
460.35   5.344
460.55   5.352
460.76   5.359
460.96   5.366
461.16   5.373
461.37   5.380
461.57   5.388
461.77   5.395
461.97   5.401
462.18   5.408
462.38   5.414
462.58   5.420
462.79   5.425
462.99   5.430
463.19   5.435
463.40   5.440
463.60   5.445
463.80   5.451
464.01   5.456
464.21   5.463
464.41   5.469
464.62   5.476
464.82   5.484
465.02   5.491
465.23   5.498
465.43   5.506
465.63   5.513
465.84   5.521
466.04   5.528
466.24   5.536
466.45   5.543
466.65   5.551
466.85   5.558
467.05   5.566
467.26   5.573
467.46   5.580
467.66   5.586
467.87   5.593
468.07   5.599
468.27   5.606
468.48   5.612
468.68   5.619
468.88   5.625
469.09   5.632
469.29   5.639
469.49   5.646
469.70   5.653
469.90   5.660
470.10   5.667
470.31   5.674
470.51   5.681
470.71   5.688
470.92   5.694
471.12   5.701
471.32   5.708
471.53   5.714
471.73   5.721
471.93   5.728
472.13   5.734
472.34   5.741
472.54   5.747
472.74   5.754
472.95   5.761
473.15   5.767
473.35   5.774
473.56   5.780
473.76   5.786
473.96   5.793
474.17   5.799
474.37   5.805
474.57   5.811
474.78   5.817
474.98   5.823
475.18   5.830
475.39   5.836
475.59   5.842
475.79   5.848
476.00   5.854
476.20   5.860
476.40   5.867
476.61   5.873
476.81   5.879
477.01   5.886
477.21   5.893
477.42   5.900
477.62   5.907
477.82   5.914
478.03   5.922
478.23   5.929
478.43   5.936
478.64   5.943
478.84   5.950
479.04   5.957
479.25   5.964
479.45   5.971
479.65   5.978
479.86   5.985
480.06   5.992
480.26   5.999
480.47   6.005
480.67   6.012
480.87   6.019
481.08   6.026
481.28   6.033
481.48   6.040
481.69   6.046
481.89   6.053
482.09   6.059
482.29   6.066
482.50   6.072
482.70   6.079
482.90   6.085
483.11   6.091
483.31   6.097
483.51   6.104
483.72   6.110
483.92   6.116
484.12   6.123
484.33   6.129
484.53   6.135
484.73   6.142
484.94   6.148
485.14   6.154
485.34   6.161
485.55   6.167
485.75   6.173
485.95   6.179
486.16   6.186
486.36   6.192
486.56   6.199
486.77   6.205
486.97   6.212
487.17   6.218
487.37   6.225
487.58   6.232
487.78   6.239
487.98   6.246
488.19   6.252
488.39   6.259
488.59   6.265
488.80   6.272
489.00   6.278
489.20   6.284
489.41   6.290
489.61   6.297
489.81   6.303
490.02   6.309
490.22   6.315
490.42   6.321
490.63   6.327
490.83   6.333
491.03   6.339
491.24   6.346
491.44   6.352
491.64   6.358
491.85   6.364
492.05   6.370
492.25   6.376
492.45   6.382
492.66   6.388
492.86   6.394
493.06   6.400
493.27   6.406
493.47   6.413
493.67   6.419
493.88   6.425
494.08   6.432
494.28   6.438
494.49   6.445
494.69   6.451
494.89   6.458
495.10   6.465
495.30   6.471
495.50   6.478
495.71   6.485
495.91   6.491
496.11   6.498
496.32   6.505
496.52   6.511
496.72   6.518
496.93   6.524
497.13   6.530
497.33   6.536
497.53   6.543
497.74   6.549
497.94   6.555
498.14   6.562
498.35   6.568
498.55   6.575
498.75   6.582
498.96   6.589
499.16   6.595
499.36   6.602
499.57   6.609
499.77   6.616
499.97   6.622
500.18   6.629
500.38   6.636
500.58   6.643
500.79   6.649
500.99   6.656
501.19   6.662
501.40   6.669
501.60   6.675
501.80   6.681
502.01   6.687
502.21   6.693
502.41   6.699
502.61   6.705
502.82   6.711
503.02   6.717
503.22   6.723
503.43   6.730
503.63   6.736
503.83   6.742
504.04   6.749
504.24   6.755
504.44   6.761
504.65   6.768
504.85   6.774
505.05   6.780
505.26   6.786
505.46   6.793
505.66   6.799
505.87   6.805
506.07   6.812
506.27   6.818
506.48   6.825
506.68   6.831
506.88   6.838
507.09   6.845
507.29   6.851
507.49   6.858
507.69   6.864
507.90   6.871
508.10   6.877
508.30   6.884
508.51   6.890
508.71   6.896
508.91   6.902
509.12   6.909
509.32   6.915
509.52   6.921
509.73   6.927
509.93   6.934
510.13   6.940
510.34   6.946
510.54   6.953
510.74   6.959
510.95   6.966
511.15   6.973
511.35   6.980
511.56   6.988
511.76   6.995
511.96   7.003
512.17   7.011
512.37   7.019
512.57   7.026
512.77   7.034
512.98   7.040
513.18   7.047
513.38   7.053
513.59   7.059
513.79   7.064
513.99   7.070
514.20   7.076
514.40   7.081
514.60   7.087
514.81   7.093
515.01   7.099
515.21   7.104
515.42   7.110
515.62   7.116
515.82   7.121
516.03   7.127
516.23   7.132
516.43   7.137
516.64   7.142
516.84   7.147
517.04   7.153
517.25   7.158
517.45   7.164
517.65   7.170
517.85   7.176
518.06   7.183
518.26   7.190
518.46   7.198
518.67   7.205
518.87   7.212
519.07   7.220
519.28   7.227
519.48   7.235
519.68   7.243
519.89   7.250
520.09   7.258
520.29   7.265
520.50   7.273
520.70   7.280
520.90   7.287
521.11   7.293
521.31   7.299
521.51   7.304
521.72   7.310
521.92   7.315
522.12   7.320
522.33   7.325
522.53   7.331
522.73   7.337
522.93   7.343
523.14   7.350
523.34   7.357
523.54   7.363
523.75   7.370
523.95   7.376
524.15   7.383
524.36   7.389
524.56   7.396
524.76   7.402
524.97   7.408
525.17   7.415
525.37   7.421
525.58   7.427
525.78   7.433
525.98   7.440
526.19   7.446
526.39   7.452
526.59   7.458
526.80   7.464
527.00   7.470
527.20   7.476
527.41   7.482
527.61   7.487
527.81   7.493
528.01   7.499
528.22   7.504
528.42   7.510
528.62   7.516
528.83   7.521
529.03   7.527
529.23   7.532
529.44   7.538
529.64   7.543
529.84   7.549
530.05   7.555
530.25   7.560
530.45   7.566
530.66   7.572
530.86   7.578
531.06   7.584
531.27   7.590
531.47   7.597
531.67   7.603
531.88   7.610
532.08   7.616
532.28   7.622
532.49   7.629
532.69   7.635
532.89   7.642
533.09   7.648
533.30   7.654
533.50   7.661
533.70   7.667
533.91   7.673
534.11   7.680
534.31   7.686
534.52   7.693
534.72   7.699
534.92   7.706
535.13   7.712
535.33   7.718
535.53   7.724
535.74   7.730
535.94   7.736
536.14   7.742
536.35   7.747
536.55   7.753
536.75   7.759
536.96   7.764
537.16   7.770
537.36   7.776
537.57   7.782
537.77   7.788
537.97   7.794
538.17   7.800
538.38   7.806
538.58   7.812
538.78   7.818
538.99   7.824
539.19   7.830
539.39   7.836
539.60   7.842
539.80   7.848
540.00   7.854
540.21   7.860
540.41   7.865
540.61   7.870
540.82   7.875
541.02   7.880
541.22   7.885
541.43   7.890
541.63   7.895
541.83   7.900
542.04   7.905
542.24   7.910
542.44   7.916
542.65   7.921
542.85   7.927
543.05   7.933
543.25   7.938
543.46   7.944
543.66   7.950
543.86   7.956
544.07   7.961
544.27   7.967
544.47   7.973
544.68   7.979
544.88   7.985
545.08   7.991
545.29   7.997
545.49   8.003
545.69   8.009
545.90   8.015
546.10   8.021
546.30   8.027
546.51   8.033
546.71   8.039
546.91   8.045
547.12   8.051
547.32   8.057
547.52   8.062
547.73   8.068
547.93   8.073
548.13   8.079
548.33   8.084
548.54   8.089
548.74   8.095
548.94   8.100
549.15   8.105
549.35   8.110
549.55   8.115
549.76   8.120
549.96   8.125
550.16   8.130
550.37   8.134
550.57   8.139
550.77   8.143
550.98   8.148
551.18   8.152
551.38   8.156
551.59   8.160
551.79   8.165
551.99   8.169
552.20   8.174
552.40   8.179
552.60   8.184
552.81   8.189
553.01   8.194
553.21   8.198
553.41   8.203
553.62   8.208
553.82   8.213
554.02   8.218
554.23   8.223
554.43   8.228
554.63   8.233
554.84   8.238
555.04   8.243
555.24   8.248
555.45   8.252
555.65   8.257
555.85   8.262
556.06   8.267
556.26   8.272
556.46   8.276
556.67   8.281
556.87   8.286
557.07   8.291
557.28   8.296
557.48   8.300
557.68   8.305
557.89   8.310
558.09   8.315
558.29   8.319
558.49   8.324
558.70   8.329
558.90   8.334
559.10   8.338
559.31   8.343
559.51   8.347
559.71   8.352
559.92   8.356
560.12   8.361
560.32   8.365
560.53   8.369
560.73   8.373
560.93   8.377
561.14   8.382
561.34   8.386
561.54   8.390
561.75   8.395
561.95   8.399
562.15   8.404
562.36   8.409
562.56   8.414
562.76   8.418
562.97   8.423
563.17   8.428
563.37   8.433
563.57   8.438
563.78   8.442
563.98   8.447
564.18   8.452
564.39   8.457
564.59   8.462
564.79   8.466
565.00   8.471
565.20   8.476
565.40   8.480
565.61   8.485
565.81   8.490
566.01   8.494
566.22   8.499
566.42   8.503
566.62   8.508
566.83   8.512
567.03   8.517
567.23   8.521
567.44   8.526
567.64   8.530
567.84   8.535
568.05   8.539
568.25   8.543
568.45   8.548
568.65   8.552
568.86   8.557
569.06   8.561
569.26   8.566
569.47   8.570
569.67   8.575
569.87   8.580
570.08   8.585
570.28   8.590
570.48   8.595
570.69   8.600
570.89   8.605
571.09   8.611
571.30   8.616
571.50   8.621
571.70   8.625
571.91   8.630
572.11   8.635
572.31   8.640
572.52   8.645
572.72   8.649
572.92   8.654
573.13   8.659
573.33   8.664
573.53   8.669
573.73   8.674
573.94   8.678
574.14   8.683
574.34   8.688
574.55   8.693
574.75   8.697
574.95   8.702
575.16   8.707
575.36   8.711
575.56   8.716
575.77   8.721
575.97   8.725
576.17   8.730
576.38   8.735
576.58   8.739
576.78   8.744
576.99   8.749
577.19   8.754
577.39   8.758
577.60   8.763
577.80   8.768
578.00   8.773
578.21   8.777
578.41   8.782
578.61   8.787
578.81   8.792
579.02   8.796
579.22   8.801
579.42   8.806
579.63   8.810
579.83   8.815
580.03   8.819
580.24   8.824
580.44   8.828
580.64   8.833
580.85   8.837
581.05   8.842
581.25   8.846
581.46   8.851
581.66   8.856
581.86   8.861
582.07   8.866
582.27   8.870
582.47   8.875
582.68   8.880
582.88   8.885
583.08   8.890
583.29   8.895
583.49   8.900
583.69   8.905
583.89   8.910
584.10   8.915
584.30   8.920
584.50   8.925
584.71   8.930
584.91   8.935
585.11   8.940
585.32   8.945
585.52   8.950
585.72   8.955
585.93   8.960
586.13   8.965
586.33   8.970
586.54   8.975
586.74   8.980
586.94   8.985
587.15   8.991
587.35   8.996
587.55   9.001
587.76   9.006
587.96   9.011
588.16   9.016
588.37   9.021
588.57   9.026
588.77   9.031
588.97   9.036
589.18   9.041
589.38   9.045
589.58   9.050
589.79   9.055
589.99   9.059
590.19   9.064
590.40   9.068
590.60   9.073
590.80   9.078
591.01   9.082
591.21   9.087
591.41   9.092
591.62   9.096
591.82   9.101
592.02   9.106
592.23   9.111
592.43   9.115
592.63   9.120
592.84   9.125
593.04   9.130
593.24   9.135
593.45   9.140
593.65   9.145
593.85   9.150
594.05   9.155
594.26   9.160
594.46   9.165
594.66   9.171
594.87   9.176
595.07   9.182
595.27   9.187
595.48   9.193
595.68   9.198
595.88   9.204
596.09   9.209
596.29   9.214
596.49   9.220
596.70   9.225
596.90   9.230
597.10   9.236
597.31   9.241
597.51   9.246
597.71   9.252
597.92   9.257
598.12   9.262
598.32   9.268
598.53   9.273
598.73   9.278
598.93   9.284
599.13   9.289
599.34   9.294
599.54   9.299
599.74   9.304
599.95   9.309
600.15   9.314
600.35   9.319
600.56   9.324
600.76   9.329
600.96   9.334
601.17   9.339
601.37   9.345
601.57   9.350
601.78   9.355
601.98   9.360
602.18   9.366
602.39   9.371
602.59   9.376
602.79   9.382
603.00   9.387
603.20   9.393
603.40   9.398
603.61   9.403
603.81   9.409
604.01   9.414
604.21   9.419
604.42   9.423
604.62   9.428
604.82   9.433
605.03   9.438
605.23   9.444
605.43   9.449
605.64   9.455
605.84   9.461
606.04   9.467
606.25   9.473
606.45   9.479
606.65   9.485
606.86   9.492
607.06   9.498
607.26   9.504
607.47   9.511
607.67   9.517
607.87   9.523
608.08   9.530
608.28   9.536
608.48   9.542
608.69   9.548
608.89   9.553
609.09   9.559
609.29   9.564
609.50   9.570
609.70   9.575
610.11   9.585
610.31   9.591
610.51   9.596
610.72   9.602
610.92   9.608
611.12   9.614
611.33   9.620
611.53   9.626
611.73   9.632
611.94   9.638
612.14   9.644
612.34   9.650
612.55   9.656
612.75   9.662
612.95   9.668
613.16   9.674
613.36   9.680
613.56   9.686
613.77   9.693
613.97   9.700
614.17   9.706
614.37   9.713
614.58   9.720
614.78   9.727
614.98   9.734
615.19   9.740
615.39   9.747
615.59   9.753
615.80   9.759
616.00   9.765
616.20   9.771
616.41   9.777
616.61   9.783
616.81   9.789
617.02   9.795
617.22   9.801
617.42   9.807
617.63   9.813
617.83   9.819
618.03   9.825
618.24   9.831
618.44   9.838
618.64   9.844
618.85   9.850
619.05   9.856
619.25   9.863
619.45   9.869
619.66   9.876
619.86   9.882
620.06   9.889
620.27   9.895
620.47   9.902
620.67   9.908
620.88   9.915
621.08   9.921
621.28   9.927
621.49   9.934
621.69   9.940
621.89   9.947
622.10   9.953
622.30   9.960
622.50   9.967
622.71   9.973
622.91   9.980
623.11   9.986
623.32   9.992
623.52   9.999
623.72  10.005
623.93  10.011
624.13  10.017
624.33  10.024
624.53  10.030
624.74  10.036
624.94  10.042
625.14  10.048
625.35  10.054
625.55  10.060
625.75  10.066
625.96  10.072
626.16  10.078
626.36  10.084
626.57  10.090
626.77  10.096
626.97  10.102
627.18  10.107
627.38  10.113
627.58  10.119
627.79  10.124
627.99  10.130
628.19  10.136
628.40  10.141
628.60  10.147
628.80  10.152
629.01  10.158
629.21  10.163
629.41  10.169
629.61  10.174
629.82  10.180
630.02  10.185
630.22  10.190
630.43  10.195
630.63  10.200
630.83  10.206
631.04  10.211
631.24  10.216
631.44  10.221
631.65  10.226
631.85  10.231
632.05  10.236
632.26  10.242
632.46  10.247
632.66  10.252
632.87  10.257
633.07  10.263
633.27  10.268
633.48  10.274
633.68  10.280
633.88  10.286
634.09  10.292
634.29  10.297
634.49  10.303
634.69  10.309
634.90  10.315
635.10  10.320
635.30  10.326
635.51  10.331
635.71  10.336
635.91  10.342
636.12  10.347
636.32  10.353
636.52  10.358
636.73  10.363
636.93  10.369
637.13  10.374
637.34  10.380
637.54  10.385
637.74  10.390
637.95  10.396
638.15  10.401
638.35  10.407
638.56  10.412
638.76  10.418
638.96  10.423
639.17  10.429
639.37  10.434
639.57  10.439
639.77  10.444
639.98  10.450
640.18  10.455
640.38  10.460
640.59  10.465
640.79  10.469
640.99  10.474
641.20  10.479
641.40  10.484
641.60  10.489
641.81  10.495
642.01  10.500
642.21  10.505
642.42  10.510
642.62  10.515
642.82  10.520
643.03  10.526
643.23  10.531
643.43  10.537
643.64  10.543
643.84  10.548
644.04  10.554
644.25  10.560
644.45  10.566
644.65  10.572
644.85  10.578
645.06  10.584
645.26  10.590
645.46  10.596
645.67  10.602
645.87  10.608
646.07  10.614
646.28  10.620
646.48  10.627
646.68  10.633
646.89  10.639
647.09  10.645
647.29  10.651
647.50  10.658
647.70  10.664
647.90  10.670
648.11  10.675
648.31  10.681
648.51  10.687
648.72  10.693
648.92  10.698
649.12  10.704
649.33  10.710
649.53  10.716
649.73  10.722
649.93  10.728
650.14  10.734
650.34  10.740
650.54  10.746
650.75  10.752
650.95  10.759
651.15  10.765
651.56  10.777
651.76  10.783
651.97  10.790
652.17  10.796
652.37  10.803
652.58  10.809
652.78  10.816
652.98  10.823
653.19  10.830
653.39  10.837
653.59  10.844
653.80  10.851
654.00  10.858
654.20  10.865
654.41  10.871
654.61  10.878
654.81  10.884
655.01  10.891
655.22  10.897
655.42  10.903
655.62  10.909
655.83  10.916
656.03  10.922
656.23  10.928
656.44  10.934
656.64  10.939
656.84  10.945
657.05  10.951
657.25  10.956
657.45  10.962
657.66  10.967
657.86  10.973
658.06  10.978
658.27  10.983
658.47  10.988
658.67  10.993
658.88  10.998
659.08  11.003
659.28  11.007
659.49  11.012
659.69  11.016
659.89  11.021
660.09  11.025
660.30  11.029
660.50  11.033
660.70  11.037
660.91  11.041
661.11  11.045
661.31  11.049
661.52  11.053
661.72  11.057
661.92  11.061
662.13  11.064
662.33  11.068
662.53  11.072
662.74  11.076
662.94  11.080
663.14  11.085
663.35  11.089
663.55  11.093
663.75  11.097
663.96  11.101
664.16  11.105
664.36  11.109
664.57  11.114
664.77  11.118
664.97  11.122
665.17  11.126
665.38  11.131
665.58  11.136
665.78  11.140
665.99  11.145
666.19  11.150
666.39  11.155
666.60  11.161
666.80  11.166
667.00  11.172
667.21  11.177
667.41  11.183
667.61  11.188
667.82  11.194
668.02  11.200
668.22  11.206
668.43  11.212
668.63  11.219
668.83  11.226
669.04  11.233
669.24  11.241
669.44  11.249
669.65  11.257
669.85  11.265
670.05  11.273
670.25  11.282
670.46  11.291
670.66  11.299
670.86  11.308
671.07  11.317
671.27  11.325
671.47  11.334
671.68  11.343
671.88  11.351
672.08  11.359
672.29  11.367
672.49  11.375
672.69  11.382
672.90  11.390
673.10  11.397
673.30  11.404
673.51  11.411
673.71  11.417
673.91  11.424
674.12  11.431
674.32  11.437
674.52  11.443
674.73  11.449
674.93  11.455
675.13  11.461
675.33  11.466
675.54  11.471
675.74  11.476
675.94  11.481
676.15  11.486
676.35  11.490
676.55  11.494
676.76  11.498
676.96  11.502
677.16  11.505
677.37  11.508
677.57  11.511
677.77  11.514
677.98  11.516
678.18  11.518
678.38  11.521
678.59  11.523
678.79  11.526
678.99  11.529
679.20  11.532
679.40  11.535
679.60  11.538
679.81  11.541
680.01  11.543
680.21  11.546
680.41  11.549
680.62  11.552
680.82  11.555
681.02  11.557
681.23  11.560
681.43  11.563
681.63  11.565
681.84  11.568
682.04  11.570
682.24  11.572
682.45  11.574
682.65  11.576
682.85  11.578
683.06  11.581
683.26  11.583
683.46  11.585
683.67  11.587
683.87  11.589
684.07  11.592
684.28  11.594
684.48  11.597
684.68  11.599
684.89  11.602
685.09  11.604
685.29  11.606
685.49  11.609
685.70  11.611
685.90  11.614
686.10  11.616
686.31  11.619
686.51  11.621
686.71  11.623
686.92  11.626
687.12  11.628
687.32  11.630
687.53  11.632
687.73  11.635
687.93  11.637
688.14  11.639
688.34  11.642
688.54  11.644
688.75  11.647
688.95  11.650
689.15  11.653
689.36  11.656
689.56  11.659
689.76  11.662
689.97  11.665
690.17  11.668
690.37  11.672
690.57  11.675
690.78  11.679
690.98  11.682
691.18  11.686
691.39  11.689
691.59  11.693
691.79  11.696
692.00  11.700
692.20  11.704
692.40  11.708
692.61  11.712
692.81  11.716
693.01  11.720
693.22  11.724
693.42  11.729
693.62  11.733
693.83  11.738
694.03  11.743
694.23  11.748
694.44  11.753
694.64  11.758
694.84  11.764
695.05  11.769
695.25  11.775
695.45  11.781
695.65  11.786
695.86  11.792
696.06  11.798
696.26  11.805
696.47  11.811
696.67  11.817
696.87  11.824
697.08  11.830
697.28  11.837
697.48  11.844
697.69  11.850
697.89  11.857
698.09  11.864
698.30  11.872
698.50  11.879
698.70  11.886
698.91  11.894
699.11  11.901
699.31  11.909
699.52  11.916
699.72  11.924
699.92  11.931
700.13  11.939
700.33  11.946
700.53  11.954
700.73  11.961
700.94  11.969
701.14  11.976
701.34  11.984
701.55  11.992
701.75  12.000
701.95  12.008
702.16  12.016
702.36  12.023
702.56  12.031
702.77  12.038
702.97  12.045
703.17  12.052
703.38  12.058
703.58  12.064
703.78  12.070
703.99  12.076
704.19  12.081
704.39  12.087
704.60  12.092
704.80  12.097
705.00  12.102
705.21  12.107
705.41  12.112
705.61  12.117
705.81  12.122
706.02  12.127
706.22  12.133
706.42  12.139
706.63  12.145
706.83  12.151
707.03  12.158
707.24  12.164
707.44  12.170
707.64  12.177
707.85  12.183
708.05  12.188
708.25  12.193
708.46  12.198
708.66  12.203
708.86  12.208
709.07  12.213
709.27  12.218
709.47  12.223
709.68  12.228
709.88  12.233
710.08  12.238
710.29  12.243
710.49  12.248
710.69  12.253
710.89  12.259
711.10  12.264
711.30  12.270
711.50  12.276
711.71  12.282
711.91  12.289
712.11  12.295
712.32  12.301
712.52  12.308
712.72  12.314
712.93  12.320
713.13  12.325
713.33  12.331
713.54  12.336
713.74  12.342
713.94  12.347
714.15  12.353
714.35  12.358
714.55  12.363
714.76  12.369
714.96  12.374
715.16  12.379
715.37  12.385
715.57  12.390
715.77  12.395
715.97  12.400
716.18  12.406
716.38  12.411
716.58  12.416
716.79  12.421
716.99  12.426
717.19  12.431
717.40  12.436
717.60  12.441
717.80  12.446
718.01  12.451
718.21  12.456
718.41  12.461
718.62  12.466
718.82  12.471
719.02  12.476
719.23  12.481
719.43  12.486
719.63  12.490
719.84  12.495
720.04  12.500
720.24  12.505
720.45  12.510
720.65  12.515
720.85  12.520
721.05  12.526
721.26  12.531
721.46  12.537
721.66  12.542
721.87  12.548
722.07  12.553
722.27  12.559
722.48  12.564
722.68  12.569
722.88  12.574
723.09  12.579
723.29  12.584
723.49  12.589
723.70  12.594
723.90  12.599
724.10  12.603
724.31  12.608
724.51  12.613
724.71  12.618
724.92  12.623
725.12  12.627
725.32  12.632
725.53  12.637
725.73  12.642
725.93  12.647
726.13  12.652
726.34  12.657
726.54  12.663
726.74  12.668
726.95  12.673
727.15  12.678
727.35  12.683
727.56  12.689
727.76  12.694
727.96  12.699
728.17  12.704
728.37  12.709
728.57  12.713
728.78  12.718
728.98  12.723
729.18  12.728
729.39  12.733
729.59  12.738
729.79  12.743
730.00  12.748
730.20  12.753
730.40  12.758
730.61  12.763
730.81  12.767
731.01  12.772
731.21  12.776
731.42  12.780
731.62  12.785
731.82  12.789
732.03  12.793
732.23  12.798
732.43  12.803
732.64  12.807
732.84  12.812
733.04  12.817
733.25  12.822
733.45  12.827
733.65  12.832
733.86  12.837
734.06  12.842
734.26  12.846
734.47  12.851
734.67  12.856
734.87  12.861
735.08  12.866
735.28  12.871
735.48  12.876
735.69  12.881
735.89  12.886
736.09  12.891
736.29  12.896
736.50  12.901
736.70  12.906
736.90  12.911
737.11  12.916
737.31  12.920
737.51  12.925
737.72  12.930
737.92  12.935
738.12  12.939
738.33  12.944
738.53  12.949
738.73  12.953
738.94  12.958
739.14  12.962
739.34  12.967
739.55  12.971
739.75  12.976
739.95  12.981
740.16  12.985
740.36  12.990
740.56  12.994
740.77  12.999
740.97  13.003
741.17  13.008
741.37  13.012
741.58  13.017
741.78  13.021
741.98  13.026
742.19  13.030
742.39  13.035
742.59  13.040
742.80  13.045
743.00  13.050
743.20  13.054
743.41  13.059
743.61  13.064
743.81  13.069
744.02  13.074
744.22  13.079
744.42  13.084
744.63  13.089
744.83  13.094
745.03  13.099
745.24  13.104
745.44  13.109
745.64  13.115
745.85  13.120
746.05  13.125
746.25  13.131
746.45  13.136
746.66  13.141
746.86  13.147
747.06  13.152
747.27  13.156
747.47  13.161
747.67  13.166
747.88  13.170
748.08  13.175
748.28  13.180
748.49  13.184
748.69  13.189
748.89  13.193
749.10  13.198
749.30  13.202
749.50  13.207
749.71  13.211
749.91  13.216
750.11  13.221
750.32  13.226
750.52  13.231
750.72  13.236
750.93  13.241
751.13  13.246
751.33  13.251
751.53  13.256
751.74  13.261
751.94  13.266
752.14  13.271
752.35  13.275
752.55  13.280
752.75  13.285
752.96  13.289
753.16  13.294
753.36  13.299
753.57  13.303
753.77  13.308
753.97  13.313
754.18  13.318
754.38  13.323
754.58  13.328
754.79  13.332
754.99  13.337
755.19  13.343
755.40  13.348
755.60  13.353
755.80  13.358
756.01  13.363
756.21  13.368
756.41  13.374
756.61  13.379
756.82  13.384
757.02  13.389
757.22  13.394
757.43  13.399
757.63  13.404
757.83  13.410
758.04  13.415
758.24  13.420
758.44  13.425
758.65  13.430
758.85  13.435
759.05  13.440
759.26  13.445
759.46  13.450
759.66  13.455
759.87  13.460
760.07  13.465
760.27  13.470
760.48  13.474
760.68  13.479
760.88  13.484
761.09  13.488
761.29  13.493
761.49  13.498
761.69  13.503
761.90  13.507
762.10  13.512
762.30  13.517
762.51  13.522
762.71  13.527
762.91  13.532
763.12  13.537
763.32  13.542
763.52  13.547
763.73  13.552
763.93  13.557
764.13  13.562
764.34  13.567
764.54  13.572
764.74  13.577
764.95  13.582
765.15  13.587
765.35  13.592
765.56  13.597
765.76  13.602
765.96  13.607
766.17  13.612
766.37  13.617
766.57  13.622
766.77  13.627
766.98  13.633
767.18  13.638
767.38  13.644
767.59  13.649
767.79  13.655
767.99  13.660
768.20  13.665
768.40  13.671
768.60  13.676
768.81  13.682
769.01  13.687
769.21  13.692
769.42  13.697
769.62  13.703
769.82  13.707
770.03  13.712
770.23  13.716
770.43  13.721
770.64  13.725
770.84  13.730
771.04  13.734
771.25  13.738
771.45  13.743
771.65  13.748
771.85  13.753
772.06  13.757
772.26  13.762
772.46  13.767
772.67  13.772
772.87  13.777
773.07  13.781
773.28  13.786
773.48  13.791
773.68  13.796
773.89  13.800
774.09  13.805
774.29  13.810
774.50  13.814
774.70  13.819
774.90  13.824
775.11  13.829
775.31  13.834
775.51  13.838
775.72  13.843
775.92  13.848
776.12  13.853
776.33  13.857
776.53  13.862
776.73  13.867
776.93  13.871
777.14  13.876
777.34  13.881
777.54  13.885
777.75  13.890
777.95  13.895
778.15  13.899
778.36  13.904
778.56  13.909
778.76  13.913
778.97  13.918
779.17  13.923
779.37  13.928
779.58  13.933
779.78  13.939
779.98  13.944
780.19  13.950
780.39  13.956
780.59  13.961
780.80  13.967
781.00  13.972
781.20  13.977
781.41  13.982
781.61  13.987
781.81  13.991
782.01  13.996
782.22  14.001
782.42  14.005
782.62  14.010
782.83  14.015
783.03  14.019
783.23  14.024
783.44  14.029
783.64  14.034
783.84  14.039
784.05  14.044
784.25  14.049
784.45  14.054
784.66  14.060
784.86  14.065
785.06  14.071
785.27  14.077
785.47  14.082
785.67  14.088
785.88  14.094
786.08  14.099
786.28  14.105
786.49  14.110
786.69  14.115
786.89  14.121
787.09  14.126
787.30  14.131
787.50  14.136
787.70  14.142
787.91  14.147
788.11  14.153
788.31  14.158
788.52  14.163
788.72  14.169
788.92  14.174
789.13  14.180
789.33  14.186
789.53  14.192
789.74  14.198
789.94  14.204
790.14  14.210
790.35  14.216
790.55  14.222
790.75  14.227
790.96  14.233
791.16  14.239
791.36  14.244
791.57  14.250
791.77  14.255
791.97  14.260
792.17  14.266
792.38  14.271
792.58  14.277
792.78  14.282
792.99  14.288
793.19  14.293
793.39  14.299
793.60  14.304
793.80  14.310
794.00  14.315
794.21  14.321
794.41  14.327
794.61  14.333
794.82  14.339
795.02  14.345
795.22  14.351
795.43  14.357
795.63  14.363
795.83  14.368
796.04  14.374
796.24  14.380
796.44  14.385
796.65  14.391
796.85  14.396
797.05  14.402
797.25  14.407
797.46  14.413
797.66  14.419
797.86  14.424
798.07  14.430
798.27  14.435
798.47  14.441
798.68  14.447
798.88  14.452
799.08  14.458
799.29  14.464
799.49  14.470
799.69  14.476
799.90  14.481
800.10  14.487
800.30  14.493
800.51  14.499
800.71  14.504
800.91  14.510
801.12  14.516
801.32  14.521
801.52  14.527
801.73  14.532
801.93  14.538
802.13  14.543
802.33  14.549
802.54  14.555
802.74  14.560
802.94  14.566
803.15  14.572
803.35  14.578
803.55  14.583
803.76  14.589
803.96  14.595
804.16  14.601
804.37  14.607
804.57  14.613
804.77  14.619
804.98  14.626
805.18  14.632
805.38  14.638
805.59  14.644
805.79  14.650
805.99  14.656
806.20  14.662
806.40  14.667
806.60  14.673
806.81  14.679
807.01  14.685
807.21  14.691
807.41  14.697
807.62  14.702
807.82  14.708
808.02  14.714
808.23  14.719
808.43  14.725
808.63  14.730
808.84  14.735
809.04  14.740
809.24  14.745
809.45  14.750
809.65  14.755
809.85  14.760
810.06  14.765
810.26  14.770
810.46  14.775
810.67  14.780
810.87  14.785
811.07  14.790
811.28  14.795
811.48  14.800
811.68  14.806
811.89  14.811
812.09  14.816
812.29  14.821
812.49  14.826
812.70  14.832
812.90  14.837
813.10  14.842
813.31  14.848
813.51  14.853
813.71  14.859
813.92  14.865
814.12  14.871
814.32  14.877
814.53  14.883
814.73  14.889
814.93  14.895
815.14  14.901
815.34  14.907
815.54  14.912
815.75  14.918
815.95  14.924
816.15  14.930
816.36  14.936
816.56  14.941
816.76  14.947
816.97  14.953
817.17  14.959
817.37  14.964
817.57  14.970
817.78  14.976
817.98  14.981
818.18  14.987
818.39  14.992
818.59  14.998
818.79  15.003
819.00  15.008
819.20  15.013
819.40  15.018
819.61  15.023
819.81  15.029
820.01  15.034
820.22  15.039
820.42  15.044
820.62  15.049
820.83  15.055
821.03  15.060
821.23  15.065
821.44  15.071
821.64  15.076
821.84  15.082
822.05  15.087
822.25  15.092
822.45  15.098
822.65  15.103
822.86  15.109
823.06  15.114
823.26  15.120
823.47  15.125
823.67  15.131
823.87  15.137
824.08  15.142
824.28  15.148
824.48  15.154
824.69  15.160
824.89  15.165
825.09  15.171
825.30  15.177
825.50  15.183
825.70  15.189
825.91  15.194
826.11  15.200
826.31  15.206
826.52  15.212
826.72  15.217
826.92  15.223
827.13  15.229
827.33  15.234
827.53  15.240
827.73  15.246
827.94  15.251
828.14  15.257
828.34  15.262
828.55  15.267
828.75  15.273
828.95  15.278
829.16  15.283
829.36  15.289
829.56  15.294
829.77  15.299
829.97  15.304
830.17  15.309
830.38  15.314
830.58  15.319
830.78  15.324
830.99  15.329
831.19  15.334
831.39  15.339
831.60  15.344
831.80  15.349
832.00  15.354
832.21  15.359
832.41  15.364
832.61  15.370
832.81  15.375
833.02  15.380
833.22  15.385
833.42  15.391
833.63  15.396
833.83  15.402
834.03  15.407
834.24  15.413
834.44  15.419
834.64  15.424
834.85  15.430
835.05  15.436
835.25  15.442
835.46  15.448
835.66  15.454
835.86  15.460
836.07  15.466
836.27  15.472
836.47  15.478
836.68  15.484
836.88  15.490
837.08  15.496
837.29  15.501
837.49  15.507
837.69  15.513
837.89  15.519
838.10  15.524
838.30  15.529
838.50  15.534
838.71  15.539
838.91  15.545
839.11  15.550
839.32  15.555
839.52  15.560
839.72  15.565
839.93  15.570
840.13  15.576
840.33  15.581
840.54  15.587
840.74  15.592
840.94  15.598
841.15  15.603
841.35  15.609
841.55  15.615
841.76  15.620
841.96  15.626
842.16  15.631
842.37  15.637
842.57  15.643
842.77  15.648
842.97  15.654
843.18  15.660
843.38  15.665
843.58  15.671
843.79  15.677
843.99  15.683
844.19  15.689
844.40  15.694
844.60  15.700
844.80  15.706
845.01  15.712
845.21  15.718
845.41  15.724
845.62  15.730
845.82  15.736
846.02  15.741
846.23  15.747
846.43  15.753
846.63  15.759
846.84  15.765
847.04  15.770
847.24  15.776
847.45  15.781
847.65  15.787
847.85  15.792
848.05  15.797
848.26  15.801
848.46  15.806
848.66  15.811
848.87  15.816
849.07  15.820
849.27  15.825
849.48  15.831
849.68  15.836
849.88  15.841
850.09  15.847
850.29  15.853
850.49  15.858
850.70  15.864
850.90  15.870
851.10  15.876
851.31  15.881
851.51  15.887
851.71  15.893
851.92  15.899
852.12  15.905
852.32  15.911
852.53  15.917
852.73  15.923
852.93  15.930
853.13  15.936
853.34  15.943
853.54  15.949
853.74  15.956
853.95  15.962
854.15  15.969
854.35  15.975
854.56  15.981
854.76  15.987
854.96  15.992
855.17  15.998
855.37  16.004
855.57  16.010
855.78  16.015
855.98  16.021
856.18  16.026
856.39  16.032
856.59  16.037
856.79  16.042
857.00  16.048
857.20  16.053
857.40  16.059
857.61  16.065
857.81  16.071
858.01  16.078
858.21  16.084
858.42  16.090
858.62  16.096
858.82  16.102
859.03  16.108
859.23  16.113
859.43  16.118
859.64  16.123
859.84  16.127
860.04  16.132
860.25  16.136
860.45  16.141
860.65  16.145
860.86  16.150
861.06  16.155
861.26  16.159
861.47  16.164
861.67  16.169
861.87  16.174
862.08  16.180
862.28  16.185
862.48  16.192
862.69  16.198
862.89  16.205
863.09  16.213
863.29  16.220
863.50  16.227
863.70  16.235
863.90  16.242
864.11  16.248
864.31  16.255
864.51  16.261
864.72  16.267
864.92  16.273
865.12  16.280
865.33  16.286
865.53  16.292
865.73  16.298
865.94  16.304
866.14  16.310
866.34  16.316
866.55  16.322
866.75  16.328
866.95  16.334
867.16  16.340
867.36  16.345
867.56  16.351
867.77  16.356
867.97  16.362
868.17  16.367
868.37  16.373
868.58  16.378
868.78  16.383
868.98  16.388
869.19  16.394
869.39  16.399
869.59  16.404
869.80  16.410
870.00  16.415
870.20  16.420
870.41  16.426
870.61  16.431
870.81  16.436
871.02  16.442
871.22  16.447
871.42  16.453
871.63  16.458
871.83  16.464
872.03  16.470
872.24  16.477
872.44  16.483
872.64  16.490
872.85  16.497
873.05  16.504
873.25  16.511
873.45  16.518
873.66  16.524
873.86  16.531
874.06  16.536
874.27  16.542
874.47  16.548
874.67  16.553
874.88  16.558
875.08  16.564
875.28  16.569
875.49  16.574
875.69  16.580
875.89  16.585
876.10  16.590
876.30  16.596
876.50  16.601
876.71  16.606
876.91  16.611
877.11  16.617
877.32  16.623
877.52  16.628
877.72  16.634
877.93  16.640
878.13  16.646
878.33  16.651
878.53  16.657
878.74  16.662
878.94  16.668
879.14  16.673
879.35  16.678
879.55  16.683
879.75  16.688
879.96  16.694
880.16  16.699
880.36  16.704
880.57  16.710
880.77  16.715
880.97  16.721
881.18  16.726
881.38  16.732
881.58  16.737
881.79  16.743
881.99  16.748
882.19  16.754
882.40  16.759
882.60  16.765
