  
  DOI/GTN-P Deep Borehole Array, Arctic Alaska 
             U.S. Geological Survey 
            Processed Temperature Log 
                    20-Feb-2015 
________________________________________________ 
  
Temperature Log Information: 
  Well name:   Canning River Unit A1 
  File name:   CNR_14JUN27_c_d 
  Log date:    27-JUN-2014 
  
Contact Information: 
  Gary Clow 
  U.S. Geological Survey 
  clow@usgs.gov 
  
Definitions: 
  Depth:        Depth below local ground surface (m) 
  Temperature:  ITS-90 temperature (C) 
________________________________________________ 
             
 Depth  Temperature 
  5.89  -4.157
  5.93  -4.157
  5.97  -4.157
  6.03  -4.157
  6.08  -4.157
  6.13  -4.157
  6.19  -4.157
  6.24  -4.157
  6.29  -4.157
  6.35  -4.157
  6.40  -4.157
  6.45  -4.157
  6.51  -4.157
  6.56  -4.157
  6.61  -4.156
  6.67  -4.156
  6.72  -4.156
  6.78  -4.156
  6.83  -4.156
  6.88  -4.156
  6.94  -4.156
  6.99  -4.156
  7.04  -4.155
  7.09  -4.155
  7.14  -4.155
  7.20  -4.155
  7.25  -4.155
  7.31  -4.154
  7.36  -4.154
  7.41  -4.154
  7.47  -4.154
  7.52  -4.154
  7.57  -4.153
  7.63  -4.153
  7.68  -4.153
  7.73  -4.153
  7.79  -4.152
  7.84  -4.152
  7.89  -4.152
  7.95  -4.152
  8.00  -4.151
  8.06  -4.151
  8.11  -4.151
  8.16  -4.150
  8.22  -4.150
  8.28  -4.150
  8.33  -4.149
  8.37  -4.149
  8.43  -4.149
  8.48  -4.148
  8.54  -4.148
  8.59  -4.148
  8.64  -4.147
  8.70  -4.147
  8.75  -4.147
  8.80  -4.146
  8.86  -4.146
  8.91  -4.145
  8.97  -4.145
  9.02  -4.144
  9.30  -4.140
  9.35  -4.140
  9.40  -4.139
  9.45  -4.138
  9.51  -4.138
  9.56  -4.137
  9.62  -4.136
  9.67  -4.135
  9.73  -4.134
  9.78  -4.134
  9.84  -4.133
  9.89  -4.132
  9.94  -4.131
 10.00  -4.130
 10.05  -4.129
 10.11  -4.128
 10.16  -4.127
 10.21  -4.126
 10.27  -4.125
 10.32  -4.125
 10.38  -4.124
 10.44  -4.123
 10.49  -4.122
 10.54  -4.121
 10.60  -4.120
 10.65  -4.119
 10.70  -4.118
 10.75  -4.117
 10.80  -4.116
 10.85  -4.115
 10.91  -4.114
 10.96  -4.113
 11.02  -4.112
 11.07  -4.111
 11.13  -4.111
 11.18  -4.110
 11.24  -4.109
 11.29  -4.108
 11.34  -4.107
 11.40  -4.107
 11.45  -4.106
 11.50  -4.105
 11.56  -4.104
 11.62  -4.104
 11.67  -4.103
 11.72  -4.102
 11.77  -4.101
 11.83  -4.101
 11.88  -4.100
 11.93  -4.099
 11.98  -4.098
 12.04  -4.098
 12.09  -4.097
 12.15  -4.096
 12.20  -4.095
 12.26  -4.095
 12.31  -4.094
 12.36  -4.093
 12.39  -4.093
 12.47  -4.092
 12.59  -4.091
 12.66  -4.090
 12.71  -4.089
 12.77  -4.089
 12.83  -4.088
 12.88  -4.088
 12.93  -4.087
 12.99  -4.087
 13.04  -4.086
 13.10  -4.086
 13.15  -4.085
 13.20  -4.085
 13.26  -4.084
 13.31  -4.084
 13.37  -4.083
 13.43  -4.083
 13.48  -4.082
 13.54  -4.082
 13.59  -4.082
 13.64  -4.081
 13.70  -4.081
 13.76  -4.080
 13.82  -4.080
 13.87  -4.080
 13.92  -4.079
 13.98  -4.079
 14.03  -4.079
 14.09  -4.078
 14.14  -4.078
 14.19  -4.078
 14.24  -4.077
 14.30  -4.077
 14.35  -4.077
 14.41  -4.077
 14.46  -4.076
 14.51  -4.076
 14.57  -4.076
 14.62  -4.076
 14.68  -4.075
 14.73  -4.075
 14.79  -4.075
 14.84  -4.075
 14.90  -4.075
 14.95  -4.075
 15.01  -4.075
 15.06  -4.074
 15.12  -4.074
 15.30  -4.074
 15.35  -4.074
 15.40  -4.074
 15.46  -4.074
 15.51  -4.073
 15.57  -4.073
 15.62  -4.073
 15.67  -4.073
 15.73  -4.073
 15.78  -4.073
 15.84  -4.073
 15.89  -4.073
 15.94  -4.073
 16.00  -4.072
 16.05  -4.072
 16.11  -4.072
 16.16  -4.072
 16.21  -4.072
 16.27  -4.072
 16.32  -4.072
 16.38  -4.072
 16.43  -4.072
 16.49  -4.072
 16.54  -4.071
 16.59  -4.071
 16.65  -4.071
 16.70  -4.071
 16.75  -4.071
 16.80  -4.071
 16.85  -4.071
 16.91  -4.071
 16.96  -4.071
 17.02  -4.071
 17.07  -4.070
 17.13  -4.070
 17.18  -4.070
 17.24  -4.070
 17.29  -4.070
 17.34  -4.070
 17.40  -4.070
 17.45  -4.070
 17.50  -4.070
 17.56  -4.070
 17.61  -4.070
 17.67  -4.070
 17.72  -4.070
 17.77  -4.070
 17.83  -4.070
 17.88  -4.070
 17.94  -4.070
 17.99  -4.070
 18.04  -4.070
 18.09  -4.069
 18.15  -4.069
 18.20  -4.069
 18.26  -4.069
 18.31  -4.069
 18.36  -4.069
 18.42  -4.068
 18.47  -4.068
 18.53  -4.068
 18.58  -4.068
 18.63  -4.068
 18.69  -4.068
 18.74  -4.068
 18.79  -4.068
 18.85  -4.068
 18.90  -4.068
 18.96  -4.068
 19.01  -4.069
 19.07  -4.069
 19.12  -4.069
 19.17  -4.070
 19.22  -4.070
 19.28  -4.071
 19.33  -4.071
 19.38  -4.072
 19.44  -4.073
 19.49  -4.073
 19.55  -4.074
 19.60  -4.075
 19.65  -4.077
 19.71  -4.078
 19.76  -4.079
 19.82  -4.080
 19.87  -4.082
 19.92  -4.083
 19.98  -4.085
 20.03  -4.087
 20.09  -4.089
 20.14  -4.091
 20.20  -4.093
 20.28  -4.095
 20.36  -4.097
 20.44  -4.100
 20.52  -4.103
 20.60  -4.105
 20.68  -4.108
 20.76  -4.112
 20.86  -4.115
 20.96  -4.118
 21.06  -4.122
 21.16  -4.126
 21.26  -4.130
 21.36  -4.134
 21.46  -4.139
 21.56  -4.143
 21.67  -4.147
 21.78  -4.151
 21.89  -4.156
 22.00  -4.160
 22.11  -4.164
 22.22  -4.168
 22.32  -4.173
 22.42  -4.177
 22.53  -4.182
 22.64  -4.186
 22.75  -4.190
 22.86  -4.195
 22.97  -4.200
 23.08  -4.204
 23.18  -4.209
 23.29  -4.213
 23.40  -4.218
 23.51  -4.222
 23.62  -4.227
 23.73  -4.231
 23.83  -4.236
 23.94  -4.240
 24.05  -4.244
 24.15  -4.249
 24.26  -4.253
 24.37  -4.258
 24.49  -4.262
 24.60  -4.266
 24.71  -4.271
 24.82  -4.275
 24.94  -4.279
 25.04  -4.284
 25.15  -4.288
 25.27  -4.292
 25.38  -4.297
 25.50  -4.301
 25.61  -4.305
 25.72  -4.310
 25.83  -4.314
 25.94  -4.318
 26.06  -4.323
 26.17  -4.327
 26.29  -4.331
 26.41  -4.336
 26.52  -4.340
 26.64  -4.345
 26.76  -4.349
 26.87  -4.354
 26.99  -4.358
 27.10  -4.362
 27.21  -4.367
 27.33  -4.371
 27.44  -4.376
 27.56  -4.381
 27.68  -4.385
 27.79  -4.390
 27.91  -4.395
 28.03  -4.399
 28.14  -4.404
 28.25  -4.409
 28.37  -4.414
 28.48  -4.419
 28.60  -4.425
 28.71  -4.430
 28.83  -4.435
 28.95  -4.440
 29.06  -4.445
 29.18  -4.450
 29.29  -4.455
 29.40  -4.460
 29.52  -4.465
 29.64  -4.470
 29.76  -4.475
 29.87  -4.479
 29.98  -4.484
 30.10  -4.489
 30.21  -4.494
 30.33  -4.498
 30.44  -4.503
 30.56  -4.507
 30.68  -4.512
 30.79  -4.516
 30.91  -4.521
 31.02  -4.525
 31.14  -4.530
 31.24  -4.534
 31.36  -4.538
 31.48  -4.543
 31.59  -4.547
 31.71  -4.551
 31.98  -4.576
 32.19  -4.579
 32.34  -4.583
 32.45  -4.587
 32.57  -4.590
 32.69  -4.594
 32.81  -4.598
 32.93  -4.602
 33.06  -4.606
 33.20  -4.610
 33.33  -4.615
 33.47  -4.619
 33.60  -4.624
 33.72  -4.628
 33.84  -4.632
 33.96  -4.637
 34.08  -4.641
 34.20  -4.644
 34.31  -4.648
 34.43  -4.651
 34.55  -4.655
 34.67  -4.658
 34.79  -4.661
 34.91  -4.663
 35.03  -4.666
 35.15  -4.669
 35.27  -4.671
 35.39  -4.673
 35.50  -4.676
 35.62  -4.678
 35.74  -4.680
 35.86  -4.682
 35.98  -4.685
 36.10  -4.687
 36.22  -4.690
 36.33  -4.693
 36.45  -4.696
 36.57  -4.699
 36.69  -4.702
 36.81  -4.705
 36.93  -4.708
 37.05  -4.712
 37.16  -4.715
 37.44  -4.723
 37.56  -4.727
 37.67  -4.731
 37.79  -4.736
 37.91  -4.740
 38.03  -4.744
 38.14  -4.749
 38.26  -4.753
 38.39  -4.758
 38.52  -4.762
 38.76  -4.772
 38.88  -4.776
 38.99  -4.781
 39.11  -4.786
 39.36  -4.797
 39.48  -4.802
 39.60  -4.807
 39.72  -4.812
 39.83  -4.817
 39.95  -4.822
 40.08  -4.828
 40.20  -4.833
 40.32  -4.837
 40.44  -4.842
 40.55  -4.847
 40.67  -4.852
 40.80  -4.857
 40.92  -4.861
 41.04  -4.866
 41.15  -4.870
 41.27  -4.875
 41.39  -4.879
 41.51  -4.883
 41.63  -4.888
 41.74  -4.892
 41.86  -4.897
 41.98  -4.901
 42.10  -4.906
 42.22  -4.910
 42.34  -4.915
 42.46  -4.920
 42.57  -4.924
 42.69  -4.929
 42.81  -4.933
 42.93  -4.938
 43.04  -4.942
 43.16  -4.947
 43.28  -4.951
 43.40  -4.956
 43.52  -4.960
 43.64  -4.965
 43.76  -4.969
 43.87  -4.973
 43.99  -4.978
 44.10  -4.982
 44.22  -4.986
 44.34  -4.991
 44.46  -4.995
 44.57  -4.999
 44.69  -5.003
 44.81  -5.008
 44.93  -5.012
 45.05  -5.016
 45.16  -5.020
 45.28  -5.024
 45.40  -5.029
 45.51  -5.033
 45.63  -5.037
 45.75  -5.041
 45.86  -5.045
 45.98  -5.049
 46.09  -5.053
 46.21  -5.058
 46.33  -5.062
 46.45  -5.066
 46.57  -5.070
 46.68  -5.073
 46.80  -5.077
 46.92  -5.081
 47.03  -5.085
 47.16  -5.089
 47.27  -5.092
 47.39  -5.096
 47.51  -5.100
 47.62  -5.103
 47.74  -5.107
 47.85  -5.111
 47.97  -5.114
 48.09  -5.118
 48.21  -5.121
 48.32  -5.125
 48.44  -5.128
 48.56  -5.132
 48.68  -5.135
 48.79  -5.139
 48.91  -5.142
 49.03  -5.145
 49.15  -5.149
 49.27  -5.152
 49.38  -5.155
 49.50  -5.158
 49.61  -5.162
 49.73  -5.165
 49.85  -5.168
 49.96  -5.171
 50.08  -5.174
 50.20  -5.177
 50.32  -5.180
 50.44  -5.183
 50.55  -5.186
 50.67  -5.190
 50.79  -5.193
 50.91  -5.196
 51.03  -5.199
 51.14  -5.201
 51.25  -5.204
 51.37  -5.207
 51.49  -5.210
 51.61  -5.213
 51.73  -5.216
 51.84  -5.218
 51.96  -5.221
 52.08  -5.224
 52.20  -5.226
 52.32  -5.228
 52.43  -5.231
 52.55  -5.233
 52.67  -5.235
 52.79  -5.238
 52.90  -5.240
 53.01  -5.242
 53.13  -5.244
 53.25  -5.247
 53.37  -5.249
 53.48  -5.251
 53.60  -5.254
 53.72  -5.256
 53.84  -5.258
 53.95  -5.261
 54.07  -5.263
 54.19  -5.266
 54.31  -5.268
 54.43  -5.271
 54.54  -5.273
 54.66  -5.276
 54.77  -5.278
 54.89  -5.280
 55.01  -5.283
 55.13  -5.285
 55.24  -5.287
 55.36  -5.290
 55.48  -5.292
 55.60  -5.294
 55.71  -5.296
 55.83  -5.299
 55.95  -5.301
 56.06  -5.303
 56.18  -5.305
 56.30  -5.307
 56.41  -5.309
 56.53  -5.311
 56.65  -5.313
 56.76  -5.315
 56.88  -5.317
 57.00  -5.319
 57.12  -5.320
 57.23  -5.322
 57.35  -5.324
 57.47  -5.326
 57.58  -5.328
 57.70  -5.330
 57.82  -5.331
 57.94  -5.333
 58.06  -5.335
 58.17  -5.337
 58.28  -5.338
 58.40  -5.340
 58.51  -5.342
 58.63  -5.344
 58.75  -5.345
 58.87  -5.347
 58.98  -5.349
 59.10  -5.350
 59.22  -5.352
 59.33  -5.354
 59.45  -5.355
 59.57  -5.357
 59.68  -5.358
 59.80  -5.360
 59.92  -5.361
 60.03  -5.363
 60.15  -5.364
 60.27  -5.366
 60.38  -5.367
 60.50  -5.369
 60.62  -5.370
 60.73  -5.372
 60.85  -5.373
 60.97  -5.375
 61.08  -5.376
 61.20  -5.378
 61.32  -5.379
 61.43  -5.381
 61.55  -5.382
 61.67  -5.383
 61.78  -5.385
 61.90  -5.386
 62.01  -5.388
 62.13  -5.389
 62.25  -5.391
 62.37  -5.392
 62.48  -5.394
 62.60  -5.395
 62.71  -5.396
 62.83  -5.398
 62.95  -5.399
 63.07  -5.400
 63.19  -5.402
 63.30  -5.403
 63.42  -5.405
 63.53  -5.406
 63.65  -5.407
 63.77  -5.408
 63.88  -5.410
 64.00  -5.411
 64.12  -5.412
 64.23  -5.414
 64.35  -5.415
 64.47  -5.416
 64.58  -5.417
 64.70  -5.418
 64.82  -5.419
 64.94  -5.420
 65.05  -5.421
 65.17  -5.423
 65.28  -5.424
 65.40  -5.425
 65.52  -5.426
 65.63  -5.426
 65.75  -5.427
 65.87  -5.428
 65.99  -5.429
 66.10  -5.430
 66.22  -5.431
 66.34  -5.431
 66.46  -5.432
 66.57  -5.433
 66.69  -5.433
 66.81  -5.434
 66.92  -5.434
 67.03  -5.435
 67.15  -5.435
 67.27  -5.436
 67.39  -5.436
 67.51  -5.436
 67.62  -5.436
 67.74  -5.436
 67.86  -5.436
 67.97  -5.436
 68.09  -5.436
 68.21  -5.436
 68.33  -5.436
 68.44  -5.436
 68.56  -5.436
 68.68  -5.436
 68.79  -5.436
 68.90  -5.436
 69.02  -5.436
 69.14  -5.436
 69.25  -5.436
 69.37  -5.436
 69.49  -5.436
 69.61  -5.436
 69.72  -5.436
 69.84  -5.436
 69.95  -5.436
 70.07  -5.435
 70.19  -5.435
 70.30  -5.435
 70.42  -5.435
 70.54  -5.435
 70.65  -5.435
 70.76  -5.435
 70.88  -5.435
 71.00  -5.435
 71.12  -5.435
 71.23  -5.434
 71.35  -5.434
 71.46  -5.434
 71.57  -5.434
 71.68  -5.434
 71.80  -5.434
 71.91  -5.434
 72.03  -5.433
 72.14  -5.433
 72.25  -5.433
 72.37  -5.433
 72.48  -5.433
 72.59  -5.432
 72.71  -5.432
 72.82  -5.432
 72.94  -5.431
 73.05  -5.431
 73.16  -5.431
 73.28  -5.431
 73.39  -5.430
 73.50  -5.430
 73.62  -5.429
 73.73  -5.429
 73.85  -5.429
 73.96  -5.428
 74.08  -5.428
 74.19  -5.427
 74.30  -5.427
 74.42  -5.426
 74.53  -5.426
 74.64  -5.426
 74.76  -5.425
 74.88  -5.425
 74.99  -5.424
 75.10  -5.423
 75.22  -5.423
 75.33  -5.422
 75.44  -5.422
 75.56  -5.421
 75.68  -5.421
 75.79  -5.420
 75.90  -5.419
 76.02  -5.419
 76.13  -5.418
 76.25  -5.418
 76.36  -5.417
 76.48  -5.416
 76.59  -5.416
 76.70  -5.415
 76.82  -5.414
 76.93  -5.413
 77.04  -5.413
 77.16  -5.412
 77.28  -5.411
 77.39  -5.410
 77.50  -5.410
 77.62  -5.409
 77.73  -5.408
 77.84  -5.407
 77.96  -5.407
 78.08  -5.406
 78.19  -5.405
 78.30  -5.404
 78.41  -5.403
 78.53  -5.403
 78.64  -5.402
 78.76  -5.401
 78.87  -5.400
 78.99  -5.399
 79.10  -5.398
 79.21  -5.398
 79.33  -5.397
 79.44  -5.396
 79.56  -5.395
 79.67  -5.394
 79.79  -5.393
 79.90  -5.392
 80.01  -5.391
 80.13  -5.390
 80.24  -5.389
 80.35  -5.388
 80.47  -5.387
 80.58  -5.386
 80.70  -5.385
 80.81  -5.384
 80.93  -5.383
 81.04  -5.382
 81.15  -5.380
 81.27  -5.379
 81.38  -5.378
 81.49  -5.377
 81.61  -5.376
 81.73  -5.375
 81.84  -5.374
 81.95  -5.373
 82.07  -5.372
 82.18  -5.371
 82.30  -5.369
 82.41  -5.368
 82.52  -5.367
 82.64  -5.366
 82.76  -5.365
 82.87  -5.364
 82.98  -5.363
 83.10  -5.361
 83.21  -5.360
 83.32  -5.359
 83.44  -5.358
 83.55  -5.356
 83.67  -5.355
 83.78  -5.354
 83.90  -5.352
 84.01  -5.351
 84.12  -5.350
 84.24  -5.348
 84.35  -5.347
 84.47  -5.345
 84.58  -5.344
 84.69  -5.343
 84.81  -5.341
 84.92  -5.340
 85.04  -5.338
 85.15  -5.337
 85.27  -5.335
 85.38  -5.333
 85.49  -5.331
 85.60  -5.329
 85.72  -5.327
 85.83  -5.325
 85.95  -5.323
 86.07  -5.321
 86.18  -5.319
 86.30  -5.317
 86.41  -5.315
 86.52  -5.314
 86.63  -5.312
 86.75  -5.310
 86.86  -5.309
 86.98  -5.307
 87.10  -5.306
 87.21  -5.304
 87.32  -5.303
 87.43  -5.302
 87.55  -5.301
 87.66  -5.300
 87.78  -5.299
 87.89  -5.298
 88.01  -5.297
 88.13  -5.296
 88.24  -5.294
 88.35  -5.293
 88.46  -5.292
 88.58  -5.290
 88.69  -5.289
 88.81  -5.287
 88.92  -5.286
 89.03  -5.284
 89.15  -5.282
 89.26  -5.281
 89.38  -5.279
 89.49  -5.277
 89.61  -5.276
 89.72  -5.274
 89.83  -5.272
 89.95  -5.270
 90.06  -5.268
 90.17  -5.267
 90.29  -5.265
 90.40  -5.263
 90.52  -5.261
 90.63  -5.259
 90.74  -5.257
 90.86  -5.255
 90.97  -5.253
 91.09  -5.251
 91.20  -5.249
 91.32  -5.247
 91.43  -5.245
 91.55  -5.243
 91.66  -5.240
 91.78  -5.238
 91.89  -5.236
 92.00  -5.234
 92.12  -5.232
 92.23  -5.230
 92.35  -5.227
 92.46  -5.225
 92.57  -5.223
 92.69  -5.221
 92.80  -5.220
 92.92  -5.218
 93.04  -5.217
 93.15  -5.215
 93.26  -5.214
 93.38  -5.212
 93.49  -5.210
 93.60  -5.209
 93.72  -5.207
 93.83  -5.205
 93.95  -5.203
 94.06  -5.201
 94.17  -5.199
 94.29  -5.196
 94.40  -5.194
 94.52  -5.192
 94.63  -5.189
 94.75  -5.186
 94.86  -5.183
 94.98  -5.180
 95.10  -5.177
 95.21  -5.174
 95.32  -5.172
 95.43  -5.169
 95.55  -5.166
 95.66  -5.163
 95.78  -5.161
 95.89  -5.158
 96.01  -5.156
 96.12  -5.153
 96.23  -5.151
 96.35  -5.149
 96.46  -5.146
 96.58  -5.144
 96.69  -5.142
 96.81  -5.140
 96.92  -5.138
 97.03  -5.136
 97.15  -5.134
 97.26  -5.133
 97.38  -5.131
 97.49  -5.128
 97.61  -5.126
 97.72  -5.124
 97.84  -5.122
 97.95  -5.120
 98.07  -5.118
 98.18  -5.115
 98.29  -5.113
 98.41  -5.111
 98.53  -5.108
 98.64  -5.106
 98.76  -5.103
 98.87  -5.101
 98.98  -5.098
 99.10  -5.096
 99.21  -5.094
 99.33  -5.091
 99.44  -5.089
 99.55  -5.087
 99.67  -5.085
 99.79  -5.083
 99.90  -5.081
100.02  -5.079
100.13  -5.077
100.25  -5.076
100.36  -5.074
100.47  -5.073
100.59  -5.071
100.70  -5.070
100.81  -5.068
100.93  -5.067
101.05  -5.065
101.16  -5.063
101.27  -5.061
101.39  -5.059
101.51  -5.057
101.62  -5.055
101.74  -5.053
101.85  -5.050
101.97  -5.047
102.08  -5.044
102.20  -5.041
102.31  -5.038
102.42  -5.035
102.53  -5.032
102.65  -5.029
102.77  -5.026
102.88  -5.023
103.00  -5.020
103.11  -5.018
103.22  -5.015
103.34  -5.013
103.46  -5.010
103.57  -5.008
103.69  -5.006
103.80  -5.004
103.92  -5.002
104.03  -5.000
104.15  -4.999
104.26  -4.997
104.38  -4.995
104.49  -4.994
104.60  -4.992
104.72  -4.990
104.83  -4.988
104.95  -4.985
105.06  -4.983
105.18  -4.981
105.29  -4.978
105.41  -4.976
105.52  -4.973
105.64  -4.971
105.75  -4.968
105.86  -4.965
105.98  -4.963
106.09  -4.960
106.21  -4.957
106.32  -4.954
106.44  -4.951
106.55  -4.949
106.67  -4.946
106.78  -4.943
106.90  -4.940
107.01  -4.938
107.13  -4.935
107.24  -4.932
107.36  -4.930
107.47  -4.927
107.58  -4.924
107.70  -4.922
107.81  -4.919
107.93  -4.916
108.04  -4.913
108.16  -4.911
108.27  -4.908
108.39  -4.905
108.51  -4.903
108.61  -4.900
108.73  -4.897
108.84  -4.894
108.95  -4.892
109.07  -4.889
109.18  -4.886
109.30  -4.884
109.41  -4.881
109.53  -4.878
109.64  -4.875
109.75  -4.872
109.86  -4.870
109.97  -4.867
110.08  -4.864
110.19  -4.861
110.30  -4.859
110.41  -4.856
110.53  -4.853
110.64  -4.850
110.75  -4.848
110.87  -4.845
110.98  -4.843
111.09  -4.840
111.20  -4.838
111.32  -4.835
111.42  -4.833
111.53  -4.830
111.64  -4.828
111.76  -4.826
111.87  -4.823
111.98  -4.821
112.09  -4.819
112.21  -4.816
112.32  -4.814
112.44  -4.812
112.54  -4.810
112.66  -4.807
112.76  -4.805
112.87  -4.803
112.99  -4.801
113.10  -4.798
113.21  -4.796
113.33  -4.794
113.44  -4.791
113.55  -4.789
113.66  -4.787
113.78  -4.785
113.89  -4.782
114.00  -4.780
114.11  -4.778
114.23  -4.775
114.33  -4.773
114.44  -4.771
114.56  -4.768
114.67  -4.766
114.78  -4.764
114.89  -4.761
115.00  -4.759
115.12  -4.756
115.23  -4.754
115.34  -4.751
115.46  -4.749
115.56  -4.746
115.68  -4.743
115.79  -4.741
115.90  -4.738
116.01  -4.736
116.12  -4.733
116.23  -4.730
116.35  -4.728
116.46  -4.725
116.57  -4.722
116.69  -4.720
116.80  -4.717
116.91  -4.715
117.01  -4.712
117.13  -4.709
117.24  -4.707
117.46  -4.701
117.58  -4.698
117.69  -4.696
117.81  -4.693
117.92  -4.690
118.04  -4.687
118.17  -4.685
118.28  -4.682
118.40  -4.679
118.51  -4.676
118.64  -4.673
118.76  -4.670
118.87  -4.667
118.99  -4.665
119.11  -4.662
119.23  -4.659
119.35  -4.656
119.47  -4.653
119.60  -4.650
119.71  -4.647
119.82  -4.644
119.94  -4.641
120.06  -4.638
120.18  -4.635
120.31  -4.632
120.42  -4.629
120.55  -4.626
120.67  -4.624
120.78  -4.621
120.90  -4.618
121.01  -4.615
121.14  -4.612
121.25  -4.609
121.37  -4.606
121.50  -4.603
121.62  -4.600
121.73  -4.597
121.85  -4.594
121.97  -4.591
122.09  -4.588
122.21  -4.585
122.33  -4.582
122.45  -4.578
122.57  -4.575
122.68  -4.572
122.80  -4.569
122.92  -4.566
123.04  -4.563
123.16  -4.560
123.28  -4.557
123.40  -4.554
123.52  -4.551
123.64  -4.548
123.76  -4.546
123.87  -4.543
123.99  -4.540
124.11  -4.538
124.23  -4.535
124.35  -4.533
124.47  -4.530
124.59  -4.528
124.71  -4.525
124.83  -4.523
124.95  -4.520
125.06  -4.518
125.18  -4.515
125.30  -4.512
125.42  -4.510
125.54  -4.507
125.66  -4.504
125.78  -4.501
125.90  -4.499
126.02  -4.496
126.14  -4.493
126.25  -4.490
126.37  -4.487
126.49  -4.484
126.61  -4.481
126.73  -4.478
126.85  -4.475
126.97  -4.472
127.09  -4.469
127.21  -4.466
127.32  -4.462
127.44  -4.459
127.56  -4.456
127.68  -4.453
127.80  -4.450
127.92  -4.446
128.04  -4.443
128.16  -4.440
128.28  -4.437
128.40  -4.433
128.52  -4.430
128.64  -4.427
128.76  -4.423
128.88  -4.420
128.99  -4.417
129.11  -4.414
129.23  -4.410
129.35  -4.407
129.47  -4.404
129.59  -4.400
129.71  -4.397
129.83  -4.394
129.95  -4.390
130.07  -4.387
130.18  -4.384
130.30  -4.380
130.42  -4.377
130.54  -4.374
130.66  -4.371
130.78  -4.367
130.90  -4.364
131.02  -4.361
131.14  -4.358
131.26  -4.355
131.37  -4.351
131.49  -4.348
131.61  -4.345
131.73  -4.343
131.86  -4.340
131.97  -4.337
132.09  -4.334
132.21  -4.331
132.33  -4.329
132.45  -4.326
132.56  -4.323
132.69  -4.321
132.80  -4.318
132.92  -4.315
133.05  -4.312
133.16  -4.310
133.29  -4.307
133.41  -4.304
133.52  -4.301
133.65  -4.298
133.76  -4.295
133.88  -4.292
134.00  -4.290
134.12  -4.287
134.24  -4.284
134.35  -4.281
134.48  -4.278
134.60  -4.275
134.72  -4.272
134.84  -4.269
134.94  -4.266
135.07  -4.263
135.19  -4.260
135.30  -4.257
135.42  -4.254
135.54  -4.251
135.66  -4.247
135.78  -4.244
135.90  -4.241
136.03  -4.238
136.15  -4.235
136.26  -4.232
136.38  -4.229
136.50  -4.226
136.62  -4.223
136.73  -4.220
136.85  -4.216
136.98  -4.213
137.09  -4.210
137.21  -4.207
137.34  -4.204
137.46  -4.201
137.57  -4.198
137.68  -4.194
137.80  -4.191
137.93  -4.188
138.05  -4.185
138.17  -4.182
138.28  -4.179
138.40  -4.176
138.53  -4.172
138.64  -4.169
138.76  -4.166
138.88  -4.163
139.00  -4.160
139.12  -4.157
139.23  -4.153
139.36  -4.150
139.48  -4.147
139.60  -4.144
139.72  -4.140
139.83  -4.137
139.95  -4.134
140.07  -4.130
140.19  -4.127
140.31  -4.124
140.42  -4.121
140.55  -4.117
140.67  -4.114
140.79  -4.111
140.91  -4.107
141.03  -4.104
141.14  -4.101
141.26  -4.098
141.38  -4.095
141.50  -4.091
141.61  -4.088
141.73  -4.085
141.86  -4.082
141.98  -4.079
142.10  -4.075
142.22  -4.072
142.34  -4.069
142.58  -4.063
142.70  -4.060
142.81  -4.056
142.93  -4.053
143.05  -4.049
143.17  -4.046
143.29  -4.042
143.41  -4.039
143.53  -4.035
143.65  -4.031
143.77  -4.028
143.88  -4.024
144.00  -4.021
144.12  -4.017
144.24  -4.014
144.36  -4.011
144.48  -4.008
144.60  -4.005
144.72  -4.002
144.85  -3.999
144.96  -3.996
145.07  -3.994
145.19  -3.991
145.31  -3.989
145.44  -3.986
145.55  -3.984
145.67  -3.981
145.79  -3.979
145.91  -3.976
146.03  -3.974
146.15  -3.971
146.26  -3.968
146.38  -3.965
146.50  -3.962
146.62  -3.959
146.74  -3.956
146.86  -3.952
146.98  -3.949
147.09  -3.946
147.21  -3.942
147.33  -3.939
147.43  -3.935
147.55  -3.931
147.67  -3.928
147.78  -3.924
147.90  -3.921
148.01  -3.918
148.13  -3.914
148.25  -3.911
148.36  -3.908
148.48  -3.905
148.60  -3.901
148.71  -3.898
148.83  -3.895
148.94  -3.892
149.06  -3.889
149.17  -3.886
149.29  -3.883
149.41  -3.880
149.52  -3.877
149.64  -3.874
149.76  -3.872
149.87  -3.869
149.98  -3.866
150.10  -3.863
150.21  -3.860
150.33  -3.857
150.45  -3.854
150.57  -3.852
150.68  -3.849
150.80  -3.846
150.92  -3.843
151.04  -3.841
151.15  -3.838
151.26  -3.835
151.37  -3.832
151.49  -3.830
151.61  -3.827
151.73  -3.824
151.85  -3.821
151.96  -3.818
152.08  -3.815
152.20  -3.812
152.31  -3.808
152.42  -3.805
152.54  -3.801
152.65  -3.797
152.77  -3.794
152.89  -3.790
153.01  -3.786
153.12  -3.782
153.24  -3.778
153.36  -3.775
153.47  -3.771
153.58  -3.768
153.70  -3.764
153.82  -3.761
153.93  -3.758
154.05  -3.754
154.16  -3.751
154.28  -3.748
154.40  -3.745
154.51  -3.743
154.63  -3.740
154.75  -3.737
154.87  -3.734
154.98  -3.732
155.09  -3.729
155.21  -3.726
155.32  -3.723
155.44  -3.720
155.56  -3.717
155.67  -3.714
155.79  -3.711
155.91  -3.708
156.02  -3.705
156.13  -3.702
156.25  -3.699
156.37  -3.695
156.48  -3.692
156.60  -3.689
156.72  -3.686
156.83  -3.683
156.95  -3.679
157.07  -3.676
157.18  -3.673
157.29  -3.670
157.40  -3.667
157.52  -3.663
157.64  -3.660
157.76  -3.657
157.87  -3.653
157.99  -3.650
158.11  -3.646
158.22  -3.642
158.34  -3.638
158.45  -3.634
158.57  -3.631
158.68  -3.627
158.80  -3.623
158.92  -3.619
159.04  -3.616
159.15  -3.612
159.27  -3.609
159.39  -3.606
159.50  -3.602
159.61  -3.599
159.73  -3.597
159.84  -3.594
159.96  -3.593
160.07  -3.591
160.19  -3.589
160.31  -3.587
160.42  -3.586
160.54  -3.584
160.66  -3.582
160.77  -3.580
160.89  -3.577
161.01  -3.575
161.11  -3.572
161.23  -3.569
161.35  -3.566
161.46  -3.563
161.58  -3.559
161.70  -3.555
161.82  -3.551
161.93  -3.546
162.05  -3.541
162.17  -3.536
162.28  -3.531
162.39  -3.526
162.51  -3.521
162.62  -3.517
162.74  -3.513
162.86  -3.509
162.97  -3.505
163.09  -3.501
163.21  -3.497
163.33  -3.493
163.44  -3.490
163.55  -3.487
163.67  -3.484
163.78  -3.481
163.90  -3.478
164.02  -3.475
164.13  -3.473
164.25  -3.470
164.37  -3.467
164.48  -3.464
164.59  -3.461
164.71  -3.457
164.82  -3.454
164.94  -3.450
165.06  -3.447
165.18  -3.443
165.29  -3.439
165.41  -3.435
165.53  -3.431
165.64  -3.427
165.75  -3.423
165.87  -3.419
165.98  -3.415
166.10  -3.410
166.22  -3.406
166.33  -3.402
166.45  -3.398
166.57  -3.395
166.68  -3.391
166.80  -3.387
166.91  -3.384
167.04  -3.380
167.15  -3.377
167.26  -3.374
167.37  -3.371
167.49  -3.368
167.61  -3.365
167.73  -3.363
167.84  -3.360
167.96  -3.357
168.08  -3.355
168.20  -3.352
168.31  -3.349
168.42  -3.346
168.54  -3.343
168.65  -3.340
168.77  -3.336
168.89  -3.333
169.00  -3.330
169.12  -3.327
169.24  -3.323
169.35  -3.320
169.46  -3.317
169.58  -3.313
169.70  -3.310
169.81  -3.306
169.93  -3.303
170.05  -3.299
170.16  -3.296
170.28  -3.293
170.40  -3.289
170.51  -3.286
170.62  -3.282
170.74  -3.279
170.86  -3.276
170.97  -3.272
171.09  -3.269
171.21  -3.266
171.32  -3.262
171.44  -3.259
171.56  -3.255
171.67  -3.252
171.78  -3.249
171.90  -3.245
172.02  -3.242
172.14  -3.239
172.25  -3.235
172.37  -3.232
172.48  -3.229
172.59  -3.225
172.71  -3.222
172.83  -3.219
172.95  -3.215
173.06  -3.212
173.18  -3.209
173.30  -3.205
173.41  -3.202
173.52  -3.199
173.64  -3.196
173.76  -3.192
173.87  -3.189
173.99  -3.186
174.11  -3.182
174.23  -3.179
174.34  -3.176
174.46  -3.172
174.57  -3.169
174.69  -3.165
174.80  -3.162
174.92  -3.158
175.04  -3.155
175.16  -3.151
175.27  -3.147
175.39  -3.144
175.51  -3.140
175.62  -3.137
175.73  -3.133
175.85  -3.130
175.97  -3.126
176.09  -3.123
176.20  -3.120
176.32  -3.116
176.44  -3.113
176.55  -3.110
176.67  -3.106
176.78  -3.103
176.90  -3.100
177.01  -3.097
177.13  -3.094
177.25  -3.091
177.37  -3.087
177.48  -3.084
177.60  -3.081
177.72  -3.077
177.83  -3.074
177.94  -3.071
178.06  -3.067
178.18  -3.064
178.29  -3.060
178.41  -3.057
178.53  -3.053
178.64  -3.049
178.76  -3.046
178.88  -3.042
178.99  -3.038
179.11  -3.034
179.23  -3.030
179.34  -3.027
179.46  -3.023
179.57  -3.020
179.69  -3.016
179.80  -3.013
179.92  -3.009
180.04  -3.006
180.15  -3.002
180.27  -2.999
180.39  -2.995
180.51  -2.992
180.63  -2.988
180.74  -2.985
180.85  -2.981
180.97  -2.978
181.08  -2.975
181.20  -2.971
181.32  -2.968
181.44  -2.965
181.56  -2.961
181.67  -2.958
181.78  -2.955
181.90  -2.952
182.02  -2.949
182.14  -2.946
182.25  -2.943
182.37  -2.940
182.49  -2.938
182.60  -2.935
182.72  -2.932
182.84  -2.930
182.95  -2.927
183.06  -2.924
183.18  -2.921
183.30  -2.919
183.41  -2.916
183.53  -2.913
183.65  -2.910
183.76  -2.907
183.88  -2.905
184.00  -2.901
184.11  -2.898
184.22  -2.895
184.34  -2.892
184.44  -2.889
184.56  -2.886
184.67  -2.882
184.79  -2.879
184.90  -2.876
185.01  -2.873
185.13  -2.870
185.24  -2.867
185.35  -2.863
185.47  -2.860
185.58  -2.857
185.69  -2.854
185.81  -2.851
185.92  -2.848
186.03  -2.845
186.15  -2.842
186.26  -2.838
186.38  -2.835
186.49  -2.832
186.60  -2.829
186.71  -2.826
186.83  -2.823
186.94  -2.820
187.05  -2.817
187.17  -2.814
187.28  -2.810
187.39  -2.807
187.51  -2.804
187.63  -2.801
187.74  -2.797
187.85  -2.794
187.96  -2.791
188.08  -2.788
188.18  -2.784
188.30  -2.781
188.41  -2.778
188.53  -2.774
188.64  -2.771
188.75  -2.768
188.87  -2.764
188.98  -2.761
189.09  -2.758
189.21  -2.755
189.31  -2.751
189.43  -2.748
189.54  -2.745
189.66  -2.742
189.77  -2.739
189.89  -2.736
190.00  -2.733
190.11  -2.730
190.22  -2.727
190.34  -2.724
190.46  -2.721
190.56  -2.717
190.68  -2.714
190.79  -2.711
190.90  -2.708
191.02  -2.705
191.13  -2.701
191.24  -2.698
191.36  -2.695
191.47  -2.692
191.59  -2.688
191.70  -2.685
191.81  -2.682
191.92  -2.679
192.03  -2.676
192.14  -2.672
192.26  -2.669
192.37  -2.666
192.49  -2.662
192.60  -2.659
192.71  -2.656
192.82  -2.653
192.94  -2.650
193.05  -2.647
193.16  -2.644
193.27  -2.640
193.39  -2.637
193.50  -2.634
193.62  -2.631
193.73  -2.628
193.84  -2.625
193.95  -2.622
194.07  -2.619
194.18  -2.616
194.30  -2.613
194.41  -2.610
194.52  -2.607
194.64  -2.604
194.75  -2.601
194.86  -2.598
194.97  -2.595
195.09  -2.591
195.20  -2.588
195.32  -2.585
195.42  -2.581
195.54  -2.578
195.65  -2.574
195.77  -2.571
195.88  -2.568
195.99  -2.564
196.10  -2.561
196.22  -2.558
196.33  -2.555
196.45  -2.551
196.56  -2.548
196.67  -2.546
196.78  -2.543
196.89  -2.540
197.01  -2.537
197.12  -2.535
197.23  -2.532
197.35  -2.529
197.46  -2.526
197.58  -2.524
197.69  -2.521
197.80  -2.518
197.91  -2.515
198.02  -2.512
198.14  -2.508
198.25  -2.505
198.36  -2.501
198.48  -2.498
198.59  -2.494
198.71  -2.490
198.82  -2.485
198.93  -2.481
199.05  -2.477
199.15  -2.473
199.27  -2.469
199.38  -2.465
199.50  -2.461
199.61  -2.457
199.72  -2.453
199.84  -2.450
199.95  -2.446
200.06  -2.443
200.18  -2.439
200.29  -2.436
200.40  -2.433
200.51  -2.430
200.63  -2.427
200.74  -2.424
200.85  -2.422
200.96  -2.419
201.08  -2.416
201.19  -2.413
201.30  -2.410
201.42  -2.407
201.53  -2.404
201.64  -2.401
201.75  -2.398
201.87  -2.395
201.98  -2.392
202.09  -2.389
202.21  -2.386
202.32  -2.383
202.43  -2.380
202.55  -2.377
202.66  -2.373
202.77  -2.370
202.88  -2.367
203.00  -2.364
203.11  -2.361
203.22  -2.358
203.34  -2.355
203.45  -2.351
203.56  -2.348
203.67  -2.345
203.79  -2.342
203.90  -2.339
204.01  -2.336
204.13  -2.334
204.24  -2.331
204.35  -2.328
204.47  -2.325
204.58  -2.322
204.70  -2.319
204.81  -2.316
204.92  -2.313
205.04  -2.310
205.15  -2.307
205.26  -2.304
205.37  -2.301
205.49  -2.297
205.60  -2.294
205.71  -2.290
205.83  -2.287
205.94  -2.283
206.05  -2.279
206.16  -2.275
206.28  -2.272
206.39  -2.268
206.50  -2.264
206.61  -2.260
206.73  -2.257
206.84  -2.253
206.96  -2.250
207.07  -2.246
207.18  -2.243
207.29  -2.240
207.41  -2.236
207.52  -2.233
207.64  -2.230
207.74  -2.227
207.86  -2.224
207.97  -2.221
208.09  -2.218
208.20  -2.215
208.32  -2.212
208.43  -2.209
208.54  -2.206
208.66  -2.203
208.77  -2.200
208.88  -2.197
208.99  -2.194
209.11  -2.191
209.22  -2.188
209.33  -2.185
209.45  -2.183
209.56  -2.180
209.67  -2.177
209.79  -2.174
209.90  -2.172
210.01  -2.169
210.13  -2.166
210.24  -2.163
210.35  -2.160
210.46  -2.157
210.58  -2.155
210.69  -2.152
210.80  -2.149
210.91  -2.145
211.03  -2.142
211.14  -2.138
211.26  -2.134
211.37  -2.130
211.48  -2.126
211.60  -2.121
211.71  -2.117
211.82  -2.113
211.94  -2.109
212.05  -2.105
212.16  -2.101
212.28  -2.097
212.38  -2.094
212.50  -2.090
212.61  -2.087
212.72  -2.083
212.84  -2.080
212.95  -2.077
213.07  -2.074
213.18  -2.071
213.29  -2.069
213.41  -2.066
213.52  -2.064
213.63  -2.061
213.74  -2.058
213.85  -2.056
213.97  -2.053
214.08  -2.050
214.19  -2.047
214.31  -2.044
214.42  -2.041
214.54  -2.038
214.65  -2.035
214.76  -2.032
214.87  -2.029
214.99  -2.027
215.11  -2.023
215.22  -2.020
215.33  -2.017
215.44  -2.014
215.55  -2.011
215.67  -2.008
215.78  -2.005
215.90  -2.001
216.01  -1.998
216.13  -1.995
216.24  -1.991
216.35  -1.988
216.46  -1.984
216.58  -1.981
216.69  -1.977
216.81  -1.973
216.92  -1.969
217.03  -1.966
217.15  -1.962
217.25  -1.958
217.37  -1.954
217.48  -1.951
217.60  -1.947
217.71  -1.943
217.82  -1.939
217.94  -1.936
218.05  -1.932
218.17  -1.928
218.28  -1.924
218.39  -1.921
218.50  -1.917
218.62  -1.914
218.73  -1.910
218.84  -1.907
218.96  -1.904
219.06  -1.900
219.18  -1.897
219.29  -1.893
219.40  -1.890
219.52  -1.887
219.63  -1.883
219.74  -1.880
219.86  -1.877
219.97  -1.874
220.08  -1.871
220.19  -1.868
220.30  -1.865
220.41  -1.863
220.52  -1.860
220.63  -1.858
220.74  -1.855
220.85  -1.853
220.96  -1.850
221.07  -1.847
221.17  -1.845
221.29  -1.842
221.40  -1.839
221.51  -1.836
221.62  -1.833
221.73  -1.830
221.84  -1.827
221.95  -1.824
222.06  -1.821
222.17  -1.817
222.28  -1.814
222.39  -1.810
222.51  -1.807
222.62  -1.803
222.73  -1.800
222.84  -1.796
222.95  -1.793
223.05  -1.789
223.16  -1.786
223.27  -1.782
223.39  -1.779
223.50  -1.775
223.61  -1.772
223.72  -1.768
223.83  -1.765
223.94  -1.761
224.05  -1.757
224.16  -1.754
224.27  -1.750
224.38  -1.746
224.49  -1.743
224.60  -1.739
224.72  -1.735
224.83  -1.732
224.93  -1.728
225.04  -1.725
225.15  -1.722
225.26  -1.718
225.37  -1.715
225.48  -1.712
225.59  -1.709
225.70  -1.707
225.81  -1.704
225.92  -1.701
226.04  -1.699
226.15  -1.696
226.26  -1.694
226.37  -1.691
226.48  -1.688
226.59  -1.685
226.70  -1.682
226.81  -1.679
226.91  -1.676
227.02  -1.673
227.14  -1.670
227.25  -1.667
227.36  -1.664
227.47  -1.661
227.58  -1.657
227.69  -1.654
227.80  -1.651
227.91  -1.647
228.02  -1.644
228.13  -1.641
228.24  -1.637
228.35  -1.634
228.46  -1.630
228.57  -1.627
228.68  -1.623
228.79  -1.620
228.90  -1.616
229.01  -1.613
229.12  -1.609
229.23  -1.605
229.34  -1.602
229.45  -1.598
229.56  -1.594
229.67  -1.590
229.78  -1.587
229.90  -1.583
230.01  -1.579
230.12  -1.576
230.23  -1.572
230.34  -1.568
230.45  -1.565
230.56  -1.561
230.66  -1.557
230.77  -1.553
230.88  -1.550
231.00  -1.546
231.11  -1.543
231.22  -1.539
231.33  -1.535
231.44  -1.532
231.55  -1.528
231.66  -1.525
231.77  -1.521
231.88  -1.518
231.99  -1.514
232.10  -1.511
232.21  -1.507
232.32  -1.504
232.43  -1.501
232.54  -1.497
232.65  -1.494
232.76  -1.491
232.87  -1.489
232.98  -1.486
233.09  -1.483
233.20  -1.480
233.31  -1.477
233.42  -1.474
233.53  -1.471
233.64  -1.468
233.76  -1.465
233.86  -1.462
233.97  -1.459
234.09  -1.456
234.20  -1.453
234.30  -1.449
234.41  -1.446
234.52  -1.442
234.63  -1.439
234.74  -1.435
234.86  -1.432
234.97  -1.428
235.08  -1.425
235.19  -1.421
235.30  -1.418
235.41  -1.414
235.52  -1.411
235.63  -1.407
235.74  -1.404
235.85  -1.400
235.96  -1.397
236.07  -1.393
236.18  -1.389
236.29  -1.386
236.40  -1.382
236.51  -1.379
236.62  -1.375
236.73  -1.372
236.84  -1.368
236.95  -1.365
237.06  -1.361
237.18  -1.357
237.28  -1.354
237.39  -1.350
237.50  -1.347
237.61  -1.343
237.73  -1.339
237.84  -1.336
237.95  -1.332
238.05  -1.328
238.16  -1.324
238.27  -1.321
238.38  -1.317
238.49  -1.313
238.60  -1.309
238.71  -1.305
238.83  -1.302
238.95  -1.298
239.06  -1.294
239.17  -1.290
239.29  -1.287
239.40  -1.283
239.51  -1.279
239.63  -1.276
239.74  -1.272
239.85  -1.269
239.97  -1.266
240.08  -1.262
240.20  -1.259
240.31  -1.255
240.42  -1.252
240.54  -1.249
240.65  -1.245
240.77  -1.242
240.88  -1.239
240.99  -1.235
241.11  -1.232
241.23  -1.229
241.35  -1.225
241.46  -1.222
241.58  -1.219
241.70  -1.215
241.81  -1.212
241.93  -1.208
242.05  -1.205
242.17  -1.202
242.28  -1.198
242.40  -1.195
242.52  -1.191
242.64  -1.188
242.75  -1.184
242.86  -1.181
242.98  -1.177
243.10  -1.174
243.22  -1.170
243.34  -1.166
243.45  -1.162
243.57  -1.159
243.69  -1.155
243.81  -1.151
243.92  -1.147
244.04  -1.143
244.16  -1.139
244.28  -1.135
244.40  -1.131
244.51  -1.127
244.62  -1.123
244.74  -1.119
244.86  -1.115
244.98  -1.111
245.10  -1.108
245.21  -1.104
245.33  -1.100
245.45  -1.096
245.57  -1.092
245.68  -1.089
245.80  -1.085
245.92  -1.081
246.03  -1.078
246.14  -1.074
246.26  -1.070
246.38  -1.067
246.50  -1.063
246.62  -1.059
246.74  -1.056
246.86  -1.052
246.97  -1.048
247.09  -1.044
247.21  -1.041
247.32  -1.037
247.44  -1.033
247.56  -1.029
247.68  -1.026
247.79  -1.022
247.90  -1.018
248.02  -1.015
248.14  -1.011
248.26  -1.008
248.38  -1.004
248.49  -1.001
248.61  -0.998
248.73  -0.994
248.85  -0.991
248.97  -0.989
249.08  -0.986
249.20  -0.984
249.32  -0.981
249.44  -0.979
249.55  -0.976
249.67  -0.974
249.78  -0.972
249.90  -0.969
250.02  -0.966
250.13  -0.963
250.25  -0.960
250.37  -0.957
250.49  -0.954
250.60  -0.951
250.72  -0.947
250.84  -0.943
250.96  -0.939
251.07  -0.935
251.19  -0.930
251.31  -0.926
251.43  -0.921
251.54  -0.917
251.66  -0.912
251.78  -0.908
251.90  -0.904
252.01  -0.900
252.13  -0.896
252.25  -0.892
252.36  -0.888
252.48  -0.885
252.61  -0.881
252.72  -0.878
252.83  -0.875
252.95  -0.871
253.07  -0.868
253.19  -0.865
253.31  -0.862
253.42  -0.859
253.54  -0.856
253.66  -0.853
253.78  -0.850
253.90  -0.846
254.02  -0.843
254.13  -0.840
254.24  -0.836
254.36  -0.832
254.48  -0.829
254.60  -0.825
254.72  -0.821
254.83  -0.817
254.95  -0.813
255.07  -0.810
255.18  -0.806
255.30  -0.802
255.41  -0.798
255.52  -0.794
255.63  -0.790
255.75  -0.786
255.86  -0.783
255.98  -0.779
256.09  -0.775
256.21  -0.772
256.33  -0.768
256.44  -0.765
256.56  -0.761
256.67  -0.758
256.78  -0.754
256.89  -0.751
257.00  -0.747
257.12  -0.744
257.24  -0.740
257.35  -0.737
257.47  -0.733
257.58  -0.730
257.70  -0.726
257.81  -0.723
257.93  -0.720
258.04  -0.716
258.15  -0.713
258.27  -0.709
258.38  -0.705
258.49  -0.702
258.61  -0.698
258.73  -0.695
258.84  -0.691
258.95  -0.688
259.07  -0.684
259.18  -0.681
259.30  -0.677
259.41  -0.674
259.53  -0.671
259.64  -0.667
259.75  -0.664
259.87  -0.661
259.98  -0.657
260.10  -0.654
260.21  -0.651
260.32  -0.648
260.44  -0.645
260.55  -0.641
260.66  -0.638
260.78  -0.635
260.90  -0.632
261.01  -0.629
261.12  -0.626
261.23  -0.623
261.35  -0.620
261.46  -0.617
261.58  -0.614
261.69  -0.611
261.81  -0.608
261.92  -0.605
262.04  -0.601
262.15  -0.598
262.27  -0.595
262.38  -0.592
262.49  -0.589
262.61  -0.586
262.72  -0.583
262.83  -0.580
262.95  -0.577
263.06  -0.574
263.18  -0.571
263.29  -0.568
263.41  -0.565
263.52  -0.562
263.63  -0.559
263.75  -0.556
263.86  -0.553
263.97  -0.550
264.09  -0.547
264.21  -0.544
264.32  -0.541
264.44  -0.538
264.55  -0.535
264.67  -0.533
264.78  -0.530
