  
  DOI/GTN-P Deep Borehole Array, Arctic Alaska 
             U.S. Geological Survey 
            Processed Temperature Log 
                    26-Aug-2013 
________________________________________________ 
  
Temperature Log Information: 
  Well name:   Drew Point Test Well #1 
  File name:   DRP_89JUL13_c_d 
  Log date:    13-JUL-1989 
  
Contact Information: 
  Gary Clow 
  U.S. Geological Survey 
  clow@usgs.gov 
  
Definitions: 
  Depth:        Depth below local ground surface (m) 
  Temperature:  ITS-90 temperature (°C) 
________________________________________________ 
             
 Depth  Temperature 
 39.32  -9.225
 39.52  -9.221
 39.73  -9.217
 39.93  -9.214
 40.13  -9.210
 40.34  -9.206
 40.54  -9.202
 40.74  -9.198
 40.94  -9.194
 41.15  -9.190
 41.35  -9.186
 41.55  -9.182
 41.76  -9.178
 41.96  -9.174
 42.16  -9.170
 42.37  -9.166
 42.57  -9.162
 42.77  -9.158
 42.98  -9.153
 43.18  -9.149
 43.38  -9.145
 43.59  -9.141
 43.79  -9.136
 43.99  -9.132
 44.20  -9.128
 44.40  -9.124
 44.60  -9.120
 44.81  -9.116
 45.01  -9.112
 45.21  -9.108
 45.42  -9.104
 45.62  -9.101
 45.82  -9.097
 46.02  -9.093
 46.23  -9.090
 46.43  -9.086
 46.63  -9.082
 46.84  -9.078
 47.04  -9.074
 47.24  -9.070
 47.45  -9.066
 47.65  -9.062
 47.85  -9.058
 48.06  -9.054
 48.26  -9.050
 48.46  -9.046
 48.67  -9.042
 48.87  -9.038
 49.07  -9.034
 49.28  -9.030
 49.48  -9.026
 49.68  -9.022
 49.89  -9.018
 50.09  -9.014
 50.29  -9.010
 50.49  -9.006
 50.70  -9.002
 50.90  -8.997
 51.10  -8.993
 51.31  -8.989
 51.51  -8.985
 51.71  -8.981
 51.92  -8.977
 52.12  -8.973
 52.32  -8.969
 52.53  -8.964
 52.73  -8.960
 52.93  -8.956
 53.14  -8.952
 53.34  -8.948
 53.54  -8.944
 53.75  -8.940
 53.95  -8.936
 54.15  -8.932
 54.36  -8.927
 54.56  -8.923
 54.76  -8.919
 54.97  -8.915
 55.17  -8.911
 55.37  -8.907
 55.58  -8.902
 55.78  -8.898
 55.98  -8.894
 56.18  -8.890
 56.39  -8.886
 56.59  -8.881
 56.79  -8.877
 57.00  -8.873
 57.20  -8.869
 57.40  -8.865
 57.61  -8.860
 57.81  -8.856
 58.01  -8.852
 58.22  -8.848
 58.42  -8.844
 58.62  -8.839
 58.83  -8.835
 59.03  -8.831
 59.23  -8.827
 59.44  -8.823
 59.64  -8.819
 59.84  -8.816
 60.05  -8.812
 60.25  -8.809
 60.45  -8.805
 60.66  -8.801
 60.86  -8.798
 61.06  -8.794
 61.26  -8.790
 61.47  -8.786
 61.67  -8.782
 61.87  -8.778
 62.08  -8.774
 62.28  -8.770
 62.48  -8.765
 62.69  -8.761
 62.89  -8.757
 63.09  -8.753
 63.30  -8.748
 63.50  -8.744
 63.70  -8.740
 63.91  -8.735
 64.11  -8.731
 64.31  -8.727
 64.52  -8.723
 64.72  -8.719
 64.92  -8.715
 65.13  -8.711
 65.33  -8.707
 65.53  -8.702
 65.73  -8.698
 65.94  -8.694
 66.14  -8.690
 66.34  -8.685
 66.55  -8.680
 66.75  -8.676
 66.95  -8.671
 67.16  -8.667
 67.36  -8.662
 67.56  -8.658
 67.77  -8.653
 67.97  -8.648
 68.17  -8.644
 68.38  -8.639
 68.58  -8.635
 68.78  -8.630
 68.99  -8.626
 69.19  -8.622
 69.39  -8.619
 69.60  -8.615
 69.80  -8.612
 70.00  -8.609
 70.21  -8.606
 70.41  -8.603
 70.61  -8.600
 70.81  -8.597
 71.02  -8.592
 71.22  -8.588
 71.42  -8.583
 71.63  -8.578
 71.83  -8.573
 72.03  -8.568
 72.24  -8.563
 72.44  -8.558
 72.64  -8.553
 72.85  -8.547
 73.05  -8.542
 73.25  -8.537
 73.46  -8.532
 73.66  -8.527
 73.86  -8.522
 74.07  -8.518
 74.27  -8.514
 74.47  -8.510
 74.68  -8.506
 74.88  -8.502
 75.08  -8.499
 75.29  -8.495
 75.49  -8.492
 75.69  -8.488
 75.89  -8.484
 76.10  -8.479
 76.30  -8.474
 76.50  -8.470
 76.71  -8.465
 76.91  -8.460
 77.11  -8.456
 77.32  -8.451
 77.52  -8.446
 77.72  -8.442
 77.93  -8.437
 78.13  -8.433
 78.33  -8.428
 78.54  -8.424
 78.74  -8.419
 78.94  -8.414
 79.15  -8.410
 79.35  -8.406
 79.55  -8.401
 79.76  -8.397
 79.96  -8.392
 80.16  -8.388
 80.37  -8.384
 80.57  -8.379
 80.77  -8.375
 80.97  -8.370
 81.18  -8.366
 81.38  -8.361
 81.58  -8.356
 81.79  -8.351
 81.99  -8.347
 82.19  -8.342
 82.40  -8.337
 82.60  -8.332
 82.80  -8.327
 83.01  -8.322
 83.21  -8.317
 83.41  -8.312
 83.62  -8.306
 83.82  -8.301
 84.02  -8.295
 84.23  -8.290
 84.43  -8.284
 84.63  -8.278
 84.84  -8.272
 85.04  -8.266
 85.24  -8.260
 85.45  -8.254
 85.65  -8.248
 85.85  -8.242
 86.05  -8.236
 86.26  -8.230
 86.46  -8.224
 86.66  -8.218
 86.87  -8.212
 87.07  -8.206
 87.27  -8.200
 87.48  -8.194
 87.68  -8.188
 87.88  -8.182
 88.09  -8.176
 88.29  -8.170
 88.49  -8.164
 88.70  -8.159
 88.90  -8.153
 89.10  -8.148
 89.31  -8.142
 89.51  -8.137
 89.71  -8.131
 89.92  -8.126
 90.12  -8.121
 90.32  -8.115
 90.53  -8.110
 90.73  -8.105
 90.93  -8.099
 91.13  -8.094
 91.34  -8.088
 91.54  -8.083
 91.74  -8.077
 91.95  -8.072
 92.15  -8.066
 92.35  -8.061
 92.56  -8.055
 92.76  -8.049
 92.96  -8.044
 93.17  -8.038
 93.37  -8.031
 93.57  -8.025
 93.78  -8.018
 93.98  -8.011
 94.18  -8.003
 94.39  -7.995
 94.59  -7.988
 94.79  -7.980
 95.00  -7.972
 95.20  -7.965
 95.40  -7.958
 95.61  -7.952
 95.81  -7.946
 96.01  -7.940
 96.22  -7.934
 96.42  -7.928
 96.62  -7.922
 96.82  -7.916
 97.03  -7.910
 97.23  -7.904
 97.43  -7.898
 97.64  -7.892
 97.84  -7.887
 98.04  -7.881
 98.25  -7.875
 98.45  -7.869
 98.65  -7.863
 98.86  -7.857
 99.26  -7.845
 99.47  -7.839
 99.67  -7.833
 99.87  -7.827
100.08  -7.821
100.28  -7.815
100.48  -7.810
100.69  -7.804
100.89  -7.798
101.09  -7.792
101.29  -7.786
101.50  -7.780
101.70  -7.775
101.90  -7.769
102.11  -7.763
102.31  -7.756
102.51  -7.750
102.72  -7.744
102.92  -7.738
103.12  -7.731
103.33  -7.725
103.53  -7.718
103.73  -7.712
103.94  -7.705
104.14  -7.698
104.34  -7.691
104.55  -7.684
104.75  -7.677
104.95  -7.670
105.16  -7.664
105.36  -7.657
105.56  -7.650
105.77  -7.643
105.97  -7.637
106.17  -7.630
106.38  -7.623
106.58  -7.617
106.78  -7.610
106.98  -7.603
107.19  -7.597
107.39  -7.590
107.59  -7.583
107.80  -7.577
108.00  -7.570
108.20  -7.564
108.41  -7.558
108.61  -7.552
108.81  -7.546
109.02  -7.540
109.22  -7.534
109.42  -7.528
109.63  -7.522
109.83  -7.516
110.03  -7.510
110.24  -7.504
110.44  -7.498
110.64  -7.492
110.85  -7.486
111.05  -7.480
111.25  -7.474
111.45  -7.468
111.66  -7.462
111.86  -7.455
112.06  -7.449
112.27  -7.443
112.47  -7.437
112.67  -7.431
112.88  -7.425
113.08  -7.418
113.28  -7.412
113.49  -7.406
113.69  -7.399
113.89  -7.393
114.10  -7.387
114.30  -7.380
114.50  -7.374
114.71  -7.368
114.91  -7.361
115.11  -7.355
115.32  -7.349
115.52  -7.342
115.72  -7.336
115.93  -7.330
116.13  -7.323
116.33  -7.317
116.53  -7.310
116.74  -7.304
116.94  -7.297
117.14  -7.291
117.35  -7.284
117.55  -7.278
117.75  -7.271
117.96  -7.265
118.16  -7.258
118.36  -7.251
118.57  -7.244
118.77  -7.237
118.97  -7.231
119.18  -7.224
119.38  -7.217
119.58  -7.210
119.79  -7.203
119.99  -7.196
120.19  -7.189
120.40  -7.183
120.60  -7.176
120.80  -7.169
121.01  -7.162
121.21  -7.155
121.41  -7.148
121.61  -7.141
121.82  -7.134
122.02  -7.128
122.22  -7.121
122.43  -7.114
122.63  -7.107
122.83  -7.101
123.04  -7.095
123.24  -7.088
123.44  -7.082
123.65  -7.076
123.85  -7.070
124.05  -7.064
124.26  -7.057
124.46  -7.051
124.66  -7.045
124.87  -7.038
125.07  -7.032
125.27  -7.025
125.48  -7.019
125.68  -7.012
125.88  -7.005
126.09  -6.999
126.29  -6.992
126.49  -6.986
126.69  -6.979
126.90  -6.972
127.10  -6.966
127.30  -6.959
127.51  -6.952
127.71  -6.946
127.91  -6.939
128.12  -6.932
128.32  -6.926
128.52  -6.919
128.73  -6.912
128.93  -6.905
129.13  -6.899
129.34  -6.892
129.54  -6.885
129.74  -6.879
129.95  -6.872
130.15  -6.865
130.35  -6.858
130.56  -6.851
130.76  -6.845
130.96  -6.838
131.17  -6.831
131.37  -6.824
131.57  -6.818
131.77  -6.811
131.98  -6.804
132.18  -6.798
132.38  -6.791
132.59  -6.785
132.79  -6.778
132.99  -6.772
133.20  -6.765
133.40  -6.759
133.60  -6.753
133.81  -6.746
134.01  -6.740
134.21  -6.733
134.42  -6.727
134.62  -6.721
134.82  -6.714
135.03  -6.708
135.23  -6.701
135.43  -6.695
135.64  -6.688
135.84  -6.682
136.04  -6.675
136.25  -6.668
136.45  -6.662
136.65  -6.655
136.86  -6.649
137.06  -6.642
137.26  -6.635
137.46  -6.628
137.67  -6.622
137.87  -6.615
138.07  -6.608
138.28  -6.601
138.48  -6.594
138.68  -6.586
138.89  -6.579
139.09  -6.572
139.29  -6.565
139.50  -6.558
139.70  -6.551
139.90  -6.545
140.11  -6.538
140.31  -6.531
140.51  -6.524
140.72  -6.517
140.92  -6.510
141.12  -6.503
141.33  -6.497
141.53  -6.490
141.73  -6.483
141.94  -6.476
142.14  -6.470
142.34  -6.463
142.54  -6.456
142.75  -6.450
142.95  -6.443
143.15  -6.437
143.36  -6.430
143.56  -6.424
143.76  -6.418
143.97  -6.411
144.17  -6.405
144.37  -6.398
144.58  -6.392
144.78  -6.385
144.98  -6.379
145.19  -6.373
145.39  -6.366
145.59  -6.360
145.80  -6.353
146.00  -6.347
146.20  -6.341
146.41  -6.334
146.61  -6.328
146.81  -6.322
147.01  -6.315
147.22  -6.309
147.42  -6.303
147.62  -6.296
147.83  -6.290
148.03  -6.284
148.23  -6.278
148.44  -6.271
148.64  -6.265
148.84  -6.259
149.05  -6.253
149.25  -6.246
149.45  -6.240
149.66  -6.234
149.86  -6.228
150.06  -6.221
150.27  -6.215
150.47  -6.209
150.67  -6.203
150.88  -6.196
151.08  -6.190
151.28  -6.184
151.49  -6.178
151.69  -6.171
151.89  -6.165
152.09  -6.158
152.30  -6.152
152.50  -6.145
152.70  -6.139
152.91  -6.132
153.11  -6.126
153.31  -6.119
153.52  -6.113
153.72  -6.106
153.92  -6.100
154.13  -6.093
154.33  -6.087
154.53  -6.080
154.74  -6.074
154.94  -6.067
155.14  -6.061
155.35  -6.054
155.55  -6.047
155.75  -6.041
155.96  -6.034
156.16  -6.028
156.36  -6.021
156.57  -6.015
156.77  -6.008
156.97  -6.002
157.17  -5.995
157.38  -5.989
157.58  -5.982
157.78  -5.975
157.99  -5.969
158.19  -5.962
158.39  -5.956
158.60  -5.949
158.80  -5.942
159.00  -5.936
159.21  -5.930
159.41  -5.923
159.61  -5.917
159.82  -5.910
160.02  -5.904
160.22  -5.898
160.43  -5.891
160.63  -5.885
160.83  -5.878
161.04  -5.872
161.24  -5.866
161.44  -5.859
161.65  -5.853
161.85  -5.846
162.05  -5.840
162.25  -5.833
162.46  -5.827
162.66  -5.820
162.86  -5.813
163.07  -5.807
163.27  -5.800
163.47  -5.794
163.68  -5.787
163.88  -5.781
164.08  -5.775
164.29  -5.768
164.49  -5.762
164.69  -5.756
164.90  -5.749
165.10  -5.743
165.30  -5.737
165.51  -5.730
165.71  -5.724
165.91  -5.718
166.12  -5.711
166.32  -5.705
166.52  -5.699
166.73  -5.693
166.93  -5.687
167.13  -5.681
167.34  -5.675
167.54  -5.669
167.74  -5.664
167.94  -5.658
168.15  -5.652
168.35  -5.646
168.55  -5.640
168.76  -5.634
168.96  -5.627
169.16  -5.621
169.37  -5.615
169.57  -5.609
169.77  -5.603
169.98  -5.597
170.18  -5.590
170.38  -5.584
170.59  -5.578
170.79  -5.572
170.99  -5.566
171.20  -5.560
171.40  -5.554
171.60  -5.548
171.81  -5.543
172.01  -5.538
172.21  -5.533
172.42  -5.528
172.62  -5.523
172.82  -5.518
173.02  -5.513
173.23  -5.508
173.43  -5.502
173.63  -5.496
173.84  -5.489
174.04  -5.482
174.24  -5.475
174.45  -5.468
174.65  -5.461
174.85  -5.454
175.06  -5.447
175.26  -5.440
175.46  -5.433
175.67  -5.426
175.87  -5.419
176.07  -5.412
176.28  -5.406
176.48  -5.399
176.68  -5.393
176.89  -5.386
177.09  -5.380
177.29  -5.374
177.50  -5.369
177.70  -5.363
177.90  -5.357
178.10  -5.351
178.31  -5.345
178.51  -5.338
178.71  -5.332
178.92  -5.325
179.12  -5.319
179.32  -5.312
179.53  -5.305
179.73  -5.299
179.93  -5.293
180.14  -5.286
180.34  -5.280
180.54  -5.273
180.75  -5.267
180.95  -5.261
181.15  -5.254
181.36  -5.247
181.56  -5.240
181.76  -5.232
181.97  -5.225
182.17  -5.217
182.37  -5.209
182.57  -5.202
182.78  -5.194
182.98  -5.187
183.18  -5.181
183.39  -5.175
183.59  -5.169
183.79  -5.164
184.00  -5.158
184.20  -5.153
184.40  -5.147
184.61  -5.142
184.81  -5.137
185.01  -5.131
185.22  -5.126
185.42  -5.120
185.62  -5.115
185.83  -5.109
186.03  -5.104
186.23  -5.098
186.44  -5.091
186.64  -5.084
186.84  -5.077
187.05  -5.069
187.25  -5.062
187.45  -5.055
187.66  -5.047
187.86  -5.040
188.06  -5.033
188.26  -5.027
188.47  -5.021
188.67  -5.015
188.87  -5.008
189.08  -5.002
189.28  -4.996
189.48  -4.990
189.69  -4.984
189.89  -4.977
190.50  -4.958
190.70  -4.952
190.91  -4.946
191.11  -4.940
191.31  -4.933
191.52  -4.927
191.72  -4.921
191.92  -4.914
192.13  -4.908
192.33  -4.901
192.53  -4.895
192.73  -4.889
192.94  -4.882
193.14  -4.876
193.34  -4.870
193.55  -4.863
193.75  -4.857
193.95  -4.850
194.16  -4.844
194.36  -4.838
194.56  -4.831
194.77  -4.825
194.97  -4.819
195.17  -4.812
195.38  -4.806
195.58  -4.799
195.78  -4.793
195.99  -4.787
196.19  -4.780
196.39  -4.774
196.60  -4.768
196.80  -4.761
197.00  -4.755
197.21  -4.749
197.41  -4.742
197.61  -4.736
197.81  -4.730
198.02  -4.723
198.22  -4.717
198.42  -4.711
198.63  -4.704
198.83  -4.698
199.03  -4.692
199.24  -4.685
199.44  -4.679
199.64  -4.672
199.85  -4.666
200.05  -4.659
200.25  -4.653
200.46  -4.646
200.66  -4.640
200.86  -4.633
201.07  -4.626
201.27  -4.619
201.47  -4.613
201.68  -4.606
201.88  -4.599
202.08  -4.592
202.29  -4.585
202.49  -4.578
202.69  -4.571
202.90  -4.564
203.10  -4.557
203.30  -4.550
203.50  -4.543
203.71  -4.536
203.91  -4.530
204.11  -4.523
204.32  -4.516
204.52  -4.509
204.72  -4.503
204.93  -4.496
205.13  -4.490
205.33  -4.483
205.54  -4.477
205.74  -4.471
205.94  -4.466
206.15  -4.461
206.35  -4.456
206.55  -4.451
206.76  -4.447
206.96  -4.442
207.16  -4.437
207.37  -4.432
207.57  -4.427
207.77  -4.421
207.97  -4.415
208.18  -4.409
208.38  -4.403
208.58  -4.397
208.79  -4.391
208.99  -4.385
209.19  -4.379
209.40  -4.373
209.60  -4.366
209.80  -4.360
210.01  -4.353
210.21  -4.347
210.41  -4.340
210.62  -4.334
210.82  -4.327
211.02  -4.320
211.23  -4.313
211.43  -4.306
211.63  -4.299
211.84  -4.292
212.04  -4.285
212.24  -4.278
212.45  -4.270
212.65  -4.263
212.85  -4.256
213.05  -4.249
213.26  -4.242
213.46  -4.235
213.66  -4.228
216.10  -4.154
216.31  -4.149
216.51  -4.144
216.71  -4.139
216.92  -4.135
217.12  -4.130
217.32  -4.125
217.53  -4.119
217.73  -4.114
217.93  -4.108
218.13  -4.103
218.34  -4.098
218.54  -4.092
218.74  -4.087
218.95  -4.081
219.15  -4.075
219.35  -4.070
219.56  -4.064
219.76  -4.059
219.96  -4.053
220.17  -4.047
220.37  -4.042
220.57  -4.036
220.78  -4.031
220.98  -4.025
221.18  -4.020
221.39  -4.014
221.59  -4.009
221.79  -4.003
222.00  -3.997
222.20  -3.991
222.40  -3.984
222.61  -3.977
222.81  -3.970
223.01  -3.963
223.21  -3.956
223.42  -3.949
223.62  -3.942
223.82  -3.935
224.03  -3.928
224.23  -3.921
224.43  -3.915
224.64  -3.908
224.84  -3.901
225.04  -3.894
225.25  -3.888
225.45  -3.883
225.65  -3.878
225.86  -3.873
226.06  -3.868
226.26  -3.863
226.47  -3.859
226.67  -3.854
226.87  -3.849
227.08  -3.843
227.28  -3.837
227.48  -3.831
227.69  -3.825
227.89  -3.819
228.09  -3.813
228.29  -3.807
228.50  -3.801
228.70  -3.795
228.90  -3.788
229.11  -3.782
229.31  -3.776
229.51  -3.770
229.72  -3.764
229.92  -3.757
230.12  -3.751
230.33  -3.746
230.53  -3.740
230.73  -3.734
230.94  -3.729
231.14  -3.723
231.34  -3.717
231.55  -3.711
231.75  -3.705
231.95  -3.699
232.16  -3.692
232.36  -3.685
232.56  -3.678
232.77  -3.670
232.97  -3.663
233.17  -3.656
233.37  -3.649
233.58  -3.642
233.78  -3.635
233.98  -3.628
234.19  -3.621
234.39  -3.614
234.59  -3.607
234.80  -3.600
235.00  -3.594
235.20  -3.588
235.41  -3.582
236.22  -3.560
236.42  -3.555
236.63  -3.549
236.83  -3.544
237.03  -3.538
237.24  -3.533
237.44  -3.527
237.64  -3.521
237.85  -3.515
238.05  -3.509
238.25  -3.503
238.45  -3.497
238.66  -3.492
238.86  -3.486
239.06  -3.480
239.27  -3.474
239.47  -3.467
239.67  -3.461
239.88  -3.453
240.08  -3.444
240.28  -3.434
240.49  -3.424
240.69  -3.414
240.89  -3.404
241.10  -3.394
241.30  -3.384
241.50  -3.376
241.71  -3.368
241.91  -3.362
242.11  -3.356
242.32  -3.351
242.52  -3.345
242.72  -3.340
242.93  -3.335
243.13  -3.330
243.33  -3.325
243.53  -3.319
243.74  -3.314
243.94  -3.308
244.14  -3.303
244.35  -3.297
244.55  -3.291
244.75  -3.284
244.96  -3.276
245.16  -3.268
245.36  -3.260
245.57  -3.251
245.77  -3.242
245.97  -3.233
246.18  -3.224
246.38  -3.215
246.58  -3.208
246.79  -3.200
246.99  -3.194
247.19  -3.187
247.40  -3.180
247.60  -3.173
247.80  -3.166
248.01  -3.159
248.21  -3.152
248.41  -3.145
248.61  -3.138
248.82  -3.130
249.02  -3.123
249.22  -3.116
249.43  -3.108
249.63  -3.101
249.83  -3.093
250.04  -3.085
250.24  -3.077
250.44  -3.069
250.65  -3.061
250.85  -3.053
251.05  -3.045
251.26  -3.037
251.46  -3.029
251.66  -3.021
251.87  -3.014
252.07  -3.006
252.27  -2.998
252.48  -2.990
252.68  -2.982
252.88  -2.974
253.09  -2.966
253.29  -2.958
253.49  -2.950
253.69  -2.942
253.90  -2.934
254.10  -2.926
254.30  -2.918
254.51  -2.911
254.71  -2.904
254.91  -2.897
255.12  -2.890
255.32  -2.883
255.52  -2.876
255.73  -2.869
255.93  -2.863
256.13  -2.855
256.34  -2.848
256.54  -2.840
256.74  -2.832
256.95  -2.825
257.15  -2.817
257.35  -2.809
257.56  -2.800
257.76  -2.792
257.96  -2.784
258.17  -2.776
258.37  -2.768
258.57  -2.760
258.77  -2.752
258.98  -2.744
259.18  -2.736
259.38  -2.728
259.59  -2.720
259.79  -2.712
259.99  -2.704
260.81  -2.672
261.01  -2.664
261.21  -2.656
261.42  -2.649
261.62  -2.641
261.82  -2.633
262.03  -2.625
262.23  -2.617
262.43  -2.609
262.64  -2.602
262.84  -2.594
263.04  -2.586
263.25  -2.578
263.45  -2.570
263.65  -2.563
263.86  -2.555
264.06  -2.547
264.26  -2.539
264.46  -2.531
264.67  -2.523
264.87  -2.516
265.07  -2.508
265.28  -2.500
265.48  -2.492
265.68  -2.484
265.89  -2.476
266.09  -2.467
266.29  -2.459
266.50  -2.451
266.70  -2.442
266.90  -2.434
267.11  -2.425
267.31  -2.417
267.51  -2.408
267.72  -2.399
267.92  -2.391
268.12  -2.382
268.33  -2.373
268.53  -2.364
268.73  -2.356
268.94  -2.347
269.14  -2.338
269.34  -2.329
269.54  -2.321
269.75  -2.312
269.95  -2.303
270.15  -2.295
270.36  -2.286
270.56  -2.277
270.76  -2.268
270.97  -2.259
271.17  -2.250
271.37  -2.241
271.58  -2.232
271.78  -2.223
271.98  -2.214
272.19  -2.206
272.39  -2.197
272.59  -2.188
272.80  -2.179
273.00  -2.170
273.20  -2.162
273.41  -2.153
273.61  -2.145
273.81  -2.136
274.01  -2.128
274.22  -2.120
274.42  -2.112
274.62  -2.104
274.83  -2.096
275.03  -2.088
275.23  -2.081
275.44  -2.073
275.64  -2.065
275.84  -2.057
276.05  -2.050
276.25  -2.042
276.45  -2.034
276.66  -2.027
276.86  -2.019
277.06  -2.011
277.27  -2.003
277.47  -1.996
277.67  -1.988
277.88  -1.980
278.08  -1.972
278.28  -1.964
278.49  -1.956
278.69  -1.948
278.89  -1.939
279.10  -1.930
279.30  -1.921
279.50  -1.911
279.70  -1.902
279.91  -1.892
280.11  -1.882
280.31  -1.873
280.52  -1.863
280.72  -1.855
280.92  -1.846
281.13  -1.838
281.33  -1.830
281.53  -1.822
281.74  -1.814
281.94  -1.806
282.14  -1.798
282.35  -1.790
282.55  -1.782
282.75  -1.774
282.96  -1.766
283.16  -1.758
283.36  -1.750
283.57  -1.742
283.77  -1.733
283.97  -1.725
284.17  -1.717
284.38  -1.709
284.58  -1.701
284.78  -1.693
284.99  -1.684
285.19  -1.676
285.39  -1.667
285.60  -1.659
285.80  -1.650
286.00  -1.641
286.21  -1.632
286.41  -1.623
286.61  -1.614
286.82  -1.605
287.02  -1.596
287.22  -1.587
287.43  -1.578
287.63  -1.568
287.83  -1.559
288.04  -1.549
288.24  -1.540
288.44  -1.531
288.65  -1.521
288.85  -1.512
289.05  -1.503
289.26  -1.494
289.46  -1.485
289.66  -1.476
289.86  -1.467
290.07  -1.458
290.27  -1.449
290.47  -1.440
290.68  -1.430
290.88  -1.421
291.08  -1.411
291.29  -1.401
291.49  -1.392
291.69  -1.382
291.90  -1.373
292.10  -1.363
292.30  -1.354
292.51  -1.345
292.71  -1.335
292.91  -1.326
293.12  -1.317
293.32  -1.308
293.52  -1.299
293.73  -1.290
293.93  -1.282
294.13  -1.273
294.34  -1.265
294.54  -1.257
294.74  -1.249
294.94  -1.240
295.15  -1.232
295.35  -1.224
295.55  -1.215
295.76  -1.207
295.96  -1.198
296.16  -1.189
296.37  -1.181
296.57  -1.172
296.77  -1.163
296.98  -1.154
297.18  -1.145
297.38  -1.137
297.59  -1.128
297.79  -1.119
297.99  -1.109
298.20  -1.100
298.40  -1.091
298.60  -1.081
298.81  -1.071
299.01  -1.061
299.21  -1.051
299.41  -1.041
299.62  -1.031
299.82  -1.021
300.02  -1.011
300.23  -1.000
300.43  -0.990
300.63  -0.980
300.84  -0.970
301.04  -0.961
301.24  -0.951
301.45  -0.941
301.65  -0.931
301.85  -0.921
302.06  -0.911
302.26  -0.901
302.46  -0.891
302.67  -0.881
302.87  -0.872
303.07  -0.862
303.28  -0.853
303.48  -0.843
303.68  -0.834
303.89  -0.825
304.09  -0.816
304.29  -0.807
304.50  -0.798
304.70  -0.789
304.90  -0.780
305.10  -0.771
305.31  -0.762
305.51  -0.752
305.71  -0.743
305.92  -0.734
306.12  -0.724
306.32  -0.715
306.53  -0.705
306.73  -0.696
306.93  -0.686
307.14  -0.677
307.34  -0.667
307.54  -0.658
307.75  -0.648
307.95  -0.638
308.15  -0.628
308.36  -0.617
308.56  -0.607
308.76  -0.596
308.97  -0.585
309.17  -0.574
309.57  -0.553
309.78  -0.542
309.98  -0.532
310.18  -0.521
310.39  -0.511
310.59  -0.501
310.79  -0.490
311.00  -0.480
311.20  -0.470
311.40  -0.460
311.61  -0.450
311.81  -0.440
312.01  -0.430
312.22  -0.420
312.42  -0.411
312.62  -0.401
312.83  -0.391
313.03  -0.382
313.23  -0.372
313.44  -0.362
313.64  -0.352
313.84  -0.343
314.05  -0.333
314.25  -0.324
314.45  -0.314
314.65  -0.305
314.86  -0.296
315.06  -0.288
315.26  -0.279
315.47  -0.271
315.67  -0.263
315.87  -0.254
316.08  -0.246
316.28  -0.238
316.48  -0.230
316.69  -0.221
316.89  -0.213
317.09  -0.205
317.30  -0.197
317.50  -0.188
317.70  -0.180
317.91  -0.171
318.11  -0.161
318.31  -0.152
318.52  -0.142
318.72  -0.132
318.92  -0.122
319.13  -0.112
319.33  -0.102
319.53  -0.092
319.74  -0.083
319.94  -0.074
320.14  -0.064
320.34  -0.055
320.55  -0.046
320.75  -0.037
320.95  -0.028
321.16  -0.019
321.36  -0.010
321.56  -0.001
321.77   0.008
321.97   0.018
322.17   0.027
322.38   0.036
322.58   0.045
322.78   0.055
322.99   0.064
323.19   0.074
323.39   0.084
323.60   0.094
323.80   0.104
324.00   0.113
324.21   0.123
324.41   0.133
324.61   0.142
324.81   0.152
325.02   0.161
325.22   0.170
325.42   0.180
325.63   0.189
325.83   0.198
326.03   0.208
326.24   0.217
326.44   0.227
326.64   0.236
326.85   0.246
327.05   0.255
327.25   0.265
327.46   0.275
327.66   0.285
327.86   0.296
328.07   0.306
328.27   0.317
328.47   0.328
328.68   0.339
328.88   0.350
329.08   0.361
329.29   0.372
329.49   0.383
329.69   0.393
329.89   0.404
330.10   0.414
330.30   0.425
330.50   0.435
330.71   0.445
330.91   0.456
331.11   0.466
331.32   0.476
331.52   0.487
331.72   0.497
331.93   0.507
332.13   0.517
332.33   0.528
332.54   0.538
332.74   0.548
332.94   0.559
333.15   0.569
333.35   0.580
333.55   0.590
333.76   0.601
333.96   0.612
334.16   0.623
334.37   0.633
334.57   0.644
334.77   0.655
334.97   0.666
335.18   0.677
335.38   0.688
335.58   0.698
335.79   0.709
335.99   0.720
336.19   0.731
336.40   0.742
336.60   0.752
336.80   0.763
337.01   0.774
337.21   0.784
337.41   0.795
337.62   0.805
337.82   0.814
338.02   0.824
338.23   0.834
338.43   0.843
338.63   0.853
338.84   0.862
339.04   0.872
339.24   0.882
339.45   0.891
339.65   0.901
339.85   0.911
340.06   0.921
340.26   0.931
340.46   0.941
340.66   0.951
340.87   0.961
341.07   0.970
341.27   0.980
341.48   0.990
341.68   1.000
341.88   1.010
342.09   1.020
342.29   1.030
342.49   1.041
342.70   1.051
342.90   1.062
343.10   1.073
343.31   1.084
343.51   1.095
343.71   1.106
343.92   1.117
344.12   1.127
344.32   1.137
344.53   1.147
344.73   1.157
344.93   1.167
345.13   1.177
345.34   1.187
345.54   1.197
345.74   1.207
345.95   1.217
346.15   1.227
346.35   1.237
346.56   1.247
346.76   1.257
346.96   1.268
347.17   1.278
347.37   1.289
347.57   1.300
347.78   1.311
347.98   1.323
348.18   1.334
348.39   1.346
348.59   1.357
348.79   1.368
349.00   1.379
349.20   1.391
349.40   1.402
349.61   1.413
349.81   1.424
350.01   1.434
350.21   1.445
350.42   1.456
350.62   1.467
350.82   1.478
351.03   1.489
351.23   1.500
351.43   1.511
351.64   1.522
351.84   1.532
352.04   1.542
352.25   1.551
352.45   1.560
352.65   1.569
352.86   1.577
353.06   1.586
353.26   1.594
353.47   1.603
353.67   1.612
353.87   1.622
354.08   1.633
354.28   1.644
354.48   1.655
354.69   1.665
354.89   1.676
355.09   1.687
355.30   1.699
355.50   1.710
355.70   1.721
355.90   1.732
356.11   1.743
356.31   1.754
356.51   1.765
356.72   1.776
356.92   1.786
357.12   1.795
357.33   1.803
357.53   1.811
357.73   1.819
357.94   1.827
358.14   1.836
358.34   1.844
358.55   1.853
358.75   1.863
358.95   1.874
359.16   1.885
359.36   1.897
359.56   1.908
359.77   1.920
359.97   1.932
360.17   1.943
360.38   1.955
360.58   1.966
360.78   1.977
360.98   1.988
361.19   1.999
361.39   2.009
361.59   2.020
361.80   2.030
362.00   2.039
362.20   2.047
362.41   2.055
362.61   2.064
362.81   2.071
363.02   2.079
363.22   2.087
363.42   2.095
363.63   2.104
363.83   2.113
364.03   2.122
364.24   2.131
364.44   2.140
364.64   2.149
364.85   2.159
365.05   2.168
365.25   2.177
365.45   2.186
365.66   2.195
365.86   2.204
366.06   2.213
366.27   2.222
366.47   2.231
366.67   2.240
366.88   2.250
367.08   2.260
367.28   2.269
367.49   2.279
367.69   2.289
367.89   2.299
368.10   2.309
368.30   2.318
368.50   2.328
368.71   2.337
368.91   2.347
369.11   2.356
369.32   2.366
369.52   2.375
369.72   2.384
369.93   2.394
370.13   2.403
370.33   2.412
370.54   2.421
370.74   2.430
370.94   2.440
371.14   2.449
371.35   2.458
371.55   2.466
371.75   2.475
371.96   2.484
372.16   2.493
372.36   2.501
372.57   2.510
372.77   2.518
372.97   2.527
373.18   2.535
373.38   2.544
373.58   2.553
373.79   2.561
373.99   2.570
374.19   2.578
374.40   2.587
374.60   2.595
374.80   2.604
375.01   2.612
375.21   2.621
375.41   2.629
375.61   2.637
375.82   2.646
376.02   2.654
376.22   2.663
376.43   2.671
376.63   2.679
376.83   2.687
377.04   2.696
377.24   2.704
377.44   2.712
377.65   2.720
377.85   2.729
378.05   2.737
378.26   2.745
378.46   2.753
378.66   2.761
378.87   2.769
379.07   2.777
379.27   2.786
379.48   2.794
379.68   2.802
379.88   2.810
380.09   2.818
380.29   2.826
380.49   2.834
380.70   2.842
380.90   2.851
381.10   2.859
381.30   2.867
381.51   2.875
381.71   2.883
381.91   2.891
382.12   2.900
382.32   2.908
382.52   2.916
382.73   2.924
382.93   2.932
383.13   2.941
383.34   2.949
383.54   2.957
383.74   2.965
383.95   2.974
384.15   2.982
384.35   2.990
384.56   2.998
384.76   3.007
384.96   3.015
385.17   3.023
385.37   3.031
385.57   3.039
385.77   3.048
385.98   3.056
386.18   3.063
386.38   3.071
386.59   3.078
386.79   3.085
386.99   3.093
387.20   3.100
387.40   3.107
387.60   3.114
387.81   3.122
388.01   3.130
388.21   3.138
388.42   3.146
388.62   3.154
388.82   3.162
389.03   3.171
389.23   3.179
389.43   3.187
389.64   3.195
389.84   3.204
390.04   3.212
390.25   3.220
390.45   3.228
390.65   3.236
390.86   3.244
391.06   3.251
391.26   3.259
391.46   3.266
391.67   3.273
391.87   3.280
392.07   3.287
392.28   3.294
392.48   3.301
392.68   3.308
392.89   3.315
393.09   3.322
393.29   3.329
393.50   3.336
393.70   3.343
393.90   3.350
394.11   3.357
394.31   3.364
394.51   3.371
394.72   3.378
394.92   3.385
395.12   3.392
395.33   3.399
395.53   3.405
395.73   3.412
395.94   3.419
396.14   3.425
396.34   3.431
396.54   3.437
396.75   3.443
396.95   3.449
397.15   3.455
397.36   3.462
397.56   3.469
397.76   3.476
397.97   3.484
398.17   3.493
398.37   3.501
398.58   3.510
398.78   3.518
398.98   3.527
399.19   3.536
399.39   3.545
399.59   3.554
399.80   3.563
400.00   3.572
400.20   3.581
400.41   3.590
400.61   3.599
400.81   3.608
401.01   3.616
401.22   3.623
401.42   3.631
401.62   3.639
401.83   3.646
402.03   3.654
402.23   3.661
402.44   3.668
402.64   3.676
402.84   3.684
403.05   3.692
403.25   3.700
403.45   3.708
403.66   3.716
403.86   3.724
404.06   3.732
404.27   3.739
404.47   3.747
404.67   3.754
404.88   3.762
405.08   3.769
405.28   3.777
405.49   3.785
405.69   3.792
405.89   3.800
406.10   3.808
406.30   3.816
406.50   3.824
406.70   3.832
406.91   3.840
407.11   3.848
407.31   3.856
407.52   3.864
407.72   3.872
407.92   3.879
408.13   3.887
408.33   3.894
408.53   3.902
408.74   3.910
408.94   3.917
409.14   3.925
409.35   3.933
409.55   3.941
409.75   3.949
409.96   3.957
410.16   3.965
410.36   3.973
410.57   3.982
410.77   3.990
410.97   3.999
411.18   4.008
411.38   4.017
411.58   4.027
411.78   4.036
411.99   4.045
412.19   4.054
412.39   4.063
412.60   4.072
412.80   4.081
413.00   4.090
413.21   4.099
413.41   4.108
413.61   4.116
413.82   4.125
414.02   4.134
414.22   4.143
414.43   4.152
414.63   4.161
414.83   4.169
415.04   4.178
415.24   4.186
415.44   4.194
415.65   4.201
415.85   4.208
416.05   4.214
416.25   4.221
416.46   4.227
416.66   4.234
416.86   4.240
417.07   4.247
417.27   4.255
417.47   4.263
417.68   4.271
417.88   4.280
418.08   4.288
418.29   4.297
418.49   4.305
418.69   4.314
418.90   4.322
419.10   4.331
419.30   4.339
419.51   4.348
419.71   4.356
419.91   4.364
420.12   4.373
420.32   4.380
420.52   4.388
420.73   4.395
420.93   4.402
421.13   4.408
421.33   4.415
421.54   4.422
421.74   4.429
421.94   4.435
422.15   4.443
422.35   4.450
422.55   4.458
422.76   4.465
422.96   4.473
423.16   4.481
423.37   4.489
423.57   4.497
423.77   4.504
423.98   4.512
424.18   4.520
424.38   4.528
424.59   4.536
424.79   4.544
424.99   4.552
425.20   4.560
425.40   4.569
425.60   4.577
425.81   4.586
426.01   4.595
426.21   4.604
426.41   4.612
426.62   4.621
426.82   4.630
427.02   4.639
427.23   4.647
427.43   4.656
427.63   4.664
427.84   4.673
428.04   4.681
428.24   4.690
428.45   4.698
428.65   4.706
428.85   4.715
429.06   4.723
429.26   4.731
429.46   4.740
429.67   4.748
429.87   4.756
430.07   4.764
430.28   4.771
430.48   4.779
430.68   4.786
430.89   4.794
431.09   4.801
431.29   4.808
431.50   4.816
431.70   4.823
431.90   4.830
432.10   4.837
432.31   4.845
432.51   4.852
432.71   4.860
432.92   4.867
433.12   4.874
433.32   4.881
433.53   4.889
433.73   4.896
433.93   4.903
434.14   4.910
434.34   4.917
434.54   4.924
434.75   4.931
434.95   4.937
435.15   4.944
435.36   4.951
435.56   4.958
435.76   4.965
435.97   4.971
436.17   4.978
436.37   4.984
436.57   4.991
436.78   4.998
436.98   5.004
437.18   5.011
437.39   5.017
437.59   5.024
437.79   5.030
438.00   5.036
438.20   5.043
438.40   5.049
438.61   5.056
438.81   5.062
439.01   5.069
439.22   5.075
439.42   5.082
439.62   5.089
439.83   5.095
440.03   5.102
440.23   5.108
440.44   5.115
440.64   5.122
440.84   5.129
441.05   5.136
441.25   5.142
441.45   5.149
441.65   5.156
441.86   5.163
442.06   5.170
442.26   5.177
442.47   5.184
442.67   5.190
442.87   5.197
443.08   5.204
443.28   5.211
443.48   5.218
443.69   5.224
443.89   5.231
444.09   5.238
444.30   5.244
444.50   5.251
444.70   5.256
444.91   5.261
445.11   5.266
445.31   5.271
445.52   5.275
445.72   5.280
445.92   5.284
446.13   5.289
446.33   5.294
446.53   5.300
446.74   5.306
446.94   5.313
447.14   5.319
447.34   5.326
447.55   5.333
447.75   5.340
447.95   5.347
448.16   5.354
448.36   5.361
448.56   5.368
448.77   5.375
448.97   5.382
449.17   5.389
449.38   5.396
450.19   5.421
450.39   5.427
450.60   5.432
450.80   5.438
451.00   5.444
451.21   5.450
451.41   5.456
451.61   5.463
451.82   5.470
452.02   5.477
452.22   5.484
452.42   5.491
452.63   5.498
452.83   5.505
453.03   5.512
453.24   5.519
453.44   5.526
453.64   5.533
453.85   5.540
454.05   5.547
454.25   5.554
454.46   5.561
454.66   5.567
454.86   5.573
455.07   5.580
455.27   5.586
455.47   5.592
455.68   5.598
455.88   5.604
456.08   5.611
456.29   5.618
456.49   5.626
456.69   5.634
456.89   5.642
457.10   5.650
457.30   5.657
457.50   5.665
457.71   5.673
457.91   5.681
458.11   5.689
458.93   5.719
459.13   5.726
459.33   5.733
459.54   5.738
459.74   5.743
459.94   5.747
460.15   5.752
460.35   5.756
460.55   5.760
460.76   5.765
460.96   5.769
461.16   5.775
461.37   5.781
461.57   5.788
461.77   5.795
461.98   5.802
462.18   5.809
462.38   5.816
462.58   5.823
462.79   5.830
462.99   5.837
463.19   5.844
463.40   5.851
463.60   5.858
463.80   5.865
464.01   5.872
464.21   5.879
464.41   5.886
464.62   5.893
464.82   5.901
465.02   5.908
465.23   5.915
465.43   5.922
465.63   5.929
465.84   5.936
466.04   5.943
466.85   5.972
467.05   5.979
467.26   5.986
467.46   5.993
467.66   6.000
468.07   6.014
468.27   6.020
468.48   6.027
468.68   6.034
468.88   6.041
469.09   6.048
469.29   6.055
469.49   6.062
469.70   6.070
469.90   6.077
470.10   6.084
470.31   6.092
470.51   6.099
470.71   6.105
470.92   6.112
471.12   6.117
471.32   6.123
471.53   6.128
471.73   6.134
471.93   6.139
472.13   6.145
472.34   6.150
472.54   6.155
472.74   6.160
472.95   6.166
473.15   6.171
473.35   6.176
473.56   6.181
473.76   6.187
473.96   6.193
474.17   6.199
474.37   6.206
474.57   6.213
474.78   6.220
474.98   6.227
475.18   6.234
475.39   6.241
475.59   6.248
475.79   6.254
476.00   6.260
476.20   6.267
476.40   6.273
476.61   6.279
476.81   6.285
477.01   6.291
477.21   6.297
477.42   6.303
477.62   6.310
477.82   6.316
478.03   6.322
478.23   6.328
478.43   6.335
478.64   6.341
478.84   6.347
479.04   6.354
479.25   6.360
479.45   6.366
479.65   6.372
479.86   6.379
480.06   6.385
480.26   6.391
480.47   6.397
480.67   6.404
480.87   6.410
481.08   6.416
481.28   6.423
481.48   6.429
481.69   6.436
481.89   6.442
482.09   6.448
482.29   6.455
482.50   6.461
482.70   6.468
482.90   6.474
483.11   6.480
483.31   6.487
483.51   6.493
483.72   6.500
483.92   6.506
484.12   6.512
484.33   6.519
484.53   6.525
484.73   6.531
484.94   6.538
485.14   6.544
485.34   6.550
485.55   6.557
485.75   6.563
485.95   6.570
486.16   6.576
486.36   6.583
486.56   6.589
486.77   6.596
486.97   6.602
487.17   6.609
487.37   6.615
487.58   6.622
487.78   6.628
487.98   6.635
488.19   6.642
488.39   6.648
488.59   6.655
488.80   6.662
489.00   6.668
489.20   6.675
489.41   6.682
489.61   6.689
489.81   6.695
490.02   6.702
490.22   6.709
490.42   6.716
490.63   6.723
490.83   6.730
491.03   6.737
491.24   6.744
491.44   6.751
491.64   6.758
491.85   6.765
492.05   6.772
492.25   6.779
492.45   6.786
492.66   6.793
492.86   6.801
493.06   6.808
493.27   6.815
493.47   6.822
493.67   6.829
493.88   6.836
494.08   6.843
494.28   6.851
494.49   6.858
494.69   6.865
494.89   6.872
495.10   6.880
495.30   6.887
495.50   6.894
495.71   6.902
495.91   6.910
496.11   6.917
496.32   6.925
496.52   6.933
496.72   6.940
496.93   6.948
497.13   6.956
497.33   6.963
497.53   6.971
497.74   6.978
497.94   6.986
498.14   6.994
498.35   7.001
498.55   7.009
498.75   7.018
498.96   7.026
499.16   7.034
499.36   7.042
499.57   7.050
499.77   7.058
499.97   7.065
500.18   7.073
500.38   7.079
500.58   7.086
500.79   7.093
500.99   7.099
501.19   7.106
501.40   7.113
501.60   7.119
501.80   7.125
502.01   7.132
502.21   7.139
502.41   7.145
502.61   7.152
502.82   7.159
503.02   7.166
503.22   7.174
503.43   7.183
503.63   7.193
503.83   7.203
504.04   7.213
504.24   7.223
504.44   7.233
504.65   7.243
504.85   7.252
505.05   7.260
505.26   7.268
505.46   7.275
505.66   7.282
505.87   7.288
506.07   7.295
506.27   7.302
506.48   7.308
506.68   7.315
506.88   7.321
507.69   7.349
507.90   7.355
508.10   7.363
508.30   7.370
508.51   7.377
508.71   7.385
508.91   7.393
509.12   7.401
509.32   7.409
509.52   7.417
509.73   7.425
509.93   7.432
510.13   7.440
510.34   7.447
510.54   7.455
510.74   7.463
510.95   7.470
511.15   7.478
511.35   7.485
511.56   7.493
511.76   7.501
511.96   7.508
512.17   7.516
512.37   7.524
512.57   7.531
512.77   7.539
512.98   7.546
513.18   7.553
513.38   7.560
513.59   7.567
513.79   7.573
513.99   7.580
514.20   7.587
514.40   7.594
514.60   7.600
514.81   7.607
515.01   7.614
515.21   7.621
515.42   7.629
515.62   7.636
515.82   7.643
516.03   7.650
516.23   7.658
516.43   7.665
516.64   7.672
516.84   7.679
517.04   7.687
517.25   7.694
517.45   7.702
517.65   7.709
517.85   7.717
518.06   7.726
518.26   7.735
518.46   7.743
518.67   7.752
518.87   7.761
519.07   7.770
519.28   7.779
519.48   7.788
519.68   7.796
519.89   7.804
520.09   7.812
520.29   7.819
520.50   7.827
520.70   7.834
520.90   7.842
521.11   7.849
521.31   7.857
521.51   7.864
521.72   7.872
521.92   7.879
522.12   7.887
522.33   7.894
522.53   7.902
522.73   7.910
522.93   7.918
523.14   7.927
523.34   7.936
523.54   7.945
523.75   7.953
523.95   7.962
524.15   7.971
524.36   7.979
524.56   7.987
524.76   7.994
524.97   8.002
525.17   8.009
525.37   8.016
525.58   8.023
525.78   8.030
525.98   8.037
526.19   8.044
526.39   8.051
526.59   8.058
526.80   8.065
527.00   8.071
527.20   8.078
527.41   8.085
527.61   8.092
527.81   8.100
528.01   8.107
528.22   8.115
528.42   8.123
528.62   8.130
528.83   8.138
529.03   8.145
529.23   8.153
529.44   8.160
529.64   8.166
529.84   8.173
530.05   8.179
530.25   8.185
530.45   8.192
530.66   8.198
530.86   8.204
531.06   8.211
531.27   8.217
531.47   8.223
531.67   8.230
531.88   8.236
532.08   8.243
532.28   8.249
532.49   8.256
532.69   8.263
532.89   8.271
533.10   8.278
533.30   8.286
533.50   8.294
533.70   8.301
533.91   8.309
534.11   8.316
534.31   8.324
534.52   8.331
534.72   8.338
534.92   8.345
535.13   8.352
535.33   8.359
535.53   8.366
535.74   8.373
535.94   8.380
536.14   8.387
536.35   8.394
536.55   8.401
536.75   8.408
536.96   8.415
537.16   8.422
537.36   8.429
537.57   8.436
537.77   8.443
537.97   8.450
538.17   8.457
538.38   8.464
538.58   8.471
538.78   8.478
538.99   8.485
539.19   8.492
539.39   8.499
539.60   8.506
539.80   8.513
540.00   8.520
540.21   8.527
540.41   8.534
540.61   8.541
540.82   8.548
541.02   8.555
541.22   8.562
541.43   8.569
541.63   8.576
541.83   8.582
542.04   8.589
542.24   8.596
542.44   8.603
542.65   8.610
542.85   8.616
543.05   8.623
543.25   8.630
543.46   8.636
543.66   8.643
543.86   8.650
544.07   8.656
544.27   8.663
544.47   8.670
544.68   8.677
544.88   8.684
545.08   8.691
545.29   8.697
545.49   8.704
545.69   8.711
545.90   8.718
546.10   8.726
546.30   8.733
546.51   8.740
546.71   8.747
546.91   8.754
547.12   8.762
547.32   8.769
547.52   8.777
547.73   8.785
547.93   8.793
548.13   8.801
548.33   8.809
548.54   8.817
548.74   8.825
549.15   8.840
549.35   8.848
549.55   8.856
549.76   8.864
549.96   8.872
550.16   8.880
550.37   8.887
550.57   8.895
550.77   8.903
550.98   8.911
551.18   8.919
551.38   8.927
551.59   8.935
551.79   8.943
551.99   8.951
552.20   8.959
552.40   8.967
552.60   8.974
552.81   8.982
553.01   8.990
553.21   8.998
553.41   9.006
553.62   9.014
553.82   9.022
554.02   9.030
554.23   9.038
554.43   9.045
554.63   9.053
554.84   9.061
555.04   9.069
555.24   9.076
555.45   9.084
555.65   9.092
555.85   9.099
556.06   9.107
556.26   9.115
556.46   9.122
556.67   9.130
556.87   9.137
557.07   9.145
557.28   9.152
557.48   9.160
557.68   9.167
557.89   9.175
558.09   9.182
558.29   9.190
558.49   9.197
558.70   9.204
558.90   9.212
559.10   9.219
559.31   9.226
559.51   9.234
559.71   9.241
559.92   9.249
560.12   9.256
560.32   9.263
560.53   9.271
560.73   9.278
560.93   9.286
561.14   9.293
561.34   9.301
561.54   9.308
561.75   9.316
561.95   9.324
562.15   9.332
562.36   9.340
562.56   9.348
562.76   9.356
562.97   9.364
563.17   9.372
563.37   9.380
563.57   9.388
563.78   9.395
563.98   9.403
564.18   9.411
564.39   9.419
564.59   9.427
564.79   9.434
565.00   9.442
565.20   9.450
565.40   9.458
565.61   9.466
565.81   9.473
566.01   9.481
566.22   9.489
566.42   9.496
566.62   9.504
566.83   9.511
567.03   9.519
567.23   9.526
567.44   9.533
567.64   9.540
567.84   9.548
568.05   9.555
568.25   9.562
568.45   9.570
568.65   9.577
568.86   9.584
569.06   9.592
569.26   9.599
569.47   9.607
569.67   9.614
569.87   9.622
570.08   9.629
570.28   9.637
570.48   9.644
570.69   9.652
570.89   9.659
571.09   9.667
571.30   9.675
571.50   9.682
571.70   9.689
571.91   9.697
572.11   9.704
572.31   9.711
572.52   9.718
572.72   9.726
572.92   9.733
573.13   9.741
573.33   9.749
573.53   9.757
573.73   9.765
573.94   9.773
574.14   9.782
574.34   9.790
574.55   9.798
574.75   9.807
574.95   9.815
575.16   9.824
575.36   9.832
575.56   9.840
575.77   9.849
575.97   9.857
576.17   9.865
576.38   9.872
576.58   9.880
576.78   9.887
576.99   9.894
577.19   9.901
577.39   9.907
577.60   9.914
577.80   9.921
578.00   9.928
578.21   9.935
578.41   9.942
578.61   9.949
578.81   9.957
579.02   9.964
579.22   9.971
579.42   9.978
579.63   9.986
579.83   9.993
580.03  10.000
580.24  10.007
580.44  10.014
580.64  10.021
580.85  10.028
581.05  10.035
581.25  10.041
581.46  10.048
581.66  10.055
581.86  10.062
582.07  10.069
582.27  10.075
582.47  10.082
582.68  10.089
582.88  10.095
583.08  10.102
583.29  10.109
583.49  10.116
583.69  10.122
583.89  10.129
584.10  10.136
584.30  10.143
584.50  10.150
584.71  10.157
584.91  10.164
585.11  10.171
585.32  10.178
585.52  10.186
585.72  10.193
585.93  10.200
586.13  10.208
586.33  10.215
586.54  10.223
586.74  10.231
586.94  10.239
587.15  10.247
587.35  10.255
587.55  10.263
587.76  10.271
587.96  10.279
588.16  10.287
588.37  10.296
588.57  10.304
588.77  10.312
588.97  10.321
589.18  10.329
589.38  10.337
589.58  10.346
589.79  10.354
589.99  10.362
590.19  10.371
590.40  10.379
590.60  10.387
590.80  10.395
591.01  10.403
591.21  10.411
591.41  10.419
591.62  10.426
591.82  10.434
592.02  10.441
592.23  10.449
592.43  10.456
592.63  10.464
592.84  10.472
593.04  10.479
593.24  10.487
593.45  10.495
593.65  10.503
593.85  10.511
594.05  10.519
594.26  10.527
594.46  10.535
594.66  10.543
594.87  10.551
595.07  10.559
595.27  10.567
595.48  10.575
595.68  10.583
595.88  10.592
596.09  10.601
596.29  10.610
596.49  10.620
596.70  10.629
596.90  10.639
597.10  10.648
597.31  10.658
597.51  10.667
597.71  10.675
597.92  10.683
598.12  10.691
598.32  10.699
598.53  10.707
598.73  10.715
598.93  10.722
599.13  10.730
599.34  10.737
599.54  10.745
599.74  10.752
599.95  10.760
600.15  10.768
600.35  10.775
600.56  10.783
600.76  10.791
600.96  10.800
601.17  10.809
601.37  10.818
601.57  10.827
601.78  10.836
601.98  10.845
602.18  10.854
602.39  10.862
602.59  10.871
602.79  10.879
603.00  10.887
603.20  10.895
603.40  10.903
603.61  10.911
603.81  10.919
604.01  10.927
604.21  10.935
604.42  10.943
604.62  10.951
604.82  10.960
605.03  10.968
605.23  10.976
605.43  10.984
605.64  10.992
605.84  11.000
606.04  11.008
606.25  11.016
606.45  11.024
606.65  11.032
606.86  11.040
607.06  11.048
607.26  11.056
607.47  11.063
607.67  11.071
607.87  11.079
608.08  11.087
608.28  11.095
608.48  11.103
608.69  11.110
608.89  11.118
609.09  11.126
609.29  11.134
609.50  11.141
609.70  11.149
609.90  11.157
610.11  11.165
610.31  11.173
610.51  11.181
610.72  11.188
610.92  11.196
611.12  11.204
611.33  11.212
611.53  11.220
611.73  11.228
611.94  11.236
612.14  11.244
612.34  11.252
612.55  11.260
612.75  11.268
612.95  11.275
613.16  11.283
613.36  11.291
613.56  11.299
613.77  11.307
613.97  11.314
614.17  11.322
614.37  11.330
614.58  11.338
614.78  11.346
614.98  11.354
615.19  11.362
615.39  11.370
615.59  11.378
615.80  11.386
616.00  11.394
616.20  11.402
616.41  11.410
616.61  11.418
616.81  11.426
617.02  11.434
617.22  11.442
617.42  11.450
617.63  11.458
617.83  11.466
618.03  11.474
618.24  11.481
618.44  11.489
618.64  11.497
618.85  11.504
619.05  11.512
619.25  11.519
619.45  11.527
619.66  11.534
619.86  11.541
620.06  11.548
620.27  11.555
620.47  11.562
620.67  11.569
620.88  11.575
621.08  11.582
621.28  11.588
621.49  11.594
621.69  11.600
621.89  11.607
622.10  11.613
622.30  11.619
622.50  11.626
622.71  11.632
622.91  11.639
623.11  11.645
623.32  11.651
623.52  11.658
623.72  11.664
623.93  11.670
624.13  11.676
624.33  11.682
624.53  11.688
624.74  11.694
624.94  11.700
625.14  11.706
625.35  11.712
625.55  11.718
625.75  11.724
625.96  11.729
626.16  11.735
626.36  11.741
626.57  11.747
626.77  11.752
626.97  11.758
627.18  11.763
627.38  11.769
627.58  11.774
627.79  11.780
627.99  11.785
628.19  11.791
628.40  11.796
628.60  11.802
628.80  11.808
629.01  11.814
629.21  11.820
629.41  11.826
629.61  11.832
629.82  11.838
630.02  11.844
630.22  11.850
630.43  11.855
630.63  11.861
630.83  11.866
631.04  11.871
631.24  11.876
