  
  DOI/GTN-P Deep Borehole Array, Arctic Alaska 
             U.S. Geological Survey 
            Processed Temperature Log 
                    26-Aug-2013 
________________________________________________ 
  
Temperature Log Information: 
  Well name:   East Simpson 
  File name:   ESN_07AUG10b_c_d 
  Log date:    10-AUG-2007 
  
Contact Information: 
  Gary Clow 
  U.S. Geological Survey 
  clow@usgs.gov 
  
Definitions: 
  Depth:        Depth below local ground surface (m) 
  Temperature:  ITS-90 temperature (°C) 
________________________________________________ 
             
 Depth  Temperature 
  9.14  -8.324
  9.17  -8.324
  9.20  -8.325
  9.24  -8.325
  9.29  -8.326
  9.35  -8.326
  9.40  -8.327
  9.46  -8.327
  9.52  -8.328
  9.58  -8.329
  9.64  -8.330
  9.69  -8.330
  9.74  -8.331
  9.80  -8.332
  9.85  -8.333
  9.91  -8.334
  9.96  -8.335
 10.01  -8.336
 10.07  -8.337
 10.12  -8.338
 10.17  -8.340
 10.23  -8.341
 10.29  -8.343
 10.34  -8.344
 10.39  -8.346
 10.45  -8.347
 10.50  -8.349
 10.56  -8.351
 10.61  -8.353
 10.67  -8.354
 10.72  -8.356
 10.78  -8.358
 10.83  -8.360
 10.89  -8.362
 10.94  -8.364
 11.00  -8.366
 11.04  -8.368
 11.10  -8.370
 11.15  -8.372
 11.20  -8.374
 11.26  -8.377
 11.31  -8.379
 11.37  -8.381
 11.43  -8.383
 11.48  -8.385
 11.54  -8.388
 11.59  -8.390
 11.64  -8.392
 11.70  -8.395
 11.76  -8.397
 11.81  -8.399
 11.86  -8.402
 11.92  -8.404
 11.97  -8.407
 12.03  -8.409
 12.08  -8.412
 12.14  -8.414
 12.19  -8.417
 12.24  -8.419
 12.29  -8.422
 12.35  -8.424
 12.40  -8.427
 12.46  -8.429
 12.51  -8.432
 12.57  -8.434
 12.62  -8.437
 12.68  -8.439
 12.73  -8.442
 12.79  -8.444
 12.84  -8.447
 12.89  -8.449
 12.95  -8.452
 13.01  -8.454
 13.06  -8.457
 13.11  -8.459
 13.17  -8.461
 13.22  -8.464
 13.27  -8.466
 13.33  -8.469
 13.38  -8.471
 13.43  -8.474
 13.49  -8.476
 13.54  -8.479
 13.60  -8.481
 13.65  -8.484
 13.71  -8.486
 13.76  -8.489
 13.82  -8.492
 13.87  -8.494
 13.93  -8.497
 13.98  -8.500
 14.04  -8.502
 14.09  -8.505
 14.15  -8.507
 14.20  -8.510
 14.25  -8.513
 14.30  -8.515
 14.35  -8.518
 14.41  -8.521
 14.47  -8.523
 14.52  -8.526
 14.58  -8.529
 14.63  -8.531
 14.68  -8.534
 14.74  -8.536
 14.80  -8.539
 14.85  -8.542
 14.91  -8.544
 14.96  -8.547
 15.01  -8.549
 15.07  -8.552
 15.13  -8.554
 15.18  -8.557
 15.24  -8.559
 15.28  -8.562
 15.34  -8.564
 15.39  -8.567
 15.45  -8.569
 15.50  -8.571
 15.56  -8.574
 15.61  -8.576
 15.67  -8.578
 15.72  -8.580
 15.78  -8.582
 15.83  -8.585
 15.89  -8.587
 15.94  -8.589
 16.00  -8.591
 16.05  -8.593
 16.11  -8.595
 16.17  -8.597
 16.22  -8.599
 16.27  -8.601
 16.32  -8.603
 16.37  -8.605
 16.43  -8.607
 16.48  -8.609
 16.54  -8.611
 16.60  -8.612
 16.65  -8.614
 16.70  -8.616
 16.76  -8.618
 16.82  -8.620
 16.87  -8.621
 16.93  -8.623
 16.98  -8.625
 17.04  -8.626
 17.09  -8.628
 17.14  -8.630
 17.19  -8.631
 17.25  -8.633
 17.30  -8.635
 17.36  -8.636
 17.41  -8.638
 17.47  -8.639
 17.53  -8.641
 17.58  -8.642
 17.63  -8.644
 17.69  -8.645
 17.75  -8.647
 17.80  -8.648
 17.86  -8.650
 17.91  -8.651
 17.96  -8.653
 18.02  -8.654
 18.07  -8.656
 18.12  -8.657
 18.18  -8.659
 18.23  -8.660
 18.29  -8.662
 18.34  -8.663
 18.40  -8.664
 18.45  -8.666
 18.51  -8.667
 18.56  -8.669
 18.61  -8.670
 18.67  -8.671
 18.73  -8.673
 18.78  -8.674
 18.84  -8.676
 18.89  -8.677
 18.94  -8.678
 18.99  -8.679
 19.05  -8.681
 19.10  -8.682
 19.16  -8.683
 19.21  -8.684
 19.27  -8.685
 19.32  -8.687
 19.38  -8.688
 19.43  -8.689
 19.49  -8.690
 19.54  -8.691
 19.60  -8.692
 19.65  -8.694
 19.71  -8.695
 19.76  -8.696
 19.82  -8.697
 19.87  -8.698
 19.92  -8.699
 19.98  -8.700
 20.03  -8.701
 20.09  -8.702
 20.14  -8.703
 20.19  -8.704
 20.25  -8.706
 20.32  -8.707
 20.40  -8.708
 20.48  -8.709
 20.56  -8.711
 20.64  -8.712
 20.74  -8.713
 20.84  -8.715
 20.93  -8.716
 21.04  -8.718
 21.14  -8.720
 21.24  -8.722
 21.34  -8.723
 21.44  -8.725
 21.54  -8.727
 21.64  -8.729
 21.74  -8.731
 21.84  -8.733
 21.93  -8.736
 22.04  -8.738
 22.14  -8.740
 22.22  -8.743
 22.33  -8.745
 22.43  -8.748
 22.53  -8.750
 22.64  -8.753
 22.74  -8.756
 22.84  -8.759
 22.94  -8.762
 23.03  -8.765
 23.14  -8.768
 23.24  -8.771
 23.34  -8.774
 23.45  -8.777
 23.55  -8.780
 23.65  -8.784
 23.75  -8.787
 23.84  -8.791
 23.95  -8.794
 24.05  -8.798
 24.25  -8.805
 24.36  -8.809
 24.46  -8.813
 24.56  -8.817
 24.67  -8.821
 24.76  -8.825
 24.86  -8.829
 24.96  -8.833
 25.07  -8.837
 25.17  -8.841
 25.27  -8.845
 25.37  -8.849
 25.47  -8.853
 25.58  -8.857
 25.67  -8.861
 25.78  -8.865
 25.88  -8.869
 25.98  -8.873
 26.08  -8.876
 26.18  -8.880
 26.29  -8.884
 26.39  -8.888
 26.48  -8.892
 26.59  -8.895
 26.69  -8.899
 26.79  -8.903
 26.90  -8.906
 27.00  -8.910
 27.10  -8.914
 27.20  -8.917
 27.29  -8.921
 27.40  -8.925
 27.50  -8.928
 27.60  -8.932
 27.71  -8.935
 27.81  -8.939
 27.91  -8.942
 28.01  -8.946
 28.11  -8.949
 28.21  -8.953
 28.31  -8.956
 28.41  -8.960
 28.52  -8.963
 28.62  -8.966
 28.72  -8.969
 28.82  -8.972
 28.92  -8.976
 29.02  -8.979
 29.12  -8.982
 29.23  -8.985
 29.33  -8.988
 29.43  -8.990
 29.53  -8.993
 29.63  -8.996
 29.73  -8.999
 29.83  -9.002
 29.93  -9.004
 30.03  -9.007
 30.13  -9.010
 30.23  -9.012
 30.33  -9.015
 30.42  -9.017
 30.52  -9.020
 30.62  -9.022
 30.72  -9.025
 30.82  -9.027
 30.92  -9.030
 31.02  -9.032
 31.12  -9.035
 31.22  -9.037
 31.31  -9.039
 31.41  -9.042
 31.51  -9.044
 31.62  -9.046
 31.71  -9.048
 31.82  -9.050
 31.92  -9.053
 32.01  -9.055
 32.11  -9.057
 32.21  -9.059
 32.31  -9.061
 32.41  -9.064
 32.51  -9.066
 32.61  -9.068
 32.71  -9.070
 32.81  -9.072
 32.90  -9.074
 33.00  -9.076
 33.10  -9.078
 33.20  -9.080
 33.30  -9.082
 33.40  -9.084
 33.50  -9.086
 33.60  -9.087
 33.69  -9.089
 33.79  -9.091
 33.90  -9.093
 33.99  -9.094
 34.09  -9.096
 34.20  -9.097
 34.30  -9.099
 34.40  -9.100
 34.49  -9.102
 34.59  -9.103
 34.69  -9.104
 34.79  -9.106
 34.89  -9.107
 34.99  -9.108
 35.09  -9.109
 35.19  -9.111
 35.28  -9.112
 35.38  -9.113
 35.48  -9.114
 35.58  -9.115
 35.68  -9.116
 35.78  -9.117
 35.88  -9.118
 35.98  -9.119
 36.08  -9.120
 36.17  -9.120
 36.27  -9.121
 36.38  -9.122
 36.47  -9.122
 36.58  -9.123
 36.68  -9.124
 36.78  -9.124
 36.87  -9.125
 36.97  -9.125
 37.07  -9.125
 37.17  -9.126
 37.27  -9.126
 37.37  -9.126
 37.47  -9.127
 37.57  -9.127
 37.66  -9.127
 37.76  -9.127
 37.86  -9.127
 37.96  -9.128
 38.06  -9.128
 38.16  -9.128
 38.26  -9.128
 38.36  -9.128
 38.46  -9.128
 38.56  -9.128
 38.65  -9.128
 38.76  -9.128
 38.85  -9.128
 38.96  -9.129
 39.06  -9.129
 39.15  -9.129
 39.25  -9.129
 39.35  -9.129
 39.45  -9.129
 39.55  -9.129
 39.65  -9.129
 39.75  -9.129
 39.85  -9.129
 39.95  -9.129
 40.04  -9.129
 40.14  -9.129
 40.24  -9.129
 40.34  -9.128
 40.44  -9.128
 40.54  -9.128
 40.64  -9.128
 40.74  -9.128
 40.83  -9.128
 40.93  -9.128
 41.03  -9.128
 41.14  -9.127
 41.23  -9.127
 41.33  -9.127
 41.43  -9.127
 41.53  -9.127
 41.63  -9.127
 41.73  -9.127
 41.83  -9.126
 41.93  -9.126
 42.03  -9.126
 42.13  -9.126
 42.23  -9.126
 42.33  -9.126
 42.42  -9.126
 42.52  -9.126
 42.62  -9.125
 42.72  -9.125
 42.82  -9.125
 42.92  -9.125
 43.02  -9.125
 43.12  -9.125
 43.21  -9.124
 43.32  -9.124
 43.41  -9.124
 43.51  -9.124
 43.62  -9.123
 43.71  -9.123
 43.81  -9.123
 43.92  -9.122
 44.01  -9.122
 44.11  -9.122
 44.21  -9.122
 44.31  -9.121
 44.41  -9.121
 44.51  -9.120
 44.61  -9.120
 44.71  -9.120
 44.80  -9.119
 44.90  -9.119
 45.00  -9.118
 45.10  -9.118
 45.20  -9.117
 45.30  -9.117
 45.40  -9.116
 45.50  -9.115
 45.59  -9.115
 45.70  -9.114
 45.79  -9.114
 45.90  -9.113
 46.00  -9.112
 46.10  -9.112
 46.20  -9.111
 46.30  -9.110
 46.39  -9.110
 46.49  -9.109
 46.59  -9.108
 46.69  -9.108
 46.79  -9.107
 46.89  -9.106
 46.99  -9.106
 47.09  -9.105
 47.18  -9.104
 47.29  -9.103
 47.39  -9.103
 47.49  -9.102
 47.59  -9.101
 47.69  -9.100
 47.79  -9.100
 47.89  -9.099
 47.98  -9.098
 48.08  -9.097
 48.18  -9.096
 48.28  -9.095
 48.38  -9.095
 48.48  -9.094
 48.58  -9.093
 48.68  -9.092
 48.77  -9.091
 48.87  -9.090
 48.97  -9.089
 49.08  -9.088
 49.17  -9.087
 49.27  -9.086
 49.37  -9.085
 49.48  -9.084
 49.57  -9.083
 49.67  -9.082
 49.77  -9.081
 49.87  -9.080
 49.97  -9.079
 50.07  -9.078
 50.17  -9.077
 50.27  -9.076
 50.36  -9.075
 50.46  -9.074
 50.56  -9.072
 50.66  -9.071
 50.76  -9.070
 50.86  -9.069
 50.96  -9.068
 51.06  -9.067
 51.16  -9.065
 51.26  -9.064
 51.36  -9.063
 51.46  -9.062
 51.56  -9.060
 51.66  -9.059
 51.76  -9.058
 51.86  -9.057
 51.95  -9.055
 52.05  -9.054
 52.15  -9.053
 52.25  -9.051
 52.35  -9.050
 52.46  -9.049
 52.56  -9.047
 52.66  -9.046
 52.75  -9.045
 52.85  -9.043
 52.95  -9.042
 53.05  -9.041
 53.15  -9.039
 53.25  -9.038
 53.35  -9.037
 53.45  -9.035
 53.54  -9.034
 53.64  -9.033
 53.74  -9.031
 53.84  -9.030
 53.95  -9.029
 54.05  -9.027
 54.15  -9.026
 54.25  -9.025
 54.34  -9.023
 54.44  -9.022
 54.54  -9.021
 54.64  -9.020
 54.74  -9.018
 54.84  -9.017
 54.94  -9.016
 55.04  -9.014
 55.14  -9.013
 55.24  -9.012
 55.33  -9.011
 55.44  -9.009
 55.54  -9.008
 55.64  -9.007
 55.74  -9.005
 55.84  -9.004
 55.93  -9.003
 56.03  -9.001
 56.13  -9.000
 56.23  -8.999
 56.33  -8.997
 56.43  -8.996
 56.53  -8.994
 56.63  -8.993
 56.73  -8.991
 56.83  -8.990
 56.93  -8.989
 57.03  -8.987
 57.13  -8.986
 57.23  -8.984
 57.33  -8.983
 57.43  -8.981
 57.52  -8.980
 57.62  -8.978
 57.73  -8.976
 57.83  -8.975
 57.93  -8.973
 58.03  -8.972
 58.13  -8.970
 58.23  -8.968
 58.32  -8.967
 58.42  -8.965
 58.52  -8.963
 58.62  -8.962
 58.72  -8.960
 58.82  -8.958
 58.92  -8.957
 59.02  -8.955
 59.12  -8.953
 59.22  -8.952
 59.32  -8.950
 59.42  -8.949
 59.52  -8.947
 59.62  -8.945
 59.72  -8.944
 59.82  -8.942
 59.91  -8.940
 60.01  -8.939
 60.11  -8.937
 60.21  -8.935
 60.31  -8.934
 60.41  -8.932
 60.52  -8.930
 60.62  -8.929
 60.71  -8.927
 60.81  -8.925
 60.91  -8.923
 61.01  -8.921
 61.11  -8.919
 61.21  -8.917
 61.31  -8.915
 61.41  -8.913
 61.51  -8.911
 61.61  -8.909
 61.70  -8.907
 61.81  -8.905
 61.91  -8.903
 62.01  -8.901
 62.11  -8.899
 62.21  -8.897
 62.30  -8.895
 62.40  -8.893
 62.50  -8.891
 62.60  -8.889
 62.71  -8.887
 62.80  -8.885
 62.90  -8.882
 63.01  -8.880
 63.10  -8.878
 63.20  -8.876
 63.30  -8.874
 63.40  -8.872
 63.50  -8.869
 63.60  -8.867
 63.70  -8.865
 63.80  -8.862
 63.90  -8.860
 64.00  -8.857
 64.10  -8.855
 64.20  -8.852
 64.30  -8.850
 64.40  -8.847
 64.50  -8.844
 64.60  -8.842
 64.69  -8.839
 64.80  -8.836
 64.90  -8.834
 65.00  -8.831
 65.10  -8.828
 65.20  -8.826
 65.30  -8.823
 65.40  -8.821
 65.50  -8.818
 65.59  -8.815
 65.69  -8.813
 65.79  -8.810
 65.90  -8.808
 65.99  -8.805
 66.09  -8.803
 66.20  -8.800
 66.30  -8.798
 66.39  -8.796
 66.49  -8.793
 66.59  -8.791
 66.69  -8.788
 66.79  -8.786
 66.89  -8.784
 66.99  -8.781
 67.10  -8.779
 67.19  -8.777
 67.29  -8.775
 67.39  -8.773
 67.49  -8.771
 67.59  -8.769
 67.69  -8.767
 67.79  -8.765
 67.89  -8.763
 67.98  -8.761
 68.08  -8.759
 68.18  -8.756
 68.28  -8.754
 68.38  -8.752
 68.48  -8.750
 68.58  -8.748
 68.68  -8.745
 68.78  -8.743
 68.87  -8.740
 68.97  -8.737
 69.07  -8.735
 69.17  -8.732
 69.27  -8.729
 69.37  -8.726
 69.47  -8.723
 69.56  -8.721
 69.66  -8.718
 69.75  -8.715
 69.85  -8.712
 69.95  -8.709
 70.05  -8.706
 70.14  -8.703
 70.24  -8.700
 70.34  -8.697
 70.43  -8.694
 70.53  -8.691
 70.63  -8.688
 70.72  -8.685
 70.82  -8.683
 70.92  -8.680
 71.01  -8.677
 71.11  -8.674
 71.21  -8.671
 71.31  -8.668
 71.41  -8.665
 71.50  -8.662
 71.60  -8.660
 71.69  -8.657
 71.79  -8.654
 71.89  -8.652
 71.99  -8.649
 72.09  -8.646
 72.18  -8.644
 72.28  -8.641
 72.37  -8.639
 72.47  -8.637
 72.57  -8.634
 72.67  -8.632
 72.77  -8.629
 72.86  -8.627
 72.96  -8.625
 73.06  -8.622
 73.16  -8.620
 73.25  -8.618
 73.35  -8.616
 73.45  -8.614
 73.54  -8.612
 73.64  -8.610
 73.74  -8.608
 73.84  -8.606
 73.94  -8.604
 74.03  -8.602
 74.13  -8.600
 74.23  -8.598
 74.32  -8.596
 74.42  -8.593
 74.52  -8.591
 74.62  -8.589
 74.72  -8.587
 74.82  -8.584
 74.91  -8.582
 75.00  -8.579
 75.10  -8.576
 75.20  -8.573
 75.30  -8.570
 75.40  -8.567
 75.50  -8.564
 75.59  -8.561
 75.69  -8.558
 75.79  -8.555
 75.89  -8.552
 75.98  -8.549
 76.08  -8.546
 76.17  -8.543
 76.27  -8.539
 76.37  -8.536
 76.47  -8.533
 76.57  -8.530
 76.67  -8.526
 76.76  -8.523
 76.85  -8.520
 76.95  -8.517
 77.05  -8.514
 77.15  -8.510
 77.25  -8.507
 77.34  -8.504
 77.44  -8.501
 77.54  -8.498
 77.64  -8.495
 77.74  -8.492
 77.83  -8.489
 77.93  -8.486
 78.02  -8.484
 78.12  -8.481
 78.22  -8.479
 78.32  -8.477
 78.42  -8.475
 78.52  -8.473
 78.61  -8.471
 78.70  -8.469
 78.80  -8.467
 78.90  -8.465
 79.00  -8.463
 79.10  -8.461
 79.20  -8.459
 79.29  -8.457
 79.39  -8.455
 79.49  -8.453
 79.59  -8.451
 79.68  -8.448
 79.78  -8.446
 79.87  -8.443
 79.97  -8.441
 80.07  -8.438
 80.17  -8.435
 80.26  -8.433
 80.36  -8.430
 80.46  -8.428
 80.56  -8.425
 80.66  -8.423
 80.76  -8.420
 80.85  -8.418
 80.94  -8.415
 81.04  -8.413
 81.14  -8.410
 81.24  -8.408
 81.34  -8.405
 81.43  -8.403
 81.53  -8.401
 81.63  -8.398
 81.72  -8.396
 81.82  -8.394
 81.92  -8.392
 82.02  -8.389
 82.12  -8.387
 82.21  -8.385
 82.31  -8.383
 82.41  -8.381
 82.51  -8.378
 82.60  -8.376
 82.70  -8.374
 82.80  -8.373
 82.89  -8.371
 82.99  -8.369
 83.09  -8.367
 83.18  -8.366
 83.28  -8.364
 83.38  -8.362
 83.48  -8.360
 83.58  -8.359
 83.67  -8.357
 83.77  -8.355
 83.86  -8.353
 83.96  -8.352
 84.06  -8.350
 84.16  -8.347
 84.26  -8.345
 84.35  -8.343
 84.45  -8.340
 84.55  -8.338
 84.65  -8.335
 84.75  -8.332
 84.84  -8.329
 84.94  -8.327
 85.03  -8.324
 85.13  -8.321
 85.23  -8.318
 85.33  -8.316
 85.42  -8.313
 85.52  -8.310
 85.62  -8.307
 85.72  -8.305
 85.82  -8.302
 85.91  -8.300
 86.00  -8.297
 86.10  -8.295
 86.20  -8.293
 86.30  -8.290
 86.40  -8.288
 86.49  -8.286
 86.59  -8.284
 86.69  -8.282
 86.79  -8.279
 86.88  -8.277
 86.98  -8.275
 87.08  -8.273
 87.17  -8.270
 87.27  -8.268
 87.37  -8.266
 87.46  -8.263
 87.56  -8.261
 87.66  -8.258
 87.76  -8.256
 87.86  -8.253
 87.95  -8.251
 88.05  -8.249
 88.15  -8.246
 88.24  -8.244
 88.34  -8.241
 88.44  -8.239
 88.53  -8.236
 88.63  -8.234
 88.73  -8.232
 88.83  -8.229
 88.92  -8.227
 89.02  -8.225
 89.12  -8.223
 89.22  -8.220
 89.31  -8.218
 89.41  -8.216
 89.50  -8.214
 89.60  -8.211
 89.70  -8.209
 89.80  -8.207
 89.90  -8.204
 89.99  -8.202
 90.09  -8.200
 90.19  -8.198
 90.29  -8.195
 90.38  -8.193
 90.48  -8.191
 90.57  -8.188
 90.67  -8.186
 90.77  -8.183
 90.87  -8.181
 90.97  -8.179
 91.06  -8.176
 91.16  -8.174
 91.26  -8.171
 91.36  -8.169
 91.45  -8.166
 91.54  -8.164
 91.64  -8.161
 91.74  -8.159
 91.84  -8.156
 91.94  -8.153
 92.04  -8.150
 92.14  -8.147
 92.23  -8.144
 92.33  -8.141
 92.43  -8.137
 92.53  -8.134
 92.62  -8.131
 92.72  -8.127
 92.81  -8.124
 92.91  -8.121
 93.01  -8.117
 93.11  -8.114
 93.21  -8.111
 93.30  -8.108
 93.40  -8.105
 93.50  -8.102
 93.60  -8.099
 93.69  -8.096
 93.79  -8.094
 93.89  -8.091
 93.98  -8.089
 94.08  -8.087
 94.18  -8.085
 94.28  -8.082
 94.37  -8.080
 94.47  -8.078
 94.57  -8.075
 94.67  -8.073
 94.77  -8.071
 94.86  -8.068
 94.96  -8.066
 95.05  -8.063
 95.15  -8.060
 95.25  -8.057
 95.35  -8.054
 95.45  -8.050
 95.55  -8.047
 95.64  -8.044
 95.74  -8.040
 95.84  -8.037
 95.94  -8.033
 96.03  -8.030
 96.13  -8.027
 96.23  -8.023
 96.32  -8.020
 96.42  -8.017
 96.52  -8.014
 96.62  -8.011
 96.71  -8.008
 96.81  -8.005
 96.91  -8.002
 97.01  -8.000
 97.11  -7.997
 97.20  -7.995
 97.29  -7.993
 97.39  -7.990
 97.49  -7.988
 97.59  -7.986
 97.69  -7.983
 97.79  -7.981
 97.89  -7.979
 97.98  -7.976
 98.08  -7.974
 98.18  -7.972
 98.27  -7.969
 98.37  -7.966
 98.47  -7.964
 98.57  -7.961
 98.66  -7.959
 98.76  -7.956
 98.86  -7.953
 98.96  -7.950
 99.05  -7.948
 99.15  -7.945
 99.25  -7.942
 99.35  -7.940
 99.44  -7.937
 99.54  -7.935
 99.64  -7.932
 99.74  -7.929
 99.84  -7.927
 99.93  -7.924
100.03  -7.922
100.13  -7.920
100.23  -7.917
100.33  -7.915
100.42  -7.912
100.52  -7.910
100.61  -7.908
100.71  -7.905
100.81  -7.903
100.91  -7.900
101.01  -7.898
101.11  -7.895
101.21  -7.893
101.30  -7.890
101.40  -7.888
101.50  -7.885
101.60  -7.882
101.69  -7.880
101.79  -7.877
101.88  -7.874
101.98  -7.871
102.08  -7.868
102.18  -7.866
102.28  -7.863
102.38  -7.860
102.48  -7.857
102.57  -7.855
102.67  -7.852
102.77  -7.849
102.86  -7.846
102.96  -7.843
103.06  -7.841
103.16  -7.838
103.26  -7.835
103.35  -7.832
103.45  -7.830
103.55  -7.827
103.65  -7.824
103.75  -7.821
103.85  -7.819
103.94  -7.816
104.03  -7.813
104.13  -7.811
104.23  -7.808
104.33  -7.805
104.43  -7.803
104.53  -7.800
104.63  -7.798
104.72  -7.796
104.82  -7.793
104.92  -7.791
105.02  -7.789
105.12  -7.786
105.21  -7.784
105.31  -7.782
105.41  -7.779
105.50  -7.777
105.60  -7.775
105.70  -7.772
105.80  -7.770
105.90  -7.768
106.00  -7.765
106.10  -7.763
106.19  -7.760
106.28  -7.758
106.38  -7.755
106.48  -7.753
106.58  -7.750
106.68  -7.747
106.78  -7.745
106.87  -7.742
106.97  -7.739
107.07  -7.737
107.17  -7.734
107.26  -7.731
107.35  -7.728
107.45  -7.725
107.55  -7.722
107.65  -7.719
107.75  -7.716
107.85  -7.713
107.94  -7.710
108.04  -7.706
108.14  -7.703
108.24  -7.700
108.33  -7.696
108.43  -7.693
108.52  -7.689
108.61  -7.686
108.71  -7.683
108.81  -7.679
108.90  -7.676
109.00  -7.672
109.09  -7.669
109.19  -7.666
109.28  -7.662
109.38  -7.659
109.47  -7.656
109.57  -7.653
109.66  -7.649
109.76  -7.646
109.85  -7.643
109.95  -7.640
110.04  -7.637
110.14  -7.634
110.24  -7.630
110.33  -7.627
110.43  -7.624
110.52  -7.621
110.62  -7.618
110.71  -7.616
110.80  -7.613
110.90  -7.610
111.00  -7.608
111.09  -7.605
111.19  -7.603
111.28  -7.600
111.38  -7.598
111.48  -7.595
111.57  -7.593
111.67  -7.590
111.76  -7.588
111.86  -7.585
111.95  -7.582
112.04  -7.580
112.14  -7.577
112.24  -7.574
112.33  -7.571
112.43  -7.568
112.53  -7.564
112.62  -7.561
112.72  -7.558
112.81  -7.554
112.91  -7.551
113.00  -7.547
113.09  -7.544
113.19  -7.541
113.29  -7.538
113.38  -7.534
113.48  -7.531
113.58  -7.528
113.67  -7.525
113.77  -7.522
113.86  -7.519
113.96  -7.517
114.05  -7.514
114.14  -7.512
114.24  -7.509
114.34  -7.507
114.43  -7.504
114.53  -7.502
114.62  -7.499
114.72  -7.497
114.82  -7.495
114.91  -7.492
115.00  -7.490
115.10  -7.488
115.20  -7.485
115.29  -7.483
115.38  -7.481
115.48  -7.479
115.58  -7.476
115.67  -7.474
115.77  -7.472
115.86  -7.470
115.96  -7.467
116.06  -7.465
116.15  -7.463
116.24  -7.461
116.34  -7.458
116.43  -7.456
116.53  -7.454
116.62  -7.451
116.72  -7.449
116.82  -7.446
116.91  -7.443
117.01  -7.440
117.10  -7.437
117.20  -7.434
117.30  -7.432
117.39  -7.429
117.48  -7.425
117.57  -7.422
117.67  -7.419
117.77  -7.416
117.86  -7.413
117.96  -7.410
118.05  -7.407
118.15  -7.404
118.24  -7.401
118.34  -7.398
118.44  -7.396
118.53  -7.393
118.62  -7.390
118.71  -7.387
118.81  -7.384
118.91  -7.382
119.01  -7.379
119.10  -7.376
119.20  -7.374
119.29  -7.371
119.39  -7.368
119.48  -7.366
119.58  -7.363
119.68  -7.360
119.77  -7.358
119.86  -7.355
119.96  -7.352
120.05  -7.350
120.15  -7.347
120.25  -7.345
120.34  -7.342
120.44  -7.340
120.54  -7.337
120.63  -7.335
120.72  -7.332
120.82  -7.330
120.91  -7.327
121.01  -7.325
121.10  -7.322
121.20  -7.320
121.30  -7.317
121.39  -7.314
121.49  -7.312
121.58  -7.309
121.68  -7.306
121.78  -7.304
121.87  -7.301
121.97  -7.298
122.06  -7.295
122.15  -7.293
122.25  -7.290
122.34  -7.287
122.44  -7.285
122.54  -7.282
122.63  -7.280
122.73  -7.277
122.82  -7.275
122.92  -7.273
123.01  -7.271
123.11  -7.269
123.20  -7.267
123.29  -7.265
123.39  -7.263
123.49  -7.262
123.58  -7.260
123.68  -7.258
123.78  -7.256
123.87  -7.255
123.97  -7.253
124.06  -7.251
124.16  -7.249
124.25  -7.247
124.34  -7.246
124.44  -7.244
124.54  -7.241
124.63  -7.239
124.73  -7.237
124.83  -7.235
124.92  -7.233
125.02  -7.230
125.11  -7.228
125.21  -7.226
125.30  -7.223
125.39  -7.221
125.49  -7.219
125.59  -7.216
125.68  -7.213
125.78  -7.211
125.88  -7.208
125.97  -7.205
126.07  -7.202
126.16  -7.199
126.26  -7.195
126.35  -7.192
126.45  -7.189
126.54  -7.186
126.64  -7.182
126.73  -7.179
126.83  -7.175
126.92  -7.172
127.02  -7.169
127.12  -7.165
127.21  -7.162
127.31  -7.159
127.40  -7.156
127.50  -7.153
127.59  -7.151
127.68  -7.148
127.78  -7.146
127.87  -7.143
127.97  -7.141
128.07  -7.139
128.16  -7.136
128.26  -7.134
128.36  -7.132
128.45  -7.130
128.55  -7.127
128.65  -7.125
128.74  -7.123
128.83  -7.120
128.93  -7.118
129.02  -7.116
129.12  -7.113
129.22  -7.110
129.31  -7.108
129.41  -7.105
129.51  -7.102
129.60  -7.099
129.69  -7.097
129.79  -7.094
129.88  -7.091
129.98  -7.089
130.07  -7.086
130.17  -7.083
130.26  -7.080
130.36  -7.077
130.46  -7.075
130.55  -7.072
130.65  -7.069
130.75  -7.065
130.84  -7.062
130.94  -7.059
131.03  -7.056
131.12  -7.053
131.22  -7.050
131.31  -7.047
131.41  -7.044
131.51  -7.041
131.60  -7.038
131.70  -7.035
131.79  -7.032
131.89  -7.030
131.99  -7.027
132.08  -7.025
132.17  -7.024
132.27  -7.022
132.36  -7.021
132.46  -7.019
132.56  -7.018
132.65  -7.016
132.75  -7.015
132.85  -7.014
132.94  -7.012
133.04  -7.011
133.13  -7.009
133.22  -7.008
133.32  -7.006
133.41  -7.004
133.51  -7.002
133.61  -7.000
133.70  -6.998
133.80  -6.995
133.89  -6.992
133.99  -6.989
134.09  -6.986
134.18  -6.983
134.28  -6.980
134.37  -6.977
134.46  -6.974
134.56  -6.970
134.66  -6.967
134.75  -6.964
134.85  -6.961
134.95  -6.957
135.05  -6.954
135.14  -6.951
135.23  -6.948
135.33  -6.945
135.42  -6.942
135.51  -6.939
135.61  -6.936
135.71  -6.932
135.80  -6.929
135.90  -6.926
136.00  -6.923
136.09  -6.920
136.19  -6.917
136.29  -6.914
136.38  -6.910
136.48  -6.907
136.57  -6.904
136.66  -6.901
136.76  -6.899
136.85  -6.896
136.95  -6.893
137.04  -6.890
137.14  -6.888
137.24  -6.885
137.33  -6.882
137.43  -6.879
137.53  -6.877
137.62  -6.874
137.71  -6.871
137.81  -6.869
137.90  -6.866
138.00  -6.863
138.09  -6.860
138.19  -6.857
138.29  -6.854
138.39  -6.851
138.48  -6.848
138.58  -6.845
138.67  -6.842
138.77  -6.839
138.86  -6.836
138.95  -6.833
139.05  -6.829
139.15  -6.826
139.24  -6.823
139.34  -6.820
139.43  -6.817
139.53  -6.814
139.63  -6.811
139.72  -6.809
139.82  -6.806
139.91  -6.803
140.00  -6.801
140.10  -6.798
140.20  -6.796
140.29  -6.794
140.39  -6.791
140.49  -6.789
140.58  -6.786
140.68  -6.784
140.77  -6.781
140.87  -6.779
140.97  -6.777
141.06  -6.774
141.15  -6.771
141.25  -6.769
141.34  -6.766
141.44  -6.763
141.54  -6.760
141.63  -6.757
141.73  -6.754
141.83  -6.751
141.92  -6.749
142.02  -6.746
142.11  -6.743
142.20  -6.740
142.30  -6.737
142.39  -6.734
142.49  -6.731
142.59  -6.728
142.68  -6.725
142.78  -6.723
142.88  -6.720
142.97  -6.717
143.07  -6.715
143.17  -6.712
143.26  -6.709
143.35  -6.707
143.45  -6.704
143.54  -6.702
143.64  -6.699
143.74  -6.697
143.83  -6.694
143.93  -6.692
144.02  -6.689
144.12  -6.686
144.22  -6.684
144.31  -6.681
144.40  -6.679
144.50  -6.676
144.59  -6.673
144.69  -6.671
144.78  -6.668
144.88  -6.665
144.98  -6.663
145.07  -6.660
145.17  -6.657
145.27  -6.655
145.36  -6.652
145.46  -6.650
145.55  -6.647
145.64  -6.645
145.74  -6.642
145.83  -6.640
145.93  -6.638
146.03  -6.635
146.12  -6.633
146.22  -6.631
146.31  -6.629
146.41  -6.627
146.50  -6.624
146.59  -6.622
146.68  -6.620
146.77  -6.618
146.87  -6.616
146.96  -6.613
147.05  -6.611
147.15  -6.609
147.24  -6.607
147.33  -6.604
147.43  -6.602
147.52  -6.599
147.61  -6.597
147.71  -6.594
147.80  -6.592
147.89  -6.589
147.98  -6.586
148.07  -6.584
148.17  -6.581
148.26  -6.579
148.35  -6.576
148.45  -6.573
148.54  -6.571
148.64  -6.568
148.73  -6.565
148.82  -6.563
148.91  -6.560
149.00  -6.557
149.10  -6.554
149.19  -6.552
149.29  -6.549
149.38  -6.546
149.47  -6.544
149.57  -6.541
149.66  -6.538
149.75  -6.535
149.85  -6.533
149.94  -6.530
150.03  -6.527
150.12  -6.525
150.21  -6.522
150.31  -6.520
150.40  -6.517
150.50  -6.515
150.59  -6.513
150.68  -6.511
150.78  -6.508
150.87  -6.506
150.96  -6.504
151.05  -6.502
151.14  -6.500
151.24  -6.497
151.33  -6.495
151.42  -6.493
151.52  -6.491
151.61  -6.488
151.71  -6.486
151.80  -6.484
151.89  -6.481
151.99  -6.478
152.08  -6.476
152.17  -6.473
152.26  -6.470
152.35  -6.468
152.45  -6.465
152.54  -6.462
152.64  -6.460
152.73  -6.457
152.82  -6.454
152.92  -6.452
153.01  -6.449
153.11  -6.446
153.20  -6.444
153.29  -6.441
153.38  -6.439
153.47  -6.437
153.57  -6.434
153.66  -6.432
153.75  -6.430
153.85  -6.427
153.94  -6.425
154.04  -6.423
154.13  -6.421
154.22  -6.418
154.32  -6.416
154.40  -6.414
154.50  -6.412
154.59  -6.410
154.69  -6.407
154.78  -6.405
154.87  -6.403
154.97  -6.401
155.06  -6.399
155.15  -6.397
155.25  -6.395
155.34  -6.393
155.43  -6.391
155.52  -6.389
155.61  -6.387
155.71  -6.385
155.80  -6.383
155.90  -6.381
155.99  -6.379
156.08  -6.376
156.17  -6.374
156.27  -6.372
156.36  -6.370
156.46  -6.368
156.55  -6.365
156.64  -6.363
156.73  -6.361
156.82  -6.358
156.91  -6.356
157.01  -6.354
157.10  -6.351
157.20  -6.349
157.29  -6.347
157.38  -6.344
157.48  -6.342
157.57  -6.340
157.66  -6.337
157.75  -6.335
157.84  -6.333
157.94  -6.331
158.03  -6.328
158.13  -6.326
158.22  -6.324
158.31  -6.322
158.41  -6.320
158.50  -6.317
158.60  -6.315
158.69  -6.313
158.77  -6.311
158.87  -6.309
158.96  -6.307
159.05  -6.305
159.15  -6.303
159.24  -6.302
159.34  -6.300
159.43  -6.299
159.52  -6.297
159.62  -6.296
159.71  -6.294
159.80  -6.293
159.89  -6.292
159.98  -6.290
160.08  -6.289
160.17  -6.288
160.26  -6.286
160.36  -6.285
160.45  -6.283
160.55  -6.281
160.64  -6.280
160.73  -6.278
160.83  -6.275
160.92  -6.273
161.01  -6.270
161.10  -6.268
161.19  -6.265
161.29  -6.262
161.38  -6.260
161.47  -6.257
161.57  -6.254
161.66  -6.252
161.76  -6.249
161.85  -6.246
161.94  -6.244
162.03  -6.241
162.13  -6.239
162.22  -6.236
162.31  -6.234
162.40  -6.232
162.50  -6.229
162.59  -6.227
162.69  -6.225
162.78  -6.223
162.88  -6.221
162.97  -6.219
163.06  -6.217
163.15  -6.215
163.25  -6.213
163.34  -6.211
163.43  -6.209
163.53  -6.207
163.62  -6.205
163.71  -6.204
163.81  -6.202
163.90  -6.201
163.99  -6.199
164.09  -6.198
164.18  -6.196
164.27  -6.195
164.36  -6.193
164.45  -6.192
164.55  -6.191
164.64  -6.189
164.74  -6.188
164.83  -6.186
164.92  -6.185
165.02  -6.184
165.11  -6.182
165.20  -6.180
165.29  -6.179
165.39  -6.177
165.48  -6.175
165.57  -6.173
165.67  -6.172
165.76  -6.170
165.85  -6.168
165.95  -6.166
166.04  -6.164
166.14  -6.163
166.23  -6.161
166.32  -6.159
166.41  -6.157
166.50  -6.155
166.59  -6.153
166.69  -6.151
166.78  -6.148
166.88  -6.146
166.97  -6.144
167.06  -6.141
167.16  -6.139
167.25  -6.136
167.35  -6.134
167.44  -6.132
167.53  -6.130
167.62  -6.128
167.72  -6.127
167.80  -6.124
167.90  -6.122
167.99  -6.120
168.09  -6.118
168.18  -6.116
168.28  -6.114
168.37  -6.112
168.46  -6.110
168.55  -6.108
168.65  -6.106
168.74  -6.104
168.83  -6.102
168.92  -6.100
169.02  -6.099
169.11  -6.097
169.21  -6.095
169.30  -6.093
169.39  -6.091
169.49  -6.089
169.58  -6.087
169.67  -6.085
169.77  -6.083
169.85  -6.081
169.95  -6.079
170.04  -6.077
170.14  -6.075
170.23  -6.073
170.32  -6.071
170.42  -6.069
170.51  -6.067
170.60  -6.065
170.69  -6.063
170.79  -6.060
170.88  -6.058
170.97  -6.056
171.06  -6.054
171.16  -6.052
171.25  -6.050
171.35  -6.047
171.44  -6.045
171.54  -6.043
171.63  -6.040
171.72  -6.038
171.81  -6.036
171.90  -6.034
172.00  -6.031
172.09  -6.029
172.18  -6.027
172.27  -6.025
172.37  -6.022
172.46  -6.020
172.56  -6.018
172.65  -6.016
172.75  -6.015
172.84  -6.013
172.93  -6.011
173.02  -6.010
173.11  -6.008
173.21  -6.006
173.30  -6.005
173.39  -6.003
173.49  -6.001
173.58  -6.000
173.68  -5.998
173.77  -5.996
173.86  -5.994
173.95  -5.993
174.05  -5.991
174.14  -5.989
174.23  -5.986
174.32  -5.984
174.42  -5.982
174.51  -5.980
174.61  -5.977
174.70  -5.975
174.79  -5.972
174.89  -5.970
174.98  -5.968
175.07  -5.965
175.17  -5.963
175.26  -5.960
175.35  -5.957
175.44  -5.955
175.53  -5.952
175.63  -5.949
175.72  -5.946
175.82  -5.942
175.91  -5.939
176.01  -5.936
176.10  -5.932
176.19  -5.929
176.28  -5.926
176.38  -5.922
176.46  -5.919
176.56  -5.915
176.65  -5.912
176.75  -5.908
176.84  -5.905
176.94  -5.902
177.03  -5.900
177.12  -5.898
177.21  -5.896
177.30  -5.894
177.40  -5.893
177.49  -5.891
177.59  -5.890
177.68  -5.889
177.77  -5.887
177.87  -5.886
177.96  -5.884
178.06  -5.882
178.15  -5.881
178.24  -5.879
178.34  -5.877
178.42  -5.875
178.52  -5.872
178.61  -5.869
178.71  -5.866
178.80  -5.863
178.89  -5.859
178.99  -5.856
179.08  -5.852
179.18  -5.848
179.27  -5.845
179.36  -5.841
179.46  -5.837
179.55  -5.833
179.64  -5.830
179.73  -5.826
179.83  -5.822
179.92  -5.819
180.02  -5.815
180.11  -5.812
180.21  -5.809
180.30  -5.806
180.39  -5.803
180.48  -5.800
180.58  -5.798
180.67  -5.795
180.76  -5.792
180.86  -5.789
180.95  -5.787
181.05  -5.784
181.14  -5.781
181.23  -5.778
181.33  -5.776
181.42  -5.773
181.51  -5.770
181.61  -5.767
181.70  -5.764
181.79  -5.761
181.88  -5.758
181.98  -5.754
182.07  -5.751
182.17  -5.748
182.26  -5.745
182.36  -5.741
182.45  -5.738
182.54  -5.735
182.63  -5.732
182.72  -5.729
182.82  -5.726
182.91  -5.723
183.00  -5.720
183.10  -5.717
183.19  -5.714
183.29  -5.711
183.38  -5.708
183.47  -5.705
183.56  -5.702
183.65  -5.699
183.74  -5.697
183.83  -5.694
183.92  -5.691
184.01  -5.688
184.10  -5.685
184.19  -5.683
184.29  -5.680
184.38  -5.677
184.47  -5.674
184.56  -5.671
184.65  -5.668
184.74  -5.665
184.84  -5.662
184.92  -5.659
185.01  -5.656
185.10  -5.653
185.20  -5.650
185.29  -5.647
185.38  -5.643
185.47  -5.640
185.57  -5.637
185.66  -5.634
185.75  -5.631
185.84  -5.628
185.93  -5.625
186.02  -5.622
186.11  -5.619
186.20  -5.616
186.29  -5.613
186.38  -5.610
186.47  -5.607
186.57  -5.604
186.66  -5.601
186.75  -5.598
186.84  -5.595
186.93  -5.592
187.02  -5.589
187.11  -5.586
187.20  -5.582
187.29  -5.579
187.39  -5.576
187.48  -5.572
187.57  -5.569
187.66  -5.565
187.75  -5.561
187.84  -5.558
187.93  -5.554
188.02  -5.550
188.11  -5.546
188.20  -5.542
188.29  -5.538
188.39  -5.535
188.48  -5.531
188.57  -5.527
188.66  -5.523
188.75  -5.519
188.85  -5.515
188.94  -5.512
189.03  -5.508
189.11  -5.504
189.20  -5.500
189.30  -5.497
189.39  -5.493
189.48  -5.489
189.57  -5.486
189.66  -5.482
189.75  -5.478
189.84  -5.475
189.94  -5.471
190.03  -5.468
190.12  -5.464
190.21  -5.461
190.30  -5.458
190.39  -5.454
190.48  -5.451
190.57  -5.448
190.67  -5.445
190.76  -5.442
190.85  -5.439
190.94  -5.436
191.03  -5.433
191.12  -5.430
191.21  -5.427
191.30  -5.424
191.39  -5.421
191.49  -5.418
191.58  -5.416
191.67  -5.413
191.76  -5.410
191.85  -5.407
191.94  -5.404
192.03  -5.401
192.13  -5.398
192.21  -5.395
192.30  -5.392
192.39  -5.389
192.49  -5.386
192.58  -5.383
192.67  -5.380
192.76  -5.377
192.85  -5.374
192.94  -5.371
193.03  -5.368
193.13  -5.365
193.22  -5.362
193.30  -5.359
193.40  -5.355
193.49  -5.352
193.58  -5.349
193.67  -5.345
193.76  -5.342
193.85  -5.338
193.95  -5.335
194.04  -5.331
194.13  -5.328
194.22  -5.324
194.30  -5.321
194.39  -5.317
194.49  -5.314
194.58  -5.310
194.67  -5.307
194.77  -5.303
194.85  -5.300
194.94  -5.297
195.04  -5.293
195.13  -5.290
195.22  -5.287
195.31  -5.284
195.40  -5.280
195.49  -5.277
195.58  -5.274
195.67  -5.271
195.77  -5.267
195.86  -5.264
195.95  -5.261
196.04  -5.257
196.13  -5.254
196.22  -5.251
196.31  -5.248
196.40  -5.244
196.49  -5.241
196.58  -5.237
196.67  -5.234
196.76  -5.231
196.86  -5.227
196.95  -5.224
197.04  -5.221
197.13  -5.217
197.23  -5.214
197.32  -5.211
197.40  -5.207
197.49  -5.204
197.58  -5.201
197.68  -5.197
197.77  -5.194
197.86  -5.190
197.95  -5.187
198.04  -5.184
198.13  -5.180
198.22  -5.177
198.32  -5.173
198.41  -5.170
198.49  -5.167
198.58  -5.163
198.68  -5.160
198.77  -5.157
198.86  -5.153
198.95  -5.150
199.04  -5.147
199.14  -5.144
199.23  -5.142
199.32  -5.139
199.40  -5.137
199.49  -5.134
199.59  -5.132
199.68  -5.129
199.77  -5.127
199.86  -5.124
199.96  -5.122
200.04  -5.119
200.13  -5.117
200.23  -5.114
200.32  -5.111
200.41  -5.109
200.50  -5.106
200.59  -5.103
200.68  -5.099
200.77  -5.096
200.86  -5.092
200.95  -5.089
201.04  -5.085
201.14  -5.081
201.23  -5.077
201.32  -5.073
201.41  -5.070
201.50  -5.066
201.59  -5.062
201.68  -5.058
201.77  -5.054
201.86  -5.050
201.95  -5.046
202.05  -5.042
202.14  -5.037
202.23  -5.033
202.32  -5.029
202.41  -5.025
202.50  -5.020
202.60  -5.016
202.68  -5.012
202.77  -5.008
202.86  -5.003
202.96  -4.999
203.05  -4.995
203.14  -4.991
203.23  -4.987
203.33  -4.983
203.42  -4.979
203.50  -4.976
203.60  -4.973
203.69  -4.970
203.78  -4.967
203.87  -4.965
203.96  -4.962
204.05  -4.959
204.14  -4.957
204.24  -4.954
204.33  -4.952
204.42  -4.949
204.51  -4.947
204.60  -4.944
204.69  -4.942
204.78  -4.939
204.88  -4.936
204.97  -4.933
205.06  -4.930
205.15  -4.927
205.24  -4.924
205.33  -4.920
205.42  -4.917
205.52  -4.913
205.60  -4.910
205.69  -4.907
205.79  -4.903
205.88  -4.900
205.97  -4.896
206.06  -4.893
206.15  -4.889
206.24  -4.886
206.34  -4.882
206.43  -4.878
206.49  -4.875
