  
  DOI/GTN-P Deep Borehole Array, Arctic Alaska 
             U.S. Geological Survey 
            Processed Temperature Log 
                    26-Aug-2013 
________________________________________________ 
  
Temperature Log Information: 
  Well name:   East Simpson Test Well #1 
  File name:   ESN_89JUL23_c_d 
  Log date:    23-JUL-1989 
  
Contact Information: 
  Gary Clow 
  U.S. Geological Survey 
  clow@usgs.gov 
  
Definitions: 
  Depth:        Depth below local ground surface (m) 
  Temperature:  ITS-90 temperature (°C) 
________________________________________________ 
             
 Depth  Temperature 
 17.07  -9.860
 17.27  -9.858
 17.48  -9.855
 17.68  -9.852
 17.88  -9.849
 18.08  -9.846
 18.29  -9.842
 18.49  -9.839
 18.69  -9.836
 18.90  -9.832
 19.10  -9.829
 19.30  -9.825
 19.51  -9.822
 19.71  -9.818
 19.91  -9.814
 20.12  -9.811
 20.32  -9.807
 20.52  -9.803
 20.73  -9.799
 20.93  -9.795
 21.13  -9.791
 21.34  -9.787
 21.54  -9.783
 21.74  -9.779
 21.95  -9.775
 22.15  -9.770
 22.35  -9.766
 22.56  -9.762
 22.76  -9.758
 22.96  -9.754
 23.16  -9.749
 23.37  -9.745
 23.57  -9.741
 23.77  -9.737
 23.98  -9.732
 24.18  -9.728
 24.38  -9.723
 24.59  -9.719
 24.79  -9.714
 24.99  -9.710
 25.20  -9.705
 25.40  -9.700
 25.60  -9.695
 25.81  -9.691
 26.01  -9.686
 26.21  -9.681
 26.42  -9.676
 26.62  -9.672
 26.82  -9.667
 27.03  -9.662
 27.23  -9.657
 27.43  -9.652
 27.64  -9.647
 27.84  -9.642
 28.04  -9.637
 28.24  -9.632
 28.45  -9.627
 28.65  -9.623
 28.85  -9.618
 29.06  -9.613
 29.26  -9.608
 29.46  -9.603
 29.67  -9.598
 29.87  -9.593
 30.07  -9.588
 30.28  -9.583
 30.48  -9.578
 30.68  -9.573
 30.89  -9.568
 31.09  -9.563
 33.73  -9.506
 33.93  -9.502
 34.14  -9.498
 34.34  -9.494
 34.54  -9.489
 34.75  -9.485
 34.95  -9.481
 35.15  -9.477
 35.36  -9.473
 35.56  -9.468
 35.76  -9.464
 35.97  -9.460
 36.17  -9.455
 36.37  -9.451
 36.58  -9.447
 36.78  -9.442
 36.98  -9.438
 37.19  -9.433
 37.39  -9.428
 37.59  -9.423
 37.80  -9.418
 38.00  -9.413
 38.20  -9.408
 38.40  -9.403
 38.61  -9.398
 38.81  -9.393
 39.01  -9.388
 39.22  -9.383
 39.42  -9.379
 39.62  -9.374
 39.83  -9.369
 40.03  -9.365
 40.23  -9.360
 40.44  -9.355
 40.64  -9.351
 40.84  -9.346
 41.05  -9.342
 41.25  -9.337
 41.45  -9.333
 41.66  -9.329
 41.86  -9.324
 42.06  -9.320
 42.27  -9.316
 42.47  -9.312
 42.67  -9.308
 42.88  -9.304
 43.08  -9.300
 43.28  -9.297
 43.48  -9.293
 43.69  -9.289
 43.89  -9.285
 44.09  -9.282
 44.30  -9.278
 44.50  -9.274
 44.70  -9.270
 44.91  -9.266
 45.11  -9.263
 45.31  -9.259
 45.52  -9.255
 45.72  -9.251
 45.92  -9.248
 46.13  -9.244
 46.33  -9.240
 46.53  -9.237
 46.74  -9.233
 46.94  -9.230
 47.14  -9.226
 47.35  -9.222
 47.55  -9.219
 47.75  -9.215
 47.96  -9.212
 48.16  -9.208
 48.36  -9.204
 48.56  -9.201
 48.77  -9.197
 48.97  -9.194
 49.17  -9.190
 49.38  -9.187
 49.58  -9.183
 49.78  -9.180
 49.99  -9.176
 50.19  -9.172
 50.39  -9.169
 50.60  -9.165
 50.80  -9.162
 51.00  -9.158
 51.21  -9.154
 51.41  -9.151
 51.61  -9.147
 51.82  -9.144
 52.02  -9.140
 52.22  -9.136
 52.43  -9.132
 52.63  -9.129
 52.83  -9.125
 53.04  -9.121
 53.24  -9.117
 53.44  -9.114
 53.65  -9.110
 53.85  -9.106
 54.05  -9.102
 54.25  -9.098
 54.46  -9.094
 54.66  -9.090
 54.86  -9.086
 55.07  -9.083
 55.27  -9.079
 55.47  -9.075
 55.68  -9.070
 55.88  -9.066
 56.08  -9.062
 56.29  -9.058
 56.49  -9.054
 56.69  -9.050
 56.90  -9.046
 57.10  -9.042
 57.30  -9.037
 57.51  -9.033
 57.71  -9.029
 57.91  -9.025
 58.12  -9.020
 58.32  -9.016
 58.52  -9.012
 58.73  -9.007
 58.93  -9.003
 59.13  -8.999
 59.33  -8.994
 59.54  -8.990
 59.74  -8.985
 59.94  -8.981
 60.15  -8.976
 60.35  -8.972
 60.55  -8.967
 60.76  -8.963
 60.96  -8.958
 61.16  -8.953
 61.37  -8.949
 61.57  -8.944
 61.77  -8.940
 61.98  -8.936
 62.18  -8.931
 62.38  -8.927
 62.59  -8.923
 62.79  -8.918
 62.99  -8.914
 63.20  -8.909
 63.40  -8.904
 63.60  -8.899
 63.81  -8.894
 64.01  -8.889
 64.21  -8.884
 64.41  -8.879
 64.62  -8.874
 66.45  -8.826
 66.65  -8.822
 66.85  -8.818
 67.06  -8.814
 67.26  -8.810
 67.46  -8.806
 67.67  -8.802
 67.87  -8.798
 68.07  -8.793
 68.28  -8.787
 68.48  -8.781
 68.68  -8.774
 68.89  -8.767
 69.09  -8.761
 69.29  -8.754
 69.49  -8.747
 69.70  -8.739
 69.90  -8.732
 70.10  -8.725
 70.31  -8.718
 70.51  -8.712
 70.71  -8.705
 70.92  -8.698
 71.12  -8.692
 71.32  -8.686
 71.53  -8.681
 71.73  -8.677
 71.93  -8.673
 72.14  -8.669
 72.34  -8.665
 72.54  -8.662
 72.75  -8.658
 72.95  -8.654
 73.76  -8.633
 73.97  -8.627
 74.17  -8.622
 74.37  -8.616
 74.57  -8.610
 74.78  -8.605
 74.98  -8.600
 75.18  -8.594
 75.39  -8.589
 75.59  -8.584
 75.79  -8.578
 76.00  -8.572
 76.20  -8.567
 76.40  -8.561
 76.61  -8.555
 76.81  -8.549
 77.01  -8.543
 77.22  -8.537
 77.42  -8.532
 77.62  -8.526
 77.83  -8.520
 78.03  -8.514
 78.23  -8.509
 78.44  -8.503
 78.64  -8.498
 78.84  -8.492
 79.05  -8.487
 79.25  -8.481
 79.45  -8.476
 79.65  -8.470
 79.86  -8.465
 80.06  -8.460
 80.26  -8.454
 80.47  -8.449
 80.67  -8.444
 80.87  -8.438
 81.08  -8.433
 81.28  -8.427
 81.48  -8.421
 81.69  -8.416
 81.89  -8.410
 82.09  -8.404
 82.30  -8.398
 82.50  -8.392
 82.70  -8.387
 82.91  -8.382
 83.11  -8.377
 83.31  -8.373
 83.52  -8.368
 83.72  -8.364
 83.92  -8.359
 84.12  -8.355
 84.33  -8.351
 84.53  -8.346
 84.73  -8.342
 84.94  -8.337
 85.14  -8.333
 85.34  -8.328
 85.55  -8.324
 85.75  -8.319
 85.95  -8.314
 86.16  -8.309
 86.36  -8.304
 86.56  -8.299
 86.77  -8.293
 86.97  -8.288
 87.17  -8.282
 87.38  -8.277
 87.58  -8.271
 87.78  -8.265
 87.99  -8.260
 88.19  -8.254
 88.39  -8.249
 88.60  -8.243
 88.80  -8.238
 89.00  -8.232
 89.21  -8.227
 89.41  -8.221
 89.61  -8.215
 89.81  -8.209
 90.02  -8.204
 90.22  -8.198
 90.42  -8.192
 90.63  -8.187
 90.83  -8.181
 91.03  -8.176
 91.24  -8.171
 91.44  -8.166
 91.64  -8.161
 91.85  -8.155
 92.05  -8.150
 92.25  -8.145
 92.46  -8.140
 92.66  -8.135
 92.86  -8.130
 93.07  -8.124
 93.27  -8.119
 93.47  -8.113
 93.68  -8.108
 93.88  -8.103
 94.08  -8.097
 94.29  -8.092
 94.49  -8.086
 94.69  -8.081
 94.89  -8.076
 95.10  -8.070
 95.30  -8.065
 95.50  -8.059
 95.71  -8.053
 95.91  -8.046
 96.11  -8.039
 96.32  -8.032
 96.52  -8.024
 96.72  -8.017
 96.93  -8.010
 97.13  -8.003
 97.33  -7.996
 97.54  -7.990
 97.74  -7.985
 97.94  -7.980
 98.15  -7.976
 98.35  -7.971
 98.55  -7.966
 98.76  -7.962
 98.96  -7.957
 99.16  -7.951
 99.37  -7.945
 99.57  -7.939
 99.77  -7.933
 99.97  -7.927
100.18  -7.921
100.38  -7.915
100.58  -7.910
100.79  -7.904
100.99  -7.898
101.19  -7.892
101.40  -7.887
101.60  -7.881
101.80  -7.875
102.01  -7.870
102.21  -7.864
102.41  -7.858
102.62  -7.852
102.82  -7.846
103.02  -7.841
103.23  -7.835
103.43  -7.829
103.63  -7.823
103.84  -7.817
104.04  -7.811
104.24  -7.806
104.44  -7.800
104.65  -7.794
104.85  -7.788
105.05  -7.783
105.26  -7.777
105.46  -7.771
105.66  -7.764
105.87  -7.758
106.07  -7.752
106.27  -7.745
106.48  -7.738
106.68  -7.732
106.88  -7.725
107.09  -7.719
107.29  -7.713
107.49  -7.706
107.70  -7.700
107.90  -7.694
108.10  -7.688
108.31  -7.682
108.51  -7.676
108.71  -7.670
108.92  -7.664
109.12  -7.658
109.32  -7.652
109.52  -7.645
109.73  -7.639
109.93  -7.633
110.13  -7.627
110.34  -7.620
110.54  -7.613
110.74  -7.606
110.95  -7.599
111.15  -7.591
111.35  -7.584
111.56  -7.577
111.76  -7.570
111.96  -7.563
112.17  -7.557
112.37  -7.552
112.57  -7.546
112.78  -7.541
112.98  -7.536
113.18  -7.531
113.39  -7.526
113.59  -7.521
113.79  -7.516
114.00  -7.511
114.20  -7.505
114.40  -7.500
114.61  -7.495
114.81  -7.489
115.01  -7.483
115.21  -7.477
115.42  -7.470
115.62  -7.463
115.82  -7.456
116.03  -7.448
116.23  -7.440
116.43  -7.433
116.64  -7.425
116.84  -7.417
117.04  -7.410
117.25  -7.404
117.45  -7.397
117.65  -7.391
117.86  -7.385
118.06  -7.379
118.26  -7.373
118.47  -7.366
118.67  -7.360
118.87  -7.354
119.08  -7.348
119.28  -7.342
119.48  -7.336
119.69  -7.331
119.89  -7.325
120.09  -7.320
120.29  -7.314
120.50  -7.309
120.70  -7.304
120.90  -7.300
121.11  -7.295
121.31  -7.290
121.51  -7.286
121.72  -7.281
121.92  -7.276
122.12  -7.271
122.33  -7.267
122.53  -7.262
122.73  -7.257
122.94  -7.252
123.14  -7.247
123.34  -7.242
123.55  -7.237
123.75  -7.232
123.95  -7.227
124.16  -7.222
124.36  -7.217
124.56  -7.212
124.77  -7.206
124.97  -7.201
125.17  -7.195
125.37  -7.189
125.58  -7.183
125.78  -7.177
125.98  -7.171
126.19  -7.165
126.39  -7.159
126.59  -7.153
126.80  -7.147
127.00  -7.141
127.20  -7.135
127.41  -7.129
127.61  -7.123
127.81  -7.117
128.02  -7.111
128.22  -7.105
128.42  -7.100
128.63  -7.094
128.83  -7.088
129.03  -7.082
129.24  -7.077
129.44  -7.071
129.64  -7.065
129.85  -7.060
130.05  -7.055
130.25  -7.050
130.45  -7.045
130.66  -7.040
130.86  -7.035
131.06  -7.030
131.27  -7.026
131.47  -7.021
131.67  -7.016
131.88  -7.011
132.08  -7.006
132.28  -7.000
132.49  -6.995
132.69  -6.990
132.89  -6.984
133.10  -6.979
133.30  -6.974
133.50  -6.968
133.71  -6.963
133.91  -6.957
134.11  -6.951
134.32  -6.945
134.52  -6.939
134.72  -6.933
134.93  -6.926
135.13  -6.919
135.33  -6.912
135.53  -6.905
135.74  -6.898
135.94  -6.891
136.14  -6.884
136.35  -6.877
136.55  -6.870
136.75  -6.863
136.96  -6.856
137.16  -6.849
137.36  -6.842
137.57  -6.836
137.77  -6.829
137.97  -6.822
138.18  -6.816
138.38  -6.809
138.58  -6.802
138.79  -6.796
138.99  -6.790
139.19  -6.783
139.40  -6.777
139.60  -6.771
139.80  -6.766
140.00  -6.761
140.21  -6.756
140.41  -6.751
140.61  -6.746
140.82  -6.741
141.02  -6.736
141.22  -6.731
141.43  -6.726
141.63  -6.720
141.83  -6.715
142.04  -6.710
142.24  -6.704
142.44  -6.699
142.65  -6.694
142.85  -6.688
143.05  -6.683
143.26  -6.678
143.46  -6.673
143.66  -6.667
143.87  -6.662
144.07  -6.657
144.27  -6.652
144.48  -6.646
144.68  -6.640
144.88  -6.634
145.09  -6.628
145.29  -6.622
145.49  -6.616
145.69  -6.610
145.90  -6.604
146.10  -6.599
146.30  -6.593
146.51  -6.588
146.71  -6.583
146.91  -6.578
147.12  -6.573
147.32  -6.567
147.52  -6.562
147.73  -6.557
147.93  -6.552
148.13  -6.547
148.34  -6.542
148.54  -6.537
148.74  -6.532
148.95  -6.527
149.15  -6.521
149.35  -6.515
149.56  -6.508
149.76  -6.500
149.96  -6.492
150.17  -6.484
150.37  -6.476
150.57  -6.468
150.77  -6.461
150.98  -6.454
151.18  -6.448
151.38  -6.444
151.59  -6.440
151.79  -6.436
151.99  -6.432
152.20  -6.428
152.40  -6.425
152.60  -6.422
152.81  -6.418
153.01  -6.415
153.21  -6.411
153.42  -6.407
153.62  -6.404
153.82  -6.400
154.03  -6.396
154.23  -6.392
154.43  -6.387
154.64  -6.381
154.84  -6.375
155.04  -6.369
155.25  -6.363
155.45  -6.357
155.65  -6.350
155.85  -6.345
156.06  -6.340
156.26  -6.335
156.46  -6.331
156.67  -6.327
156.87  -6.323
157.07  -6.319
157.28  -6.315
157.48  -6.310
157.68  -6.306
157.89  -6.302
158.09  -6.297
158.29  -6.293
158.50  -6.288
158.70  -6.284
158.90  -6.279
159.11  -6.275
159.31  -6.270
159.51  -6.265
159.72  -6.260
159.92  -6.255
160.12  -6.250
160.33  -6.245
160.53  -6.239
160.73  -6.234
160.93  -6.229
161.14  -6.225
161.34  -6.220
161.54  -6.215
161.75  -6.210
161.95  -6.206
162.15  -6.201
162.36  -6.196
162.56  -6.192
162.76  -6.187
162.97  -6.182
163.17  -6.178
163.37  -6.173
163.58  -6.169
163.78  -6.164
163.98  -6.160
164.19  -6.156
164.39  -6.152
164.59  -6.148
164.80  -6.144
165.00  -6.140
165.20  -6.136
165.41  -6.132
165.61  -6.128
165.81  -6.124
166.01  -6.120
166.22  -6.116
166.42  -6.112
166.62  -6.108
166.83  -6.104
167.03  -6.100
167.23  -6.096
167.44  -6.092
167.64  -6.088
167.84  -6.083
168.05  -6.079
168.25  -6.075
168.45  -6.071
168.66  -6.067
168.86  -6.062
169.06  -6.058
169.27  -6.054
169.47  -6.050
169.67  -6.045
169.88  -6.041
170.08  -6.037
170.28  -6.032
170.49  -6.028
170.69  -6.023
170.89  -6.018
171.09  -6.014
171.30  -6.009
171.50  -6.004
171.70  -5.999
171.91  -5.994
172.11  -5.990
172.31  -5.985
172.52  -5.980
172.72  -5.975
172.92  -5.970
173.13  -5.965
173.33  -5.960
173.53  -5.955
173.74  -5.950
173.94  -5.945
174.14  -5.941
174.35  -5.936
174.55  -5.932
174.75  -5.927
174.96  -5.923
175.16  -5.918
175.36  -5.913
175.57  -5.908
175.77  -5.903
175.97  -5.897
176.17  -5.892
176.38  -5.886
176.58  -5.881
176.78  -5.875
176.99  -5.869
177.19  -5.863
177.39  -5.857
177.60  -5.851
177.80  -5.845
178.00  -5.839
178.21  -5.833
178.41  -5.827
178.61  -5.821
178.82  -5.815
179.02  -5.809
179.22  -5.803
179.43  -5.797
179.63  -5.790
179.83  -5.784
180.04  -5.778
180.24  -5.771
180.44  -5.765
180.65  -5.758
180.85  -5.752
181.05  -5.745
181.25  -5.738
181.46  -5.732
181.66  -5.725
181.86  -5.718
182.07  -5.711
182.27  -5.705
182.47  -5.698
182.68  -5.691
182.88  -5.684
183.08  -5.678
183.29  -5.671
183.49  -5.665
183.69  -5.658
183.90  -5.652
184.10  -5.646
184.30  -5.640
184.51  -5.633
184.71  -5.627
184.91  -5.621
185.12  -5.615
185.32  -5.608
185.52  -5.602
185.73  -5.595
185.93  -5.588
186.13  -5.582
186.33  -5.575
186.54  -5.568
188.98  -5.481
189.18  -5.474
189.38  -5.466
189.59  -5.459
189.79  -5.451
189.99  -5.443
190.20  -5.435
190.40  -5.427
190.60  -5.418
190.81  -5.410
191.01  -5.402
191.21  -5.393
191.41  -5.385
191.62  -5.376
191.82  -5.368
192.02  -5.360
192.23  -5.351
192.43  -5.343
192.63  -5.335
192.84  -5.327
193.04  -5.319
193.24  -5.312
193.45  -5.305
193.65  -5.299
193.85  -5.292
194.06  -5.286
194.26  -5.280
194.46  -5.274
194.67  -5.268
194.87  -5.262
195.07  -5.255
195.28  -5.249
195.48  -5.242
195.68  -5.235
195.88  -5.228
196.09  -5.221
196.29  -5.214
196.49  -5.207
196.70  -5.200
196.90  -5.193
197.10  -5.186
197.31  -5.179
197.51  -5.172
197.71  -5.165
197.92  -5.157
198.12  -5.150
198.32  -5.142
198.53  -5.134
198.73  -5.127
198.93  -5.119
199.14  -5.111
199.34  -5.103
199.54  -5.094
199.75  -5.086
199.95  -5.079
200.15  -5.071
200.36  -5.063
200.56  -5.055
200.76  -5.048
200.97  -5.040
201.17  -5.032
201.37  -5.025
201.57  -5.017
201.78  -5.010
201.98  -5.002
202.18  -4.995
202.39  -4.988
202.59  -4.981
202.79  -4.974
203.00  -4.967
203.20  -4.960
203.40  -4.954
203.61  -4.947
203.81  -4.941
204.01  -4.935
204.22  -4.928
204.42  -4.922
204.62  -4.916
204.83  -4.910
205.03  -4.904
205.23  -4.897
205.44  -4.891
205.64  -4.885
205.84  -4.879
206.05  -4.872
206.25  -4.866
206.45  -4.860
206.65  -4.854
206.86  -4.847
207.06  -4.841
207.26  -4.834
207.47  -4.828
207.67  -4.821
207.87  -4.814
208.08  -4.806
208.28  -4.799
208.48  -4.791
208.69  -4.782
208.89  -4.774
209.09  -4.766
209.30  -4.758
209.50  -4.751
209.70  -4.743
209.91  -4.737
210.11  -4.730
210.31  -4.723
210.52  -4.717
210.72  -4.711
210.92  -4.705
211.12  -4.698
211.33  -4.692
211.53  -4.686
211.73  -4.680
211.94  -4.674
212.14  -4.668
212.34  -4.662
212.55  -4.657
212.75  -4.651
212.95  -4.645
213.16  -4.639
213.36  -4.634
213.56  -4.628
213.77  -4.622
213.97  -4.617
214.17  -4.611
214.38  -4.606
214.58  -4.601
214.78  -4.595
214.99  -4.590
215.19  -4.585
215.39  -4.580
215.60  -4.575
215.80  -4.570
216.00  -4.565
216.21  -4.561
216.41  -4.556
216.61  -4.551
216.81  -4.546
217.02  -4.541
217.22  -4.537
217.42  -4.532
217.63  -4.527
217.83  -4.522
218.03  -4.518
218.24  -4.513
218.44  -4.508
218.64  -4.504
218.85  -4.499
219.05  -4.494
219.25  -4.490
219.46  -4.485
219.66  -4.481
219.86  -4.476
220.07  -4.472
220.27  -4.468
220.47  -4.463
220.68  -4.459
220.88  -4.454
221.08  -4.450
221.28  -4.446
221.49  -4.441
221.69  -4.437
221.89  -4.433
222.10  -4.428
222.30  -4.424
223.72  -4.392
223.93  -4.388
224.13  -4.383
224.33  -4.379
224.54  -4.374
224.74  -4.370
224.94  -4.365
225.15  -4.361
225.35  -4.357
225.55  -4.352
225.76  -4.348
225.96  -4.343
226.16  -4.339
226.37  -4.334
226.57  -4.330
226.77  -4.325
226.97  -4.321
227.18  -4.316
227.38  -4.312
227.58  -4.308
227.79  -4.304
227.99  -4.300
228.19  -4.296
228.40  -4.292
228.60  -4.288
228.80  -4.283
229.01  -4.279
229.21  -4.275
229.41  -4.270
229.62  -4.266
229.82  -4.261
230.02  -4.256
230.23  -4.252
230.43  -4.247
230.63  -4.242
230.84  -4.238
231.04  -4.233
231.24  -4.228
231.44  -4.224
231.65  -4.219
231.85  -4.215
232.05  -4.210
232.26  -4.206
232.46  -4.201
232.66  -4.197
232.87  -4.193
233.07  -4.189
233.27  -4.185
233.48  -4.181
233.68  -4.177
233.88  -4.173
234.09  -4.169
234.29  -4.164
234.49  -4.160
234.70  -4.155
234.90  -4.151
235.10  -4.146
235.31  -4.141
235.51  -4.136
235.71  -4.132
235.92  -4.127
236.12  -4.122
236.32  -4.117
236.53  -4.112
236.73  -4.107
236.93  -4.102
237.13  -4.097
237.34  -4.092
237.54  -4.086
237.74  -4.081
237.95  -4.076
238.15  -4.070
238.35  -4.065
238.56  -4.059
238.76  -4.053
238.96  -4.048
239.17  -4.042
239.37  -4.037
239.57  -4.031
239.78  -4.025
239.98  -4.019
240.18  -4.013
240.39  -4.008
240.59  -4.002
240.79  -3.996
241.00  -3.990
241.20  -3.984
241.40  -3.977
241.61  -3.971
241.81  -3.965
242.01  -3.959
242.21  -3.953
242.42  -3.947
242.62  -3.941
242.82  -3.934
243.03  -3.928
243.23  -3.922
243.43  -3.916
243.64  -3.910
243.84  -3.903
244.04  -3.897
244.25  -3.891
244.45  -3.884
244.65  -3.878
244.86  -3.872
245.06  -3.866
245.26  -3.860
245.47  -3.854
245.67  -3.848
246.28  -3.830
246.48  -3.825
246.69  -3.819
246.89  -3.814
247.09  -3.809
247.29  -3.804
247.50  -3.800
247.70  -3.796
247.90  -3.791
248.11  -3.787
248.31  -3.783
248.51  -3.779
248.72  -3.775
248.92  -3.770
249.12  -3.766
249.33  -3.762
249.53  -3.758
249.73  -3.754
249.94  -3.750
250.14  -3.745
250.34  -3.741
250.55  -3.737
250.75  -3.733
250.95  -3.729
251.16  -3.725
251.36  -3.721
251.56  -3.716
251.76  -3.712
251.97  -3.707
252.17  -3.702
252.37  -3.697
252.58  -3.692
252.78  -3.686
252.98  -3.681
253.19  -3.676
253.39  -3.671
253.59  -3.666
253.80  -3.661
254.00  -3.656
254.20  -3.652
254.41  -3.647
254.61  -3.642
254.81  -3.638
255.02  -3.633
255.22  -3.629
255.42  -3.624
255.63  -3.620
255.83  -3.615
256.03  -3.611
256.24  -3.607
256.44  -3.602
256.64  -3.598
256.85  -3.594
257.05  -3.590
257.25  -3.586
257.45  -3.582
257.66  -3.578
257.86  -3.575
258.06  -3.571
258.27  -3.567
258.47  -3.563
258.67  -3.559
258.88  -3.556
259.08  -3.552
259.28  -3.548
259.49  -3.544
259.69  -3.540
259.89  -3.536
260.10  -3.532
260.30  -3.528
260.50  -3.524
260.71  -3.520
260.91  -3.516
261.11  -3.512
261.32  -3.507
261.52  -3.503
261.72  -3.498
261.93  -3.493
262.13  -3.488
262.33  -3.483
262.53  -3.479
262.74  -3.474
262.94  -3.469
263.14  -3.464
263.35  -3.459
263.55  -3.454
263.75  -3.449
263.96  -3.445
264.16  -3.440
264.36  -3.435
264.57  -3.431
264.77  -3.426
264.97  -3.421
265.18  -3.417
265.38  -3.412
265.58  -3.408
265.79  -3.403
265.99  -3.399
266.19  -3.394
266.40  -3.390
266.60  -3.387
266.80  -3.383
267.00  -3.380
267.21  -3.376
267.41  -3.373
267.61  -3.370
267.82  -3.366
268.02  -3.362
268.22  -3.358
268.43  -3.354
268.63  -3.349
268.83  -3.345
269.04  -3.340
269.24  -3.335
269.44  -3.330
269.65  -3.325
269.85  -3.320
270.05  -3.315
270.26  -3.310
270.46  -3.305
270.66  -3.300
270.87  -3.295
271.07  -3.290
271.27  -3.284
271.48  -3.279
271.68  -3.274
271.88  -3.268
272.09  -3.263
272.29  -3.257
272.49  -3.252
272.69  -3.246
272.90  -3.241
273.10  -3.235
273.30  -3.230
273.51  -3.224
273.71  -3.219
273.91  -3.214
274.12  -3.208
274.32  -3.203
276.15  -3.151
276.35  -3.145
276.56  -3.139
276.76  -3.132
276.96  -3.126
277.16  -3.119
277.37  -3.113
277.57  -3.106
277.77  -3.099
277.98  -3.092
278.18  -3.086
278.38  -3.079
278.79  -3.065
278.99  -3.058
279.20  -3.051
279.40  -3.044
279.60  -3.037
279.81  -3.030
280.01  -3.023
280.21  -3.016
280.42  -3.009
280.62  -3.002
280.82  -2.996
281.03  -2.990
281.23  -2.985
281.43  -2.982
281.64  -2.978
281.84  -2.974
282.04  -2.971
282.25  -2.967
282.45  -2.963
282.65  -2.958
282.85  -2.952
283.06  -2.945
283.26  -2.937
283.46  -2.929
283.67  -2.921
283.87  -2.912
284.07  -2.904
284.28  -2.895
284.48  -2.887
284.68  -2.879
284.89  -2.871
285.09  -2.863
285.29  -2.854
285.50  -2.846
285.70  -2.839
285.90  -2.832
286.11  -2.826
286.31  -2.820
286.51  -2.815
286.72  -2.810
286.92  -2.805
287.12  -2.800
287.32  -2.795
287.53  -2.790
287.73  -2.783
287.93  -2.777
288.14  -2.770
288.34  -2.762
288.54  -2.755
288.75  -2.748
288.95  -2.740
289.15  -2.733
289.36  -2.726
289.56  -2.718
289.76  -2.711
289.97  -2.704
290.17  -2.697
290.37  -2.689
290.58  -2.682
290.78  -2.675
290.98  -2.669
291.19  -2.662
291.39  -2.656
291.59  -2.649
291.80  -2.643
292.00  -2.637
292.20  -2.630
292.40  -2.623
292.61  -2.615
292.81  -2.608
293.01  -2.599
293.22  -2.591
293.42  -2.583
293.62  -2.574
293.83  -2.566
294.03  -2.558
294.23  -2.549
294.44  -2.541
294.64  -2.532
294.84  -2.524
295.05  -2.515
295.25  -2.507
295.45  -2.499
295.66  -2.491
295.86  -2.484
296.06  -2.477
296.27  -2.470
296.47  -2.463
296.67  -2.457
296.88  -2.450
297.08  -2.443
297.28  -2.436
297.49  -2.429
297.69  -2.422
297.89  -2.414
298.09  -2.406
298.30  -2.399
298.50  -2.391
298.70  -2.384
298.91  -2.376
299.11  -2.369
299.31  -2.362
299.52  -2.355
299.72  -2.348
299.92  -2.341
300.13  -2.334
300.33  -2.328
300.53  -2.321
300.74  -2.315
300.94  -2.309
301.14  -2.303
301.35  -2.297
301.55  -2.291
301.75  -2.286
301.96  -2.280
302.16  -2.274
302.36  -2.268
302.56  -2.263
302.77  -2.257
302.97  -2.251
303.17  -2.245
303.38  -2.239
303.58  -2.233
303.78  -2.227
303.99  -2.221
304.19  -2.215
304.39  -2.209
304.60  -2.203
304.80  -2.197
305.00  -2.191
305.21  -2.185
305.41  -2.178
305.61  -2.171
305.82  -2.164
306.02  -2.156
306.22  -2.148
306.43  -2.141
306.63  -2.133
306.83  -2.126
307.04  -2.118
307.24  -2.111
307.44  -2.105
307.64  -2.099
307.85  -2.092
308.05  -2.086
308.25  -2.080
308.46  -2.073
308.66  -2.067
308.86  -2.061
309.07  -2.055
309.27  -2.048
309.47  -2.042
309.68  -2.035
309.88  -2.029
310.08  -2.022
310.29  -2.015
310.49  -2.007
310.69  -1.998
310.90  -1.990
311.10  -1.981
311.30  -1.972
311.51  -1.964
311.71  -1.955
311.91  -1.947
312.12  -1.940
312.32  -1.933
312.52  -1.926
312.73  -1.920
312.93  -1.914
313.13  -1.907
313.33  -1.901
313.54  -1.895
313.74  -1.889
313.94  -1.883
314.15  -1.876
314.35  -1.870
314.55  -1.864
314.76  -1.858
314.96  -1.851
315.16  -1.845
315.37  -1.838
315.57  -1.830
315.77  -1.823
315.98  -1.815
316.18  -1.808
316.38  -1.800
316.59  -1.793
316.79  -1.785
316.99  -1.778
317.20  -1.771
317.40  -1.765
317.60  -1.758
317.81  -1.751
318.01  -1.744
318.21  -1.738
318.41  -1.731
318.62  -1.724
318.82  -1.717
319.02  -1.710
319.23  -1.703
319.43  -1.696
319.63  -1.688
319.84  -1.681
320.04  -1.673
320.24  -1.665
320.45  -1.657
320.65  -1.649
320.85  -1.640
321.06  -1.632
321.26  -1.623
321.46  -1.615
321.67  -1.606
321.87  -1.599
322.07  -1.591
322.28  -1.584
322.48  -1.576
322.68  -1.569
322.88  -1.561
323.09  -1.554
323.29  -1.546
323.49  -1.539
323.70  -1.532
323.90  -1.525
324.10  -1.517
324.31  -1.510
324.51  -1.502
324.71  -1.495
324.92  -1.486
325.12  -1.477
325.32  -1.467
325.53  -1.457
325.73  -1.447
325.93  -1.437
326.14  -1.428
326.34  -1.418
326.54  -1.410
326.75  -1.402
326.95  -1.396
327.15  -1.390
327.36  -1.385
327.56  -1.380
327.76  -1.374
327.97  -1.370
328.17  -1.365
328.37  -1.360
328.57  -1.355
328.78  -1.350
328.98  -1.345
329.18  -1.340
329.39  -1.335
329.59  -1.330
329.79  -1.324
330.00  -1.317
330.20  -1.310
330.40  -1.302
330.61  -1.294
330.81  -1.286
331.01  -1.278
331.22  -1.271
331.42  -1.263
331.62  -1.257
331.83  -1.251
332.03  -1.245
332.23  -1.239
332.44  -1.234
332.64  -1.228
332.84  -1.223
333.05  -1.217
333.25  -1.211
333.45  -1.205
333.65  -1.199
333.86  -1.193
334.06  -1.187
334.26  -1.181
334.47  -1.175
334.67  -1.168
334.87  -1.162
335.08  -1.155
335.28  -1.148
335.48  -1.141
335.69  -1.134
335.89  -1.127
336.09  -1.119
336.30  -1.112
336.50  -1.105
336.70  -1.098
336.91  -1.092
337.11  -1.085
337.31  -1.078
337.52  -1.071
337.72  -1.064
337.92  -1.057
338.12  -1.050
338.33  -1.043
338.53  -1.036
338.73  -1.029
338.94  -1.022
339.14  -1.016
339.34  -1.009
339.55  -1.002
339.75  -0.995
339.95  -0.989
340.16  -0.982
340.36  -0.976
340.56  -0.970
340.77  -0.963
340.97  -0.957
341.17  -0.950
341.38  -0.944
341.58  -0.937
341.78  -0.930
341.99  -0.923
342.19  -0.917
342.39  -0.910
342.60  -0.903
342.80  -0.896
343.00  -0.889
343.20  -0.882
343.41  -0.874
343.61  -0.867
343.81  -0.860
344.02  -0.852
344.22  -0.845
344.42  -0.837
344.63  -0.829
344.83  -0.821
345.03  -0.813
345.24  -0.804
345.44  -0.796
345.64  -0.788
345.85  -0.779
346.05  -0.771
346.25  -0.762
346.46  -0.754
346.66  -0.746
346.86  -0.737
347.07  -0.729
347.27  -0.721
347.47  -0.713
347.68  -0.705
347.88  -0.696
348.08  -0.688
348.28  -0.680
348.49  -0.672
348.69  -0.664
348.89  -0.656
349.10  -0.648
349.30  -0.640
349.50  -0.632
349.71  -0.625
349.91  -0.618
350.11  -0.611
350.32  -0.604
350.52  -0.597
350.72  -0.589
350.93  -0.582
351.13  -0.575
351.33  -0.567
351.54  -0.559
351.74  -0.552
351.94  -0.544
352.15  -0.536
352.35  -0.528
352.55  -0.521
352.76  -0.513
352.96  -0.505
353.16  -0.497
353.37  -0.489
353.57  -0.481
353.77  -0.474
353.97  -0.466
354.18  -0.458
354.38  -0.451
354.58  -0.443
354.79  -0.436
354.99  -0.429
355.19  -0.422
355.40  -0.414
355.60  -0.407
355.80  -0.399
356.01  -0.391
356.21  -0.383
356.41  -0.374
356.62  -0.366
356.82  -0.357
357.02  -0.348
357.23  -0.339
357.43  -0.331
357.63  -0.322
357.84  -0.313
358.04  -0.304
358.24  -0.296
358.44  -0.287
358.65  -0.278
358.85  -0.269
359.05  -0.261
359.26  -0.252
359.46  -0.243
359.66  -0.235
359.87  -0.227
360.07  -0.218
360.27  -0.210
360.48  -0.202
360.68  -0.194
360.88  -0.186
361.09  -0.178
361.29  -0.170
361.49  -0.162
361.70  -0.154
361.90  -0.146
362.10  -0.138
362.31  -0.131
362.51  -0.123
362.71  -0.116
362.92  -0.108
363.12  -0.100
363.32  -0.093
363.53  -0.085
363.73  -0.077
363.93  -0.069
364.13  -0.061
364.34  -0.052
364.54  -0.043
364.74  -0.034
364.95  -0.025
365.15  -0.016
365.35  -0.007
365.56   0.002
365.76   0.010
365.96   0.018
366.17   0.025
366.37   0.033
366.57   0.040
366.78   0.048
366.98   0.055
367.18   0.062
367.39   0.070
367.59   0.078
367.79   0.085
368.00   0.093
368.20   0.101
368.40   0.108
368.61   0.116
368.81   0.125
369.01   0.133
369.21   0.142
369.42   0.152
369.62   0.161
369.82   0.170
370.03   0.180
370.23   0.189
370.43   0.198
370.64   0.207
370.84   0.216
371.04   0.224
371.25   0.233
371.45   0.241
371.65   0.250
371.86   0.258
372.06   0.267
372.26   0.275
372.47   0.284
372.67   0.293
372.87   0.301
373.08   0.310
373.28   0.318
373.48   0.327
373.69   0.335
373.89   0.344
374.09   0.352
374.29   0.361
374.50   0.370
374.70   0.378
374.90   0.387
375.11   0.395
375.31   0.404
375.51   0.412
375.72   0.421
375.92   0.429
376.12   0.437
376.33   0.446
376.53   0.454
376.73   0.462
376.94   0.471
377.14   0.479
377.34   0.488
377.55   0.496
377.75   0.505
377.95   0.513
378.16   0.522
378.36   0.530
378.56   0.539
378.76   0.548
378.97   0.557
379.17   0.566
379.37   0.576
379.58   0.585
379.78   0.594
379.98   0.603
380.19   0.612
380.39   0.621
380.59   0.630
380.80   0.639
381.00   0.648
381.20   0.657
381.41   0.665
381.61   0.674
381.81   0.682
382.02   0.691
382.22   0.699
382.42   0.708
382.63   0.716
382.83   0.725
383.03   0.733
383.24   0.741
383.44   0.748
383.64   0.754
383.84   0.760
384.05   0.766
384.25   0.772
384.45   0.778
384.66   0.784
384.86   0.790
385.06   0.796
385.27   0.804
385.47   0.812
385.67   0.820
385.88   0.829
386.08   0.838
386.28   0.847
386.49   0.856
386.69   0.865
386.89   0.873
387.10   0.882
387.30   0.891
387.50   0.900
387.71   0.909
387.91   0.917
388.11   0.926
388.32   0.934
388.52   0.942
388.72   0.950
388.93   0.958
389.13   0.966
389.33   0.973
389.53   0.981
389.74   0.988
389.94   0.996
390.14   1.003
390.35   1.010
390.55   1.018
390.75   1.025
390.96   1.033
391.16   1.040
391.36   1.048
391.57   1.055
391.77   1.062
391.97   1.069
392.18   1.077
392.38   1.084
392.58   1.091
392.79   1.099
392.99   1.106
393.19   1.115
393.40   1.124
393.60   1.133
393.80   1.143
394.00   1.153
394.21   1.162
394.41   1.172
394.61   1.182
394.82   1.191
395.02   1.199
395.22   1.207
395.43   1.214
395.63   1.222
395.83   1.229
396.04   1.236
396.24   1.243
396.44   1.251
396.65   1.258
396.85   1.265
397.05   1.272
397.26   1.280
397.46   1.287
397.66   1.295
397.87   1.302
398.07   1.310
398.27   1.319
398.48   1.328
398.68   1.337
398.88   1.346
399.08   1.355
399.29   1.364
399.49   1.373
399.69   1.382
399.90   1.391
400.10   1.399
400.30   1.407
400.51   1.415
400.71   1.424
400.91   1.432
401.12   1.440
401.32   1.448
401.52   1.457
401.73   1.465
401.93   1.473
402.13   1.482
402.34   1.490
402.54   1.499
402.74   1.508
402.95   1.517
403.15   1.526
403.35   1.535
403.56   1.545
403.76   1.554
403.96   1.564
404.17   1.573
404.37   1.582
404.57   1.592
404.77   1.601
404.98   1.610
405.18   1.618
405.38   1.627
405.59   1.636
405.79   1.644
405.99   1.653
406.20   1.662
406.40   1.670
406.60   1.679
406.81   1.688
407.01   1.696
407.21   1.705
407.42   1.714
407.62   1.722
407.82   1.731
408.03   1.739
408.23   1.748
408.43   1.756
408.64   1.765
408.84   1.773
409.04   1.782
409.25   1.790
409.45   1.799
409.65   1.808
409.85   1.817
410.06   1.826
410.26   1.835
410.46   1.844
410.67   1.852
410.87   1.861
411.07   1.870
411.28   1.879
411.68   1.896
411.89   1.905
412.09   1.913
412.29   1.921
412.50   1.929
412.70   1.937
412.90   1.944
413.11   1.951
413.31   1.957
413.51   1.964
413.72   1.970
413.92   1.977
414.12   1.983
414.32   1.989
414.53   1.996
414.73   2.003
414.93   2.010
415.14   2.017
415.34   2.024
415.54   2.031
415.75   2.038
415.95   2.045
416.15   2.052
416.36   2.059
416.56   2.066
416.76   2.072
416.97   2.079
417.17   2.087
417.37   2.094
417.58   2.101
417.78   2.108
417.98   2.116
418.19   2.124
418.39   2.131
418.59   2.139
418.80   2.147
419.00   2.155
419.20   2.162
419.41   2.170
419.61   2.177
419.81   2.185
420.01   2.192
420.22   2.200
420.42   2.207
420.62   2.215
420.83   2.222
421.03   2.230
421.23   2.237
421.44   2.244
421.64   2.252
421.84   2.259
422.05   2.267
422.25   2.274
422.45   2.282
422.66   2.289
422.86   2.296
423.06   2.304
423.27   2.311
423.47   2.318
423.67   2.325
423.88   2.333
424.08   2.340
424.28   2.347
424.49   2.355
424.69   2.362
424.89   2.369
425.09   2.377
425.30   2.384
425.50   2.392
425.70   2.399
425.91   2.406
426.11   2.414
426.31   2.421
426.52   2.428
426.72   2.436
426.92   2.443
427.13   2.450
427.33   2.457
427.53   2.465
427.74   2.472
427.94   2.479
428.14   2.486
428.35   2.494
428.55   2.501
428.75   2.508
428.96   2.515
429.16   2.522
429.36   2.529
429.57   2.536
429.77   2.543
429.97   2.550
430.17   2.557
430.38   2.564
430.58   2.572
430.78   2.579
430.99   2.586
431.19   2.593
431.39   2.600
431.60   2.607
431.80   2.615
432.00   2.622
432.21   2.630
432.41   2.638
432.61   2.646
432.82   2.654
433.02   2.662
433.22   2.670
433.43   2.679
433.63   2.687
433.83   2.695
434.04   2.703
434.24   2.710
434.44   2.718
434.65   2.725
434.85   2.732
435.05   2.740
435.25   2.747
435.46   2.754
435.66   2.761
435.86   2.768
436.07   2.775
436.27   2.782
436.47   2.789
436.68   2.795
436.88   2.802
437.08   2.808
437.29   2.815
437.49   2.821
437.69   2.828
437.90   2.834
438.10   2.840
438.30   2.846
438.51   2.852
438.71   2.858
438.91   2.864
439.12   2.870
439.32   2.875
439.52   2.881
439.73   2.887
439.93   2.892
440.13   2.898
440.33   2.904
440.54   2.910
440.74   2.916
440.94   2.922
441.15   2.928
441.35   2.934
441.55   2.940
441.76   2.947
441.96   2.954
442.16   2.962
442.37   2.970
442.57   2.978
442.77   2.987
442.98   2.995
443.18   3.004
443.38   3.013
443.59   3.021
443.79   3.030
443.99   3.038
444.20   3.046
444.40   3.054
444.60   3.062
444.81   3.069
445.01   3.077
445.21   3.085
445.41   3.093
445.62   3.101
445.82   3.108
446.02   3.116
446.23   3.124
446.43   3.131
446.63   3.138
446.84   3.146
447.04   3.152
447.24   3.159
447.45   3.165
447.65   3.171
447.85   3.178
448.06   3.184
448.26   3.190
448.46   3.196
448.67   3.203
448.87   3.209
449.07   3.216
449.28   3.222
449.48   3.229
449.68   3.236
449.88   3.243
450.09   3.250
450.29   3.257
450.49   3.264
450.70   3.271
450.90   3.278
451.10   3.286
451.31   3.293
451.51   3.301
451.71   3.309
451.92   3.318
452.12   3.326
452.32   3.336
452.53   3.345
452.73   3.354
452.93   3.363
453.14   3.372
453.34   3.382
453.54   3.390
453.75   3.399
453.95   3.408
454.15   3.416
454.36   3.425
454.56   3.433
454.76   3.441
454.97   3.450
455.17   3.458
455.37   3.467
455.57   3.475
455.78   3.484
455.98   3.492
456.18   3.500
456.39   3.508
456.59   3.516
456.79   3.524
457.00   3.532
457.20   3.540
457.40   3.547
457.61   3.555
457.81   3.563
458.01   3.570
458.22   3.578
458.42   3.586
458.62   3.593
458.83   3.601
459.03   3.609
459.23   3.617
459.44   3.625
459.64   3.633
459.84   3.641
460.05   3.649
460.86   3.680
461.06   3.688
461.26   3.696
461.47   3.704
461.67   3.711
461.87   3.719
462.08   3.726
462.28   3.734
462.48   3.742
462.69   3.749
462.89   3.757
463.09   3.765
463.30   3.772
463.50   3.780
463.70   3.788
463.91   3.796
464.11   3.804
464.31   3.812
464.52   3.820
464.72   3.828
464.92   3.836
465.12   3.844
465.33   3.852
465.53   3.859
465.73   3.867
465.94   3.875
466.14   3.883
466.34   3.891
466.55   3.898
466.75   3.906
466.95   3.913
467.16   3.921
467.36   3.928
467.56   3.936
467.77   3.943
467.97   3.951
468.17   3.958
468.38   3.966
468.58   3.974
468.78   3.981
468.99   3.989
469.19   3.996
469.39   4.004
469.60   4.012
469.80   4.019
470.00   4.027
470.21   4.035
470.41   4.042
470.61   4.050
470.81   4.057
471.02   4.065
471.22   4.073
471.42   4.080
471.63   4.088
471.83   4.096
472.03   4.104
472.24   4.111
472.44   4.119
472.64   4.127
472.85   4.135
473.05   4.142
473.25   4.150
473.46   4.158
473.66   4.165
473.86   4.173
474.07   4.181
474.27   4.188
474.47   4.196
474.68   4.204
474.88   4.211
475.08   4.219
475.28   4.226
475.49   4.234
475.69   4.241
475.89   4.248
476.10   4.255
476.30   4.263
476.50   4.270
476.71   4.277
476.91   4.284
477.11   4.290
477.32   4.297
477.52   4.304
477.72   4.311
477.93   4.318
478.13   4.325
478.33   4.332
478.54   4.338
478.74   4.345
478.94   4.352
479.15   4.360
479.35   4.367
479.55   4.374
479.76   4.381
479.96   4.388
480.16   4.395
480.37   4.403
480.57   4.410
480.77   4.418
480.97   4.426
481.18   4.434
481.38   4.443
481.58   4.452
481.79   4.461
481.99   4.470
482.19   4.479
482.40   4.488
482.60   4.497
482.80   4.506
483.01   4.514
483.21   4.522
483.41   4.530
483.62   4.539
483.82   4.547
484.02   4.555
484.23   4.562
484.43   4.570
484.63   4.578
484.84   4.586
485.04   4.594
485.24   4.602
485.44   4.610
485.65   4.618
485.85   4.625
486.05   4.632
486.26   4.639
486.46   4.646
486.66   4.653
486.87   4.660
487.07   4.667
487.27   4.674
487.48   4.681
487.68   4.689
487.88   4.696
488.09   4.704
488.29   4.712
488.49   4.720
488.70   4.728
488.90   4.736
489.10   4.744
489.31   4.752
489.51   4.760
489.71   4.768
489.92   4.777
490.12   4.785
490.32   4.794
490.52   4.803
490.73   4.812
490.93   4.821
491.13   4.830
491.34   4.839
491.54   4.848
491.74   4.858
491.95   4.867
492.15   4.876
492.35   4.886
492.56   4.895
492.76   4.905
492.96   4.914
493.17   4.924
493.37   4.933
493.57   4.942
493.78   4.952
493.98   4.961
494.18   4.970
494.39   4.980
494.59   4.989
494.79   4.998
495.00   5.007
495.20   5.016
495.40   5.025
495.61   5.033
495.81   5.042
496.01   5.050
496.21   5.058
496.42   5.066
496.62   5.074
496.82   5.082
497.03   5.089
497.23   5.097
497.43   5.105
497.64   5.113
497.84   5.121
498.04   5.130
498.25   5.138
498.45   5.146
498.65   5.154
498.86   5.162
499.06   5.170
499.26   5.178
499.47   5.186
499.67   5.194
499.87   5.202
500.08   5.210
500.28   5.219
500.48   5.227
500.69   5.236
500.89   5.245
501.09   5.254
501.29   5.263
501.50   5.272
501.70   5.281
501.90   5.290
502.11   5.299
502.31   5.308
502.51   5.316
502.72   5.324
502.92   5.332
503.12   5.340
503.33   5.348
503.53   5.356
503.73   5.364
503.94   5.372
504.14   5.380
504.34   5.388
504.55   5.396
504.75   5.405
504.95   5.413
505.16   5.421
505.36   5.430
505.56   5.439
505.76   5.448
505.97   5.457
506.17   5.466
506.37   5.475
506.58   5.485
506.78   5.494
506.98   5.503
507.19   5.512
507.39   5.521
507.59   5.530
507.80   5.538
508.00   5.547
508.20   5.556
508.41   5.565
508.61   5.574
508.81   5.582
509.02   5.591
509.22   5.600
509.42   5.609
509.63   5.618
509.83   5.627
510.03   5.636
510.24   5.645
510.44   5.654
510.64   5.663
510.85   5.672
511.05   5.681
511.25   5.690
511.45   5.699
511.66   5.709
511.86   5.718
512.06   5.727
512.27   5.736
512.47   5.745
512.67   5.754
512.88   5.763
513.08   5.772
513.28   5.781
513.49   5.790
513.69   5.799
513.89   5.808
514.10   5.816
514.30   5.825
514.50   5.834
514.71   5.843
514.91   5.852
515.11   5.860
515.32   5.869
515.52   5.877
515.72   5.885
515.92   5.894
516.13   5.902
516.33   5.910
516.53   5.919
516.74   5.927
516.94   5.935
517.14   5.944
517.35   5.952
517.55   5.960
517.75   5.969
517.96   5.977
518.16   5.986
518.36   5.994
518.57   6.003
518.77   6.011
518.97   6.020
519.18   6.028
519.38   6.036
519.58   6.045
519.79   6.054
519.99   6.062
520.19   6.071
520.40   6.080
520.60   6.088
520.80   6.097
521.00   6.106
521.21   6.115
521.41   6.124
521.61   6.133
521.82   6.141
522.02   6.150
522.22   6.159
522.43   6.168
522.63   6.177
522.83   6.185
523.04   6.194
523.24   6.203
523.44   6.212
523.65   6.221
523.85   6.230
524.05   6.239
524.26   6.248
524.46   6.257
524.66   6.266
524.87   6.275
525.07   6.284
525.27   6.293
525.48   6.301
525.68   6.310
525.88   6.319
526.09   6.328
526.29   6.337
526.49   6.346
526.69   6.355
526.90   6.364
527.10   6.374
527.30   6.383
527.51   6.392
527.71   6.402
527.91   6.411
528.12   6.421
528.32   6.430
528.52   6.439
528.73   6.449
528.93   6.458
529.13   6.467
529.34   6.477
529.54   6.486
529.74   6.495
529.95   6.503
530.15   6.512
530.35   6.520
530.56   6.529
530.76   6.537
530.96   6.545
531.16   6.554
531.37   6.562
531.57   6.571
531.77   6.580
531.98   6.589
532.18   6.598
532.38   6.607
532.59   6.616
532.79   6.625
532.99   6.634
533.20   6.643
533.40   6.652
533.60   6.661
533.81   6.670
534.01   6.679
534.21   6.689
534.42   6.698
534.62   6.707
534.82   6.716
535.03   6.724
535.23   6.733
535.43   6.742
535.64   6.751
535.84   6.760
536.04   6.769
536.25   6.778
536.45   6.788
536.65   6.797
536.85   6.807
537.06   6.817
537.26   6.827
537.46   6.837
537.67   6.847
537.87   6.857
538.07   6.868
538.28   6.878
538.48   6.887
538.68   6.897
538.89   6.907
539.09   6.917
539.29   6.927
539.50   6.936
539.70   6.945
539.90   6.953
540.11   6.962
540.31   6.970
540.51   6.978
540.72   6.986
540.92   6.994
541.12   7.003
541.33   7.011
541.93   7.038
542.14   7.047
542.34   7.056
542.54   7.066
542.75   7.075
542.95   7.084
543.15   7.093
543.36   7.102
543.56   7.111
543.76   7.120
543.97   7.130
544.17   7.139
544.37   7.149
544.58   7.158
544.78   7.168
544.98   7.178
545.19   7.188
545.39   7.198
545.59   7.208
545.80   7.218
546.00   7.228
546.20   7.238
546.40   7.248
546.61   7.257
546.81   7.267
547.01   7.277
547.22   7.287
547.42   7.296
547.62   7.306
547.83   7.316
548.03   7.325
548.23   7.335
548.44   7.344
548.64   7.354
548.84   7.363
549.05   7.372
549.25   7.381
549.45   7.390
549.66   7.398
549.86   7.407
550.06   7.415
550.27   7.423
550.47   7.431
550.67   7.439
550.88   7.448
551.08   7.456
551.28   7.465
551.49   7.473
551.69   7.482
551.89   7.491
552.09   7.499
552.30   7.508
552.50   7.517
552.70   7.526
552.91   7.534
553.11   7.543
553.31   7.552
553.52   7.561
553.72   7.569
553.92   7.578
554.13   7.587
554.33   7.596
554.53   7.606
554.74   7.615
554.94   7.624
555.14   7.633
555.35   7.642
555.55   7.651
555.75   7.661
555.96   7.670
556.16   7.679
556.36   7.688
556.56   7.696
556.77   7.705
556.97   7.714
557.17   7.723
557.38   7.731
557.58   7.740
557.78   7.749
557.99   7.757
558.19   7.765
558.39   7.774
558.60   7.782
558.80   7.790
559.00   7.798
559.21   7.805
559.41   7.813
559.61   7.820
559.82   7.827
560.02   7.834
560.22   7.842
560.43   7.849
560.63   7.856
560.83   7.863
561.04   7.870
561.24   7.877
561.44   7.885
561.64   7.892
561.85   7.899
562.05   7.906
562.25   7.913
562.46   7.921
562.66   7.928
562.86   7.935
563.07   7.942
563.27   7.950
563.47   7.957
563.68   7.964
563.88   7.972
564.08   7.980
564.29   7.987
564.49   7.995
564.69   8.003
564.90   8.011
565.10   8.019
565.30   8.027
565.51   8.035
565.71   8.043
565.91   8.051
566.12   8.059
566.32   8.066
566.52   8.074
566.73   8.082
566.93   8.089
567.13   8.097
567.33   8.104
567.54   8.112
567.74   8.119
567.94   8.127
568.15   8.134
568.35   8.141
568.55   8.148
568.76   8.155
568.96   8.161
569.16   8.167
569.37   8.173
569.57   8.179
569.77   8.185
569.98   8.191
570.18   8.197
570.38   8.203
570.59   8.210
570.79   8.216
570.99   8.223
571.20   8.230
571.40   8.236
571.60   8.243
571.80   8.250
572.01   8.257
572.21   8.263
572.41   8.270
572.62   8.277
572.82   8.283
573.02   8.290
573.23   8.296
573.43   8.303
573.63   8.309
573.84   8.315
574.04   8.321
574.24   8.327
574.45   8.332
574.65   8.338
574.85   8.344
575.06   8.349
575.26   8.355
575.46   8.361
575.67   8.367
575.87   8.373
576.07   8.379
576.28   8.385
576.48   8.391
576.68   8.397
576.88   8.403
577.09   8.409
577.29   8.415
577.49   8.420
577.70   8.426
577.90   8.432
578.10   8.437
578.31   8.443
578.51   8.448
578.71   8.453
578.92   8.458
579.12   8.463
579.32   8.468
579.53   8.473
579.73   8.478
579.93   8.483
580.14   8.488
580.34   8.493
580.54   8.498
580.75   8.504
580.95   8.509
