  
  DOI/GTN-P Deep Borehole Array, Arctic Alaska 
             U.S. Geological Survey 
            Processed Temperature Log 
                    26-Aug-2013 
________________________________________________ 
  
Temperature Log Information: 
  Well name:   East Simpson Test Well #1 
  File name:   ESN_84AUG10_c_d 
  Log date:    10-AUG-1984 
  
Contact Information: 
  Gary Clow 
  U.S. Geological Survey 
  clow@usgs.gov 
  
Definitions: 
  Depth:        Depth below local ground surface (m) 
  Temperature:  ITS-90 temperature (°C) 
________________________________________________ 
             
 Depth  Temperature 
 12.80  -9.772
 13.11  -9.763
 13.41  -9.754
 13.72  -9.745
 14.02  -9.737
 14.33  -9.730
 14.63  -9.723
 14.94  -9.716
 15.24  -9.709
 15.54  -9.702
 15.85  -9.695
 16.15  -9.688
 16.46  -9.681
 16.76  -9.674
 17.07  -9.667
 17.37  -9.660
 17.68  -9.653
 17.98  -9.646
 18.29  -9.639
 18.59  -9.632
 18.90  -9.625
 19.20  -9.618
 19.51  -9.611
 19.81  -9.604
 20.12  -9.597
 20.42  -9.590
 20.73  -9.584
 21.03  -9.577
 21.34  -9.570
 21.64  -9.564
 21.95  -9.558
 22.25  -9.552
 22.56  -9.546
 22.86  -9.540
 23.16  -9.535
 23.47  -9.529
 23.77  -9.524
 24.08  -9.519
 24.38  -9.514
 24.69  -9.509
 24.99  -9.504
 25.30  -9.499
 25.60  -9.495
 25.91  -9.490
 26.21  -9.485
 26.52  -9.480
 26.82  -9.475
 27.13  -9.470
 27.43  -9.465
 27.74  -9.460
 28.04  -9.454
 28.35  -9.449
 28.65  -9.444
 28.96  -9.438
 29.26  -9.432
 29.57  -9.427
 29.87  -9.421
 30.18  -9.416
 30.48  -9.410
 31.09  -9.399
 31.39  -9.394
 31.70  -9.389
 32.00  -9.384
 32.31  -9.379
 32.61  -9.374
 32.92  -9.370
 33.22  -9.365
 33.53  -9.361
 33.83  -9.356
 34.14  -9.352
 34.44  -9.348
 34.75  -9.344
 35.05  -9.340
 35.36  -9.336
 35.66  -9.332
 35.97  -9.327
 36.27  -9.323
 36.58  -9.318
 36.88  -9.314
 37.19  -9.309
 37.49  -9.305
 37.80  -9.300
 38.10  -9.296
 38.40  -9.291
 38.71  -9.286
 39.01  -9.281
 39.32  -9.277
 39.62  -9.272
 39.93  -9.267
 40.23  -9.262
 40.54  -9.257
 40.84  -9.252
 41.15  -9.247
 41.45  -9.242
 41.76  -9.238
 42.06  -9.233
 42.37  -9.228
 42.67  -9.223
 42.98  -9.218
 43.28  -9.213
 43.59  -9.208
 43.89  -9.202
 44.20  -9.197
 44.50  -9.192
 44.81  -9.187
 45.11  -9.182
 45.42  -9.176
 45.72  -9.171
 46.02  -9.166
 46.33  -9.161
 46.63  -9.156
 46.94  -9.150
 47.24  -9.145
 47.55  -9.140
 47.85  -9.135
 48.16  -9.130
 48.46  -9.125
 48.77  -9.120
 49.07  -9.115
 49.38  -9.110
 49.68  -9.105
 49.99  -9.100
 50.29  -9.095
 50.60  -9.090
 50.90  -9.084
 51.21  -9.079
 51.51  -9.074
 51.82  -9.069
 52.12  -9.064
 52.43  -9.058
 52.73  -9.053
 53.04  -9.048
 53.34  -9.042
 53.64  -9.037
 53.95  -9.032
 54.25  -9.026
 54.56  -9.021
 54.86  -9.015
 55.17  -9.009
 55.47  -9.004
 55.78  -8.998
 56.08  -8.992
 56.39  -8.987
 56.69  -8.981
 57.00  -8.975
 57.30  -8.969
 57.61  -8.963
 57.91  -8.957
 58.22  -8.951
 58.52  -8.944
 58.83  -8.938
 59.13  -8.932
 59.44  -8.925
 59.74  -8.919
 60.05  -8.912
 60.35  -8.905
 60.66  -8.899
 60.96  -8.892
 61.26  -8.885
 61.57  -8.878
 61.87  -8.871
 62.18  -8.864
 62.48  -8.857
 62.79  -8.850
 63.09  -8.843
 63.40  -8.836
 63.70  -8.828
 64.01  -8.821
 64.31  -8.813
 64.62  -8.806
 64.92  -8.798
 65.23  -8.791
 65.53  -8.783
 65.84  -8.775
 66.14  -8.767
 66.45  -8.759
 66.75  -8.751
 67.06  -8.743
 67.36  -8.735
 67.67  -8.727
 67.97  -8.719
 68.28  -8.711
 68.58  -8.702
 68.88  -8.694
 69.19  -8.685
 69.49  -8.677
 69.80  -8.668
 70.10  -8.660
 70.41  -8.651
 70.71  -8.643
 71.02  -8.635
 71.32  -8.626
 71.63  -8.618
 71.93  -8.609
 72.24  -8.601
 72.54  -8.593
 72.85  -8.585
 73.15  -8.576
 73.46  -8.568
 73.76  -8.560
 74.07  -8.552
 74.37  -8.544
 74.68  -8.536
 74.98  -8.527
 75.29  -8.519
 75.59  -8.511
 75.90  -8.503
 76.20  -8.495
 76.50  -8.487
 76.81  -8.478
 77.11  -8.470
 77.42  -8.461
 77.72  -8.453
 78.03  -8.444
 78.33  -8.436
 78.64  -8.427
 78.94  -8.419
 79.25  -8.411
 79.55  -8.402
 79.86  -8.394
 80.16  -8.386
 80.47  -8.379
 80.77  -8.371
 81.08  -8.364
 81.38  -8.357
 81.69  -8.349
 81.99  -8.343
 82.30  -8.337
 82.60  -8.331
 82.91  -8.325
 83.21  -8.319
 83.52  -8.314
 83.82  -8.308
 84.12  -8.302
 84.43  -8.296
 84.73  -8.289
 85.04  -8.283
 85.34  -8.276
 85.65  -8.269
 85.95  -8.261
 86.26  -8.254
 86.56  -8.246
 86.87  -8.238
 87.17  -8.229
 87.48  -8.220
 87.78  -8.210
 88.09  -8.201
 88.39  -8.191
 88.70  -8.181
 89.00  -8.172
 89.31  -8.162
 89.61  -8.153
 89.92  -8.143
 90.22  -8.134
 90.53  -8.125
 90.83  -8.116
 91.14  -8.107
 91.44  -8.099
 91.74  -8.090
 92.05  -8.082
 92.35  -8.073
 92.66  -8.065
 92.96  -8.057
 93.27  -8.049
 93.57  -8.041
 93.88  -8.032
 94.18  -8.024
 94.49  -8.016
 94.79  -8.007
 95.10  -7.998
 95.40  -7.989
 95.71  -7.980
 96.01  -7.971
 96.32  -7.962
 96.62  -7.953
 96.93  -7.943
 97.23  -7.934
 97.54  -7.924
 97.84  -7.914
 98.15  -7.905
 98.45  -7.895
 98.76  -7.885
 99.06  -7.876
 99.36  -7.866
 99.67  -7.857
 99.97  -7.848
100.28  -7.839
100.58  -7.830
100.89  -7.821
101.19  -7.812
101.50  -7.803
101.80  -7.795
102.11  -7.786
102.41  -7.778
102.72  -7.770
103.02  -7.762
103.33  -7.753
103.63  -7.745
103.94  -7.737
104.24  -7.728
104.55  -7.719
104.85  -7.711
105.16  -7.702
105.46  -7.693
105.77  -7.684
106.07  -7.675
106.38  -7.666
106.68  -7.657
106.98  -7.648
107.29  -7.639
107.59  -7.630
107.90  -7.620
108.20  -7.611
108.51  -7.601
108.81  -7.592
109.12  -7.583
109.42  -7.573
109.73  -7.563
110.03  -7.554
110.34  -7.544
110.64  -7.534
110.95  -7.524
111.25  -7.514
111.56  -7.503
111.86  -7.493
112.17  -7.482
112.47  -7.471
112.78  -7.460
113.08  -7.449
113.39  -7.439
113.69  -7.428
114.00  -7.418
114.30  -7.408
114.60  -7.398
114.91  -7.388
115.21  -7.379
115.52  -7.370
115.82  -7.361
116.13  -7.352
116.43  -7.344
116.74  -7.336
117.04  -7.328
117.35  -7.320
117.65  -7.313
117.96  -7.306
118.26  -7.298
118.57  -7.291
118.87  -7.283
119.18  -7.276
119.48  -7.268
119.79  -7.260
120.09  -7.252
120.40  -7.244
120.70  -7.236
121.01  -7.228
121.31  -7.220
121.62  -7.212
121.92  -7.204
122.22  -7.195
122.53  -7.187
122.83  -7.179
123.14  -7.170
123.44  -7.162
123.75  -7.154
124.05  -7.146
124.36  -7.138
124.66  -7.130
124.97  -7.123
125.27  -7.115
125.58  -7.108
125.88  -7.100
126.19  -7.093
126.49  -7.086
126.80  -7.079
127.10  -7.072
127.41  -7.065
127.71  -7.058
128.32  -7.043
128.63  -7.036
128.93  -7.028
129.24  -7.020
129.54  -7.011
129.84  -7.003
130.15  -6.994
130.45  -6.985
130.76  -6.976
131.06  -6.966
131.37  -6.956
131.67  -6.945
131.98  -6.935
132.28  -6.924
132.59  -6.913
132.89  -6.903
133.20  -6.892
133.50  -6.882
133.81  -6.872
134.11  -6.863
134.42  -6.853
134.72  -6.844
135.03  -6.834
135.33  -6.825
135.64  -6.816
135.94  -6.808
136.25  -6.800
136.55  -6.792
136.86  -6.784
137.16  -6.776
137.46  -6.768
137.77  -6.760
138.07  -6.752
138.38  -6.744
138.68  -6.736
138.99  -6.727
139.29  -6.719
139.60  -6.710
139.90  -6.702
140.21  -6.693
140.51  -6.685
140.82  -6.676
141.12  -6.667
141.43  -6.658
141.73  -6.649
142.04  -6.640
142.34  -6.631
142.65  -6.623
142.95  -6.614
143.26  -6.605
143.56  -6.596
143.87  -6.588
144.17  -6.579
144.48  -6.571
144.78  -6.562
145.08  -6.554
145.39  -6.546
145.69  -6.537
146.00  -6.529
146.30  -6.521
146.61  -6.513
146.91  -6.504
147.22  -6.496
147.52  -6.488
147.83  -6.480
148.13  -6.472
148.44  -6.463
148.74  -6.455
149.05  -6.447
149.35  -6.439
149.66  -6.431
149.96  -6.422
150.27  -6.414
150.57  -6.406
150.88  -6.397
151.18  -6.389
151.49  -6.380
151.79  -6.372
152.10  -6.363
153.01  -6.339
153.31  -6.331
153.62  -6.324
153.92  -6.316
154.23  -6.309
154.53  -6.301
154.84  -6.294
155.14  -6.287
155.45  -6.281
155.75  -6.274
156.06  -6.268
156.36  -6.262
156.67  -6.255
156.97  -6.249
157.28  -6.243
157.58  -6.237
157.89  -6.231
158.19  -6.224
158.50  -6.218
158.80  -6.211
159.11  -6.205
159.41  -6.198
159.72  -6.192
160.02  -6.185
160.32  -6.178
160.63  -6.171
160.93  -6.164
161.24  -6.156
161.54  -6.149
161.85  -6.142
162.15  -6.135
162.46  -6.128
162.76  -6.121
163.07  -6.114
163.37  -6.108
163.68  -6.101
163.98  -6.094
164.29  -6.088
164.59  -6.082
164.90  -6.076
165.20  -6.070
165.51  -6.064
165.81  -6.058
166.12  -6.053
166.42  -6.047
166.73  -6.041
167.03  -6.035
167.34  -6.029
167.64  -6.023
167.94  -6.017
168.25  -6.010
168.55  -6.003
168.86  -5.997
169.16  -5.990
169.47  -5.982
169.77  -5.975
170.08  -5.967
170.38  -5.959
170.69  -5.951
170.99  -5.943
171.30  -5.935
171.60  -5.926
171.91  -5.918
172.21  -5.909
172.52  -5.901
172.82  -5.893
173.13  -5.885
173.43  -5.876
173.74  -5.868
174.04  -5.860
174.35  -5.851
174.65  -5.843
174.96  -5.835
175.26  -5.827
175.56  -5.818
175.87  -5.810
176.17  -5.801
176.48  -5.793
176.78  -5.784
177.09  -5.776
177.39  -5.767
177.70  -5.758
178.00  -5.749
178.31  -5.741
178.61  -5.732
178.92  -5.723
179.22  -5.713
179.53  -5.704
179.83  -5.695
180.14  -5.686
180.44  -5.677
180.75  -5.668
181.05  -5.659
181.36  -5.650
181.66  -5.640
181.97  -5.631
182.27  -5.621
182.58  -5.611
182.88  -5.601
183.18  -5.591
183.49  -5.581
183.79  -5.571
184.10  -5.561
184.40  -5.551
184.71  -5.540
185.01  -5.530
185.32  -5.519
185.62  -5.508
185.93  -5.497
186.23  -5.486
186.54  -5.475
186.84  -5.464
187.15  -5.453
187.45  -5.442
187.76  -5.431
188.06  -5.420
188.37  -5.408
188.67  -5.397
188.98  -5.385
189.28  -5.374
189.59  -5.362
189.89  -5.350
190.20  -5.338
190.50  -5.326
190.80  -5.314
191.11  -5.302
191.41  -5.290
191.72  -5.278
192.02  -5.266
192.33  -5.254
192.63  -5.243
192.94  -5.231
193.24  -5.220
193.55  -5.208
193.85  -5.197
194.16  -5.186
194.46  -5.175
194.77  -5.165
195.07  -5.154
195.38  -5.144
195.68  -5.134
195.99  -5.123
196.29  -5.113
196.60  -5.103
196.90  -5.092
197.21  -5.082
197.51  -5.071
197.82  -5.060
198.12  -5.049
198.42  -5.038
198.73  -5.028
199.03  -5.016
199.34  -5.005
199.64  -4.994
199.95  -4.982
200.25  -4.971
200.56  -4.960
200.86  -4.948
201.17  -4.937
201.47  -4.926
201.78  -4.915
202.08  -4.904
202.39  -4.893
202.69  -4.883
203.00  -4.872
203.30  -4.862
203.61  -4.852
203.91  -4.841
204.22  -4.832
204.52  -4.822
204.83  -4.812
205.13  -4.803
205.44  -4.793
205.74  -4.784
206.04  -4.774
206.35  -4.765
206.65  -4.755
206.96  -4.746
207.26  -4.736
207.57  -4.727
207.87  -4.717
208.18  -4.708
208.48  -4.699
208.79  -4.689
209.09  -4.680
209.40  -4.670
209.70  -4.660
210.01  -4.651
210.31  -4.642
210.62  -4.632
210.92  -4.623
211.23  -4.614
211.53  -4.605
211.84  -4.596
212.14  -4.587
212.45  -4.579
212.75  -4.571
213.06  -4.562
213.36  -4.554
213.66  -4.546
213.97  -4.538
214.27  -4.531
214.58  -4.523
214.88  -4.516
215.19  -4.508
215.49  -4.501
215.80  -4.494
216.10  -4.487
216.41  -4.480
216.71  -4.473
217.02  -4.465
217.32  -4.458
217.63  -4.451
217.93  -4.444
218.24  -4.437
218.54  -4.430
218.85  -4.424
219.15  -4.417
219.46  -4.410
219.76  -4.403
220.07  -4.396
220.37  -4.390
220.68  -4.383
220.98  -4.376
221.28  -4.370
221.59  -4.363
221.89  -4.356
222.20  -4.350
222.50  -4.344
222.81  -4.337
223.11  -4.331
223.42  -4.324
223.72  -4.318
224.03  -4.311
224.33  -4.305
224.64  -4.299
224.94  -4.292
225.25  -4.286
225.55  -4.280
225.86  -4.273
226.16  -4.267
226.47  -4.260
226.77  -4.254
227.08  -4.247
227.38  -4.241
227.69  -4.234
227.99  -4.228
228.30  -4.221
228.60  -4.214
228.90  -4.207
229.21  -4.200
229.51  -4.194
229.82  -4.187
230.12  -4.180
230.43  -4.173
230.73  -4.166
231.04  -4.159
231.34  -4.152
231.65  -4.145
231.95  -4.138
232.26  -4.131
232.56  -4.124
232.87  -4.117
233.17  -4.110
233.48  -4.103
233.78  -4.096
234.09  -4.090
234.39  -4.083
234.70  -4.076
235.00  -4.069
235.31  -4.062
235.61  -4.055
235.92  -4.048
236.22  -4.040
236.52  -4.033
236.83  -4.025
237.13  -4.017
237.44  -4.009
237.74  -4.001
238.05  -3.992
238.35  -3.983
238.66  -3.974
238.96  -3.965
239.27  -3.956
239.57  -3.946
239.88  -3.937
240.18  -3.928
240.49  -3.918
240.79  -3.909
241.10  -3.900
241.40  -3.892
241.71  -3.883
242.01  -3.874
242.32  -3.866
242.62  -3.857
242.93  -3.849
243.23  -3.841
243.54  -3.833
243.84  -3.825
244.14  -3.817
244.45  -3.810
244.75  -3.802
245.06  -3.794
245.36  -3.787
245.67  -3.779
245.97  -3.771
246.28  -3.763
246.58  -3.756
246.89  -3.748
247.19  -3.740
247.50  -3.733
247.80  -3.725
248.11  -3.717
248.41  -3.710
248.72  -3.702
249.02  -3.695
249.33  -3.688
249.63  -3.680
249.94  -3.673
250.24  -3.666
250.55  -3.658
250.85  -3.651
251.16  -3.644
251.46  -3.637
251.76  -3.630
252.07  -3.623
252.37  -3.616
252.68  -3.609
252.98  -3.603
253.29  -3.596
253.59  -3.589
253.90  -3.582
254.20  -3.575
254.51  -3.569
254.81  -3.562
255.12  -3.555
255.42  -3.549
255.73  -3.542
256.03  -3.536
256.34  -3.529
256.64  -3.523
256.95  -3.517
257.25  -3.510
257.56  -3.504
257.86  -3.498
258.17  -3.491
258.47  -3.485
258.78  -3.479
259.08  -3.473
259.38  -3.466
259.69  -3.460
259.99  -3.454
260.30  -3.448
260.60  -3.442
260.91  -3.435
261.21  -3.429
261.52  -3.423
261.82  -3.417
262.13  -3.410
262.43  -3.404
262.74  -3.398
263.04  -3.391
263.35  -3.385
263.65  -3.379
263.96  -3.372
264.26  -3.366
264.57  -3.359
264.87  -3.353
265.18  -3.346
265.48  -3.339
265.79  -3.333
266.09  -3.326
266.40  -3.319
266.70  -3.313
267.00  -3.306
267.31  -3.299
267.61  -3.292
267.92  -3.286
268.22  -3.279
268.53  -3.272
268.83  -3.265
269.14  -3.259
269.44  -3.251
269.75  -3.244
270.05  -3.237
270.36  -3.230
270.66  -3.222
270.97  -3.215
271.27  -3.207
271.58  -3.199
271.88  -3.191
272.19  -3.183
272.49  -3.174
272.80  -3.165
273.10  -3.156
273.41  -3.146
273.71  -3.137
274.02  -3.128
274.62  -3.109
274.93  -3.100
275.23  -3.092
275.54  -3.083
275.84  -3.074
276.15  -3.066
276.45  -3.057
276.76  -3.049
277.06  -3.041
277.37  -3.033
277.67  -3.026
277.98  -3.019
278.28  -3.011
278.59  -3.004
278.89  -2.997
279.20  -2.989
279.50  -2.982
279.81  -2.974
280.11  -2.965
280.42  -2.957
280.72  -2.948
281.03  -2.939
281.33  -2.929
281.64  -2.920
281.94  -2.910
282.24  -2.900
282.55  -2.889
282.85  -2.879
283.16  -2.868
283.46  -2.857
283.77  -2.845
284.07  -2.834
284.38  -2.823
284.68  -2.812
284.99  -2.801
285.29  -2.790
285.60  -2.779
285.90  -2.768
286.21  -2.757
286.51  -2.747
286.82  -2.736
287.12  -2.725
287.43  -2.714
287.73  -2.703
288.04  -2.692
288.34  -2.681
288.65  -2.670
288.95  -2.659
289.26  -2.648
289.56  -2.637
289.86  -2.626
290.17  -2.615
290.47  -2.604
290.78  -2.592
291.08  -2.581
291.39  -2.570
291.69  -2.559
292.00  -2.547
292.30  -2.536
292.61  -2.525
292.91  -2.514
293.22  -2.503
293.52  -2.492
293.83  -2.480
294.13  -2.469
294.44  -2.458
294.74  -2.447
295.05  -2.437
295.35  -2.426
295.66  -2.415
295.96  -2.404
296.27  -2.393
296.57  -2.382
296.88  -2.372
297.18  -2.361
297.48  -2.350
297.79  -2.339
298.09  -2.328
298.40  -2.318
298.70  -2.307
299.01  -2.297
299.31  -2.287
299.62  -2.277
299.92  -2.267
300.23  -2.257
300.53  -2.247
300.84  -2.238
301.14  -2.228
301.45  -2.219
301.75  -2.210
302.06  -2.202
302.36  -2.193
302.67  -2.185
302.97  -2.176
303.28  -2.168
303.58  -2.160
303.89  -2.151
304.19  -2.143
304.50  -2.134
304.80  -2.125
305.10  -2.116
305.41  -2.107
305.71  -2.098
306.02  -2.088
306.32  -2.079
306.63  -2.069
306.93  -2.059
307.24  -2.050
307.54  -2.040
307.85  -2.029
308.15  -2.019
308.46  -2.009
308.76  -1.999
309.07  -1.989
309.37  -1.978
309.68  -1.968
309.98  -1.958
310.29  -1.948
310.59  -1.938
310.90  -1.927
311.20  -1.917
311.51  -1.906
311.81  -1.896
312.12  -1.885
312.42  -1.874
312.72  -1.864
313.03  -1.853
313.33  -1.842
313.64  -1.831
313.94  -1.820
314.25  -1.809
314.55  -1.798
314.86  -1.787
315.16  -1.776
315.47  -1.765
315.77  -1.754
316.08  -1.743
316.38  -1.732
316.69  -1.721
316.99  -1.710
317.30  -1.699
317.60  -1.688
317.91  -1.676
318.21  -1.665
318.52  -1.654
318.82  -1.643
319.13  -1.632
319.43  -1.620
319.74  -1.609
320.04  -1.597
320.34  -1.586
320.65  -1.574
320.95  -1.563
321.26  -1.551
321.56  -1.539
321.87  -1.527
322.17  -1.516
322.48  -1.504
322.78  -1.492
323.09  -1.480
323.39  -1.469
323.70  -1.457
324.00  -1.446
324.31  -1.435
324.61  -1.424
324.92  -1.413
325.22  -1.402
325.53  -1.392
325.83  -1.381
326.14  -1.371
326.44  -1.360
326.75  -1.350
327.05  -1.340
327.36  -1.330
327.66  -1.321
327.96  -1.311
328.27  -1.301
328.57  -1.292
328.88  -1.282
329.18  -1.272
329.49  -1.263
329.79  -1.253
330.10  -1.244
330.40  -1.235
330.71  -1.226
331.01  -1.217
331.32  -1.208
331.62  -1.199
331.93  -1.190
332.23  -1.182
332.54  -1.173
332.84  -1.164
333.15  -1.155
333.45  -1.146
333.76  -1.137
334.06  -1.128
334.37  -1.118
334.67  -1.109
334.98  -1.099
335.28  -1.090
335.58  -1.080
335.89  -1.070
336.19  -1.060
336.50  -1.050
336.80  -1.040
337.11  -1.030
337.41  -1.019
337.72  -1.009
338.02  -0.998
338.33  -0.987
338.63  -0.976
338.94  -0.965
339.24  -0.954
339.55  -0.942
339.85  -0.931
340.16  -0.919
340.46  -0.906
340.77  -0.894
341.07  -0.880
341.38  -0.867
341.68  -0.854
341.99  -0.840
342.29  -0.827
342.60  -0.813
342.90  -0.800
343.20  -0.787
343.51  -0.774
343.81  -0.761
344.12  -0.749
344.42  -0.736
344.73  -0.724
345.03  -0.712
345.34  -0.700
345.64  -0.689
345.95  -0.678
346.25  -0.667
346.56  -0.656
346.86  -0.645
347.17  -0.634
347.47  -0.624
347.78  -0.613
348.08  -0.602
348.39  -0.591
348.69  -0.580
349.00  -0.568
349.30  -0.557
349.61  -0.546
349.91  -0.534
350.22  -0.523
350.52  -0.511
350.82  -0.500
351.13  -0.488
351.43  -0.477
351.74  -0.465
352.04  -0.453
352.35  -0.442
352.65  -0.430
352.96  -0.418
353.26  -0.407
353.57  -0.395
353.87  -0.383
354.18  -0.372
354.48  -0.360
354.79  -0.348
355.09  -0.336
355.40  -0.324
355.70  -0.312
356.01  -0.299
356.31  -0.287
356.62  -0.275
356.92  -0.262
357.23  -0.250
357.53  -0.238
357.84  -0.225
358.14  -0.213
358.75  -0.188
359.05  -0.176
359.36  -0.163
359.66  -0.151
359.97  -0.138
360.27  -0.126
360.58  -0.113
360.88  -0.100
361.19  -0.088
361.49  -0.075
361.80  -0.062
362.10  -0.050
362.41  -0.037
362.71  -0.025
363.02  -0.012
363.32   0.001
363.63   0.013
363.93   0.026
364.24   0.038
364.54   0.051
364.85   0.063
365.15   0.075
365.46   0.087
365.76   0.099
366.06   0.111
366.37   0.123
366.67   0.135
366.98   0.147
367.28   0.159
367.59   0.171
367.89   0.184
368.20   0.196
368.50   0.209
368.81   0.222
369.11   0.235
369.42   0.248
369.72   0.262
370.03   0.276
370.33   0.291
370.64   0.305
370.94   0.320
371.25   0.335
371.55   0.349
371.86   0.364
372.16   0.378
372.47   0.392
372.77   0.406
373.08   0.420
373.38   0.433
373.68   0.446
373.99   0.459
374.29   0.472
374.60   0.484
374.90   0.496
375.21   0.508
375.51   0.519
375.82   0.530
376.12   0.541
376.43   0.552
376.73   0.563
377.04   0.575
377.34   0.586
377.65   0.598
377.95   0.610
378.26   0.622
378.56   0.634
378.87   0.646
379.17   0.658
379.48   0.671
379.78   0.684
380.09   0.697
380.39   0.710
380.70   0.724
381.00   0.737
381.30   0.750
381.61   0.763
381.91   0.776
382.22   0.789
382.52   0.802
382.83   0.814
383.13   0.826
383.44   0.838
383.74   0.850
384.05   0.862
384.35   0.874
384.66   0.886
384.96   0.897
385.27   0.909
385.57   0.920
385.88   0.931
386.18   0.942
386.49   0.954
386.79   0.965
387.10   0.976
387.40   0.988
387.71   0.999
388.01   1.011
388.32   1.023
388.62   1.034
388.92   1.046
389.23   1.058
389.53   1.069
389.84   1.081
390.14   1.093
390.45   1.104
390.75   1.116
391.06   1.128
391.36   1.140
391.67   1.151
391.97   1.164
392.28   1.176
392.58   1.188
392.89   1.200
393.19   1.213
393.50   1.225
393.80   1.238
394.11   1.251
394.41   1.265
394.72   1.278
395.02   1.292
395.33   1.306
395.63   1.320
395.94   1.334
396.24   1.348
396.54   1.362
396.85   1.375
397.15   1.389
397.46   1.402
397.76   1.415
398.07   1.428
398.37   1.441
398.68   1.454
398.98   1.466
399.29   1.478
399.59   1.490
399.90   1.502
400.20   1.513
400.51   1.525
400.81   1.536
401.12   1.548
401.42   1.559
401.73   1.571
402.03   1.583
402.34   1.596
402.64   1.608
402.95   1.620
403.25   1.633
403.56   1.645
403.86   1.658
404.16   1.671
404.47   1.683
404.77   1.696
405.08   1.709
405.38   1.722
405.69   1.735
405.99   1.748
406.30   1.761
406.60   1.774
406.91   1.787
407.21   1.799
407.82   1.824
408.13   1.837
408.43   1.849
408.74   1.862
409.04   1.875
409.35   1.887
409.65   1.900
409.96   1.913
410.26   1.925
410.57   1.938
410.87   1.950
411.18   1.962
411.48   1.974
411.78   1.986
412.09   1.998
412.39   2.010
412.70   2.021
413.00   2.033
413.31   2.044
413.61   2.055
413.92   2.065
414.22   2.075
414.53   2.085
414.83   2.095
415.14   2.105
415.44   2.115
415.75   2.125
416.05   2.135
416.36   2.145
416.66   2.156
416.97   2.166
417.27   2.177
417.58   2.188
417.88   2.199
418.19   2.210
418.49   2.222
418.80   2.234
419.10   2.246
419.40   2.258
419.71   2.270
420.01   2.283
420.32   2.295
420.62   2.308
420.93   2.320
421.23   2.332
421.54   2.344
421.84   2.355
422.15   2.367
422.45   2.378
422.76   2.390
423.06   2.401
423.37   2.412
423.67   2.423
423.98   2.434
424.28   2.445
424.59   2.456
424.89   2.467
425.20   2.477
425.50   2.488
425.81   2.499
426.11   2.509
426.42   2.520
426.72   2.531
427.02   2.542
427.33   2.552
427.63   2.563
427.94   2.573
428.24   2.584
428.55   2.594
428.85   2.604
429.16   2.614
429.46   2.624
429.77   2.634
430.07   2.644
430.38   2.654
430.68   2.665
430.99   2.675
431.29   2.685
431.60   2.695
431.90   2.706
432.21   2.716
432.51   2.727
432.82   2.737
433.12   2.748
433.43   2.759
433.73   2.770
434.04   2.781
434.34   2.792
434.64   2.803
434.95   2.814
435.25   2.825
435.56   2.836
435.86   2.847
436.17   2.858
436.47   2.869
436.78   2.880
437.08   2.891
437.39   2.902
437.69   2.913
438.00   2.924
438.30   2.934
438.61   2.945
438.91   2.956
439.22   2.967
439.52   2.977
439.83   2.988
440.13   2.999
440.44   3.010
440.74   3.021
441.05   3.031
441.35   3.042
441.66   3.053
441.96   3.064
442.26   3.075
442.57   3.086
442.87   3.097
443.18   3.108
443.48   3.119
443.79   3.130
444.09   3.141
444.40   3.152
444.70   3.163
445.01   3.174
445.31   3.185
445.62   3.196
445.92   3.207
446.23   3.218
446.53   3.229
446.84   3.240
447.14   3.251
447.45   3.262
447.75   3.273
448.06   3.284
448.36   3.295
448.67   3.305
448.97   3.316
449.28   3.327
449.58   3.338
449.88   3.349
450.19   3.360
450.49   3.371
450.80   3.383
451.10   3.394
451.41   3.405
451.71   3.416
452.02   3.428
452.32   3.439
452.63   3.451
452.93   3.463
453.24   3.475
453.54   3.487
453.85   3.499
454.15   3.511
454.46   3.523
454.76   3.535
455.07   3.547
455.37   3.559
455.68   3.571
455.98   3.582
456.29   3.594
456.59   3.606
456.90   3.618
457.20   3.630
457.50   3.642
457.81   3.653
458.11   3.665
458.42   3.676
458.72   3.688
459.03   3.699
459.33   3.711
459.64   3.722
459.94   3.734
460.25   3.746
460.55   3.758
460.86   3.769
461.16   3.781
461.47   3.793
461.77   3.805
462.08   3.817
462.38   3.830
462.69   3.842
462.99   3.855
463.30   3.867
463.60   3.880
463.91   3.892
464.21   3.905
464.52   3.917
464.82   3.930
465.12   3.942
465.43   3.954
465.73   3.966
466.04   3.978
466.34   3.990
466.65   4.002
466.95   4.013
467.26   4.025
467.56   4.036
467.87   4.047
468.17   4.058
468.48   4.069
468.78   4.080
469.09   4.090
469.39   4.101
469.70   4.112
470.00   4.123
470.31   4.134
470.61   4.145
470.92   4.157
471.22   4.168
471.53   4.179
471.83   4.190
472.14   4.202
472.44   4.213
472.74   4.225
473.05   4.237
473.35   4.248
473.66   4.260
473.96   4.272
474.27   4.284
474.57   4.295
474.88   4.307
475.18   4.318
475.49   4.330
475.79   4.341
476.10   4.352
476.40   4.364
476.71   4.375
477.01   4.386
477.32   4.397
477.62   4.408
477.93   4.419
478.23   4.430
478.54   4.441
478.84   4.452
479.15   4.463
479.45   4.474
479.76   4.485
480.06   4.497
480.36   4.508
480.67   4.519
480.97   4.531
481.28   4.542
481.58   4.554
481.89   4.566
482.19   4.577
482.50   4.589
482.80   4.601
483.11   4.613
483.41   4.625
483.72   4.637
484.02   4.649
484.33   4.662
484.63   4.674
484.94   4.686
485.24   4.698
485.55   4.710
485.85   4.722
486.16   4.734
486.46   4.746
486.77   4.758
487.07   4.770
487.38   4.782
487.68   4.794
487.98   4.806
488.29   4.819
488.59   4.831
488.90   4.843
489.20   4.855
489.51   4.867
489.81   4.880
490.12   4.892
490.42   4.905
490.73   4.917
491.03   4.930
491.34   4.943
491.64   4.956
491.95   4.969
492.25   4.982
492.56   4.995
492.86   5.009
493.17   5.022
493.47   5.035
493.78   5.048
494.08   5.062
494.39   5.075
494.69   5.088
495.00   5.101
495.30   5.114
495.60   5.127
495.91   5.139
496.21   5.152
496.52   5.165
496.82   5.177
497.13   5.189
497.43   5.201
497.74   5.213
498.04   5.225
498.35   5.237
498.65   5.249
498.96   5.261
499.26   5.274
499.57   5.286
499.87   5.299
500.18   5.312
500.48   5.325
500.79   5.338
501.09   5.351
501.40   5.364
501.70   5.378
502.01   5.392
502.31   5.406
502.62   5.420
503.22   5.448
503.53   5.462
503.83   5.476
504.14   5.490
504.44   5.503
504.75   5.517
505.05   5.530
505.36   5.543
505.66   5.556
505.97   5.569
506.27   5.582
506.58   5.595
506.88   5.608
507.19   5.621
507.49   5.633
507.80   5.645
508.10   5.658
508.41   5.670
508.71   5.683
509.02   5.695
509.32   5.708
509.63   5.721
509.93   5.734
510.24   5.746
510.54   5.759
510.84   5.772
511.15   5.785
511.45   5.797
511.76   5.810
512.06   5.823
512.37   5.836
512.67   5.848
512.98   5.861
513.28   5.874
513.59   5.887
513.89   5.900
514.20   5.912
514.50   5.925
514.81   5.938
515.11   5.951
515.42   5.964
515.72   5.977
516.03   5.990
516.33   6.003
516.64   6.017
516.94   6.030
517.25   6.044
517.55   6.057
517.86   6.071
518.16   6.084
518.46   6.097
518.77   6.111
519.07   6.124
519.38   6.137
519.68   6.151
519.99   6.164
520.29   6.177
520.60   6.190
520.90   6.203
521.21   6.216
521.51   6.228
521.82   6.241
522.12   6.253
522.43   6.266
522.73   6.279
523.04   6.291
523.34   6.304
523.65   6.317
523.95   6.330
524.26   6.343
524.56   6.357
524.87   6.370
525.17   6.384
525.48   6.397
525.78   6.411
526.08   6.426
526.39   6.440
526.69   6.455
527.00   6.470
527.30   6.485
527.61   6.500
527.91   6.514
528.22   6.529
528.52   6.543
528.83   6.558
529.13   6.572
529.44   6.585
529.74   6.599
530.05   6.613
530.35   6.626
530.66   6.640
530.96   6.652
531.27   6.665
531.57   6.677
531.88   6.689
532.18   6.702
532.49   6.714
532.79   6.726
533.10   6.739
533.40   6.751
533.70   6.765
534.01   6.778
534.31   6.791
534.62   6.805
534.92   6.818
535.53   6.846
535.84   6.860
536.14   6.875
536.45   6.889
536.75   6.904
537.06   6.919
537.36   6.934
537.67   6.949
537.97   6.963
538.28   6.978
538.58   6.992
538.89   7.007
539.19   7.021
539.50   7.035
539.80   7.049
540.11   7.063
540.41   7.078
540.72   7.092
541.02   7.106
541.32   7.120
541.63   7.134
541.93   7.148
542.24   7.162
542.54   7.176
542.85   7.190
543.15   7.203
543.46   7.217
543.76   7.231
544.07   7.245
544.37   7.259
544.68   7.272
544.98   7.286
545.29   7.299
545.59   7.312
545.90   7.325
546.20   7.338
546.51   7.351
546.81   7.364
547.12   7.377
547.42   7.390
547.73   7.402
548.03   7.415
548.34   7.429
548.64   7.442
548.94   7.455
549.25   7.469
549.55   7.482
549.86   7.496
550.16   7.510
550.47   7.524
550.77   7.539
551.08   7.553
551.38   7.568
551.69   7.583
551.99   7.597
552.30   7.612
552.60   7.626
552.91   7.640
553.21   7.654
553.52   7.667
553.82   7.680
554.13   7.694
554.43   7.707
554.74   7.719
555.04   7.732
555.35   7.744
555.65   7.755
555.96   7.767
556.26   7.778
556.56   7.789
556.87   7.800
557.17   7.811
557.48   7.823
557.78   7.834
558.09   7.845
558.39   7.857
558.70   7.869
559.00   7.880
559.31   7.892
559.61   7.904
559.92   7.916
560.22   7.928
560.53   7.940
560.83   7.952
561.14   7.964
561.44   7.977
561.75   7.989
562.05   8.001
562.36   8.013
562.66   8.025
562.97   8.036
563.27   8.048
563.58   8.059
563.88   8.070
564.18   8.082
564.49   8.093
564.79   8.103
565.10   8.114
565.40   8.125
565.71   8.135
566.01   8.145
566.32   8.156
566.62   8.166
566.93   8.176
567.23   8.186
567.54   8.197
567.84   8.207
568.15   8.217
568.45   8.228
568.76   8.238
569.06   8.248
569.37   8.259
569.67   8.269
569.98   8.280
570.28   8.291
570.59   8.302
570.89   8.313
571.20   8.323
571.50   8.334
571.80   8.345
572.11   8.355
572.41   8.365
572.72   8.375
573.02   8.385
573.33   8.395
573.63   8.404
573.94   8.413
574.24   8.423
574.55   8.431
574.85   8.440
575.16   8.448
575.46   8.456
575.77   8.463
576.07   8.471
576.38   8.479
576.68   8.486
576.99   8.494
577.29   8.502
577.60   8.511
577.90   8.519
578.21   8.527
578.51   8.536
578.82   8.544
579.12   8.553
579.42   8.561
579.73   8.570
