  
  DOI/GTN-P Deep Borehole Array, Arctic Alaska 
             U.S. Geological Survey 
            Processed Temperature Log 
                    26-Aug-2013 
________________________________________________ 
  
Temperature Log Information: 
  Well name:   East Teshekpuk Test Well #1 
  File name:   ETK_89JUL15_c_d 
  Log date:    15-JUL-1989 
  
Contact Information: 
  Gary Clow 
  U.S. Geological Survey 
  clow@usgs.gov 
  
Definitions: 
  Depth:        Depth below local ground surface (m) 
  Temperature:  ITS-90 temperature (°C) 
________________________________________________ 
             
 Depth  Temperature 
 10.67  -9.692
 10.87  -9.691
 11.07  -9.691
 11.28  -9.691
 11.48  -9.690
 11.68  -9.690
 11.89  -9.690
 12.09  -9.690
 12.29  -9.689
 12.50  -9.689
 12.70  -9.689
 12.90  -9.688
 13.11  -9.688
 13.31  -9.688
 13.51  -9.687
 13.72  -9.687
 13.92  -9.687
 14.12  -9.686
 14.33  -9.686
 14.53  -9.686
 14.73  -9.686
 14.94  -9.686
 15.14  -9.687
 15.34  -9.687
 15.54  -9.687
 15.75  -9.688
 15.95  -9.688
 16.15  -9.688
 16.36  -9.688
 16.56  -9.688
 16.76  -9.688
 16.97  -9.688
 17.17  -9.688
 17.37  -9.687
 17.58  -9.687
 17.78  -9.686
 17.98  -9.685
 18.19  -9.685
 18.39  -9.684
 18.59  -9.683
 18.80  -9.681
 19.00  -9.680
 19.20  -9.679
 19.41  -9.677
 19.61  -9.675
 19.81  -9.673
 20.02  -9.671
 20.22  -9.669
 20.42  -9.666
 20.62  -9.663
 20.83  -9.659
 21.03  -9.656
 21.23  -9.652
 21.44  -9.647
 21.64  -9.642
 21.84  -9.637
 22.05  -9.632
 22.25  -9.627
 22.45  -9.622
 22.66  -9.616
 22.86  -9.611
 23.06  -9.605
 23.27  -9.600
 23.47  -9.594
 23.67  -9.588
 23.88  -9.582
 24.08  -9.576
 24.28  -9.570
 24.49  -9.564
 24.69  -9.558
 24.89  -9.552
 25.10  -9.546
 25.30  -9.539
 25.50  -9.533
 25.70  -9.526
 25.91  -9.519
 26.11  -9.512
 26.31  -9.505
 26.52  -9.498
 26.72  -9.491
 26.92  -9.484
 27.13  -9.477
 27.33  -9.470
 27.53  -9.463
 27.74  -9.456
 27.94  -9.448
 28.14  -9.441
 28.35  -9.434
 28.55  -9.426
 28.75  -9.419
 28.96  -9.411
 29.16  -9.404
 29.36  -9.396
 29.57  -9.389
 29.77  -9.381
 29.97  -9.373
 30.18  -9.366
 30.38  -9.358
 30.58  -9.350
 30.78  -9.342
 30.99  -9.334
 31.19  -9.326
 31.39  -9.318
 31.60  -9.310
 31.80  -9.302
 32.00  -9.294
 32.21  -9.286
 32.41  -9.278
 32.61  -9.270
 32.82  -9.263
 33.02  -9.255
 33.22  -9.247
 33.43  -9.240
 33.63  -9.232
 33.83  -9.225
 34.04  -9.218
 34.24  -9.210
 34.44  -9.203
 34.65  -9.196
 34.85  -9.188
 35.05  -9.181
 35.26  -9.174
 35.46  -9.166
 35.66  -9.159
 35.86  -9.152
 36.07  -9.145
 36.27  -9.137
 36.47  -9.130
 36.68  -9.123
 36.88  -9.116
 37.08  -9.109
 37.29  -9.102
 37.49  -9.094
 37.69  -9.087
 37.90  -9.080
 38.10  -9.073
 38.30  -9.066
 38.51  -9.059
 38.71  -9.052
 38.91  -9.045
 39.12  -9.038
 39.32  -9.031
 39.52  -9.025
 39.73  -9.018
 39.93  -9.011
 40.13  -9.004
 40.34  -8.997
 40.54  -8.990
 40.74  -8.983
 40.94  -8.976
 41.15  -8.970
 41.35  -8.963
 41.55  -8.956
 41.76  -8.950
 41.96  -8.943
 42.16  -8.937
 42.37  -8.930
 42.57  -8.923
 42.77  -8.917
 42.98  -8.911
 43.18  -8.904
 43.38  -8.898
 43.59  -8.891
 43.79  -8.885
 43.99  -8.879
 44.20  -8.873
 44.40  -8.866
 44.60  -8.860
 44.81  -8.854
 45.01  -8.848
 45.21  -8.842
 45.42  -8.836
 45.62  -8.830
 45.82  -8.824
 46.02  -8.819
 46.23  -8.813
 46.43  -8.807
 46.63  -8.801
 46.84  -8.796
 47.04  -8.790
 47.24  -8.784
 47.45  -8.779
 47.65  -8.773
 47.85  -8.767
 48.06  -8.762
 48.26  -8.756
 48.46  -8.750
 48.67  -8.745
 48.87  -8.739
 49.07  -8.734
 49.28  -8.728
 49.48  -8.722
 49.68  -8.717
 49.89  -8.711
 50.09  -8.706
 50.29  -8.700
 50.50  -8.694
 50.70  -8.689
 50.90  -8.683
 51.10  -8.677
 51.31  -8.672
 51.51  -8.666
 51.71  -8.660
 51.92  -8.654
 52.12  -8.648
 52.32  -8.642
 52.53  -8.637
 52.73  -8.631
 52.93  -8.625
 53.14  -8.619
 53.34  -8.613
 53.54  -8.607
 53.75  -8.601
 53.95  -8.595
 57.20  -8.500
 57.40  -8.493
 57.61  -8.487
 57.81  -8.481
 58.01  -8.475
 58.22  -8.469
 58.42  -8.463
 58.62  -8.457
 58.83  -8.450
 59.03  -8.444
 59.23  -8.438
 59.44  -8.432
 59.64  -8.425
 59.84  -8.419
 60.05  -8.413
 60.25  -8.407
 60.45  -8.400
 60.66  -8.394
 60.86  -8.388
 61.06  -8.381
 61.26  -8.375
 61.47  -8.368
 61.67  -8.362
 61.87  -8.356
 62.08  -8.349
 62.28  -8.343
 62.48  -8.336
 62.69  -8.330
 62.89  -8.323
 63.09  -8.317
 63.30  -8.311
 63.50  -8.304
 63.70  -8.298
 63.91  -8.291
 64.11  -8.285
 64.31  -8.279
 64.52  -8.272
 64.72  -8.266
 64.92  -8.259
 65.13  -8.253
 65.33  -8.246
 65.53  -8.240
 65.74  -8.233
 65.94  -8.227
 66.14  -8.220
 66.34  -8.214
 66.55  -8.207
 66.75  -8.201
 66.95  -8.194
 67.16  -8.187
 67.36  -8.181
 67.56  -8.174
 67.77  -8.167
 67.97  -8.161
 68.17  -8.154
 68.38  -8.147
 68.58  -8.141
 68.78  -8.134
 68.99  -8.127
 69.19  -8.120
 69.39  -8.113
 69.60  -8.106
 69.80  -8.099
 70.00  -8.092
 70.21  -8.085
 70.41  -8.077
 70.61  -8.070
 70.82  -8.063
 74.07  -7.946
 74.27  -7.939
 74.47  -7.931
 74.68  -7.924
 74.88  -7.917
 75.08  -7.910
 75.29  -7.903
 75.49  -7.896
 75.69  -7.889
 75.90  -7.882
 76.10  -7.875
 76.30  -7.868
 76.50  -7.861
 76.71  -7.854
 76.91  -7.848
 80.16  -7.738
 80.37  -7.731
 80.57  -7.724
 80.77  -7.717
 80.98  -7.710
 81.18  -7.703
 81.38  -7.697
 81.58  -7.690
 81.79  -7.683
 81.99  -7.676
 82.19  -7.668
 82.40  -7.661
 82.60  -7.654
 82.80  -7.647
 83.01  -7.640
 83.21  -7.633
 83.41  -7.626
 83.62  -7.618
 83.82  -7.611
 84.02  -7.604
 84.23  -7.597
 84.43  -7.589
 84.63  -7.582
 84.84  -7.575
 85.04  -7.568
 85.24  -7.560
 85.45  -7.553
 85.65  -7.546
 85.85  -7.539
 86.06  -7.531
 86.26  -7.524
 86.46  -7.517
 86.66  -7.509
 86.87  -7.502
 87.07  -7.494
 87.27  -7.487
 87.48  -7.479
 87.68  -7.471
 87.88  -7.464
 88.09  -7.456
 88.29  -7.448
 88.49  -7.440
 88.70  -7.432
 88.90  -7.425
 89.10  -7.417
 89.31  -7.409
 89.51  -7.401
 89.71  -7.393
 89.92  -7.385
 90.12  -7.377
 90.32  -7.369
 90.53  -7.361
 90.73  -7.353
 90.93  -7.345
 91.14  -7.336
 91.34  -7.328
 91.54  -7.320
 91.74  -7.312
 91.95  -7.304
 92.15  -7.296
 92.35  -7.288
 92.56  -7.280
 92.76  -7.272
 92.96  -7.264
 93.17  -7.256
 93.37  -7.248
 93.57  -7.240
 96.82  -7.114
 97.03  -7.106
 97.23  -7.098
 97.43  -7.090
 97.64  -7.082
 97.84  -7.074
 98.04  -7.066
 98.25  -7.058
 98.45  -7.051
 98.65  -7.043
 98.86  -7.035
 99.06  -7.027
 99.26  -7.019
 99.47  -7.011
 99.67  -7.003
 99.87  -6.995
100.08  -6.987
100.28  -6.979
100.48  -6.971
100.69  -6.963
100.89  -6.954
101.09  -6.946
101.30  -6.938
101.50  -6.930
101.70  -6.922
101.90  -6.914
102.11  -6.905
102.31  -6.897
102.51  -6.889
102.72  -6.881
102.92  -6.873
103.12  -6.865
103.33  -6.857
103.53  -6.848
103.73  -6.840
103.94  -6.832
104.14  -6.824
104.34  -6.816
104.55  -6.808
104.75  -6.799
104.95  -6.791
105.16  -6.783
105.36  -6.775
105.56  -6.767
105.77  -6.759
105.97  -6.751
106.17  -6.743
106.38  -6.736
106.58  -6.728
106.78  -6.721
106.98  -6.713
107.19  -6.705
107.39  -6.698
107.59  -6.690
107.80  -6.683
108.00  -6.675
108.20  -6.667
108.41  -6.660
108.61  -6.652
108.81  -6.644
109.02  -6.636
109.22  -6.629
109.42  -6.621
109.63  -6.613
109.83  -6.605
110.03  -6.597
110.24  -6.589
110.44  -6.581
113.69  -6.440
113.89  -6.430
114.10  -6.421
114.30  -6.411
114.50  -6.401
114.71  -6.391
114.91  -6.382
115.11  -6.372
115.32  -6.362
115.52  -6.352
115.72  -6.342
115.93  -6.332
116.13  -6.323
116.33  -6.313
116.54  -6.303
116.74  -6.292
116.94  -6.282
117.14  -6.272
117.35  -6.262
117.55  -6.252
117.75  -6.241
117.96  -6.231
118.16  -6.220
118.36  -6.210
118.57  -6.200
118.77  -6.189
118.97  -6.178
119.18  -6.168
119.38  -6.157
119.58  -6.147
119.79  -6.136
119.99  -6.125
120.19  -6.115
120.40  -6.104
120.60  -6.093
120.80  -6.082
121.01  -6.071
121.21  -6.060
121.41  -6.049
121.62  -6.038
121.82  -6.027
122.02  -6.016
122.22  -6.005
122.43  -5.994
122.63  -5.983
122.83  -5.971
123.04  -5.960
123.24  -5.949
123.44  -5.938
123.65  -5.926
123.85  -5.915
124.05  -5.904
124.26  -5.893
124.46  -5.881
124.66  -5.870
124.87  -5.858
125.07  -5.847
125.27  -5.836
125.48  -5.824
125.68  -5.813
125.88  -5.801
126.09  -5.790
126.29  -5.778
126.49  -5.767
126.70  -5.755
126.90  -5.744
127.10  -5.732
127.30  -5.721
127.51  -5.709
127.71  -5.698
127.91  -5.686
128.12  -5.675
128.32  -5.663
128.52  -5.652
128.73  -5.640
128.93  -5.628
129.13  -5.617
129.34  -5.605
129.54  -5.594
129.74  -5.582
129.95  -5.570
130.15  -5.559
130.35  -5.547
130.56  -5.536
130.76  -5.524
130.96  -5.513
131.17  -5.501
131.37  -5.490
131.57  -5.478
131.78  -5.467
131.98  -5.455
132.18  -5.444
132.38  -5.432
132.59  -5.421
132.79  -5.409
132.99  -5.398
133.20  -5.386
133.40  -5.375
133.60  -5.363
133.81  -5.352
134.01  -5.340
134.21  -5.329
134.42  -5.317
134.62  -5.306
134.82  -5.295
135.03  -5.283
135.23  -5.272
135.43  -5.260
135.64  -5.249
135.84  -5.238
136.04  -5.226
136.25  -5.215
136.45  -5.203
136.65  -5.192
136.86  -5.181
137.06  -5.169
137.26  -5.158
137.46  -5.147
137.67  -5.136
137.87  -5.124
138.07  -5.113
138.28  -5.102
138.48  -5.090
138.68  -5.079
138.89  -5.068
139.09  -5.057
139.29  -5.046
139.50  -5.034
139.70  -5.023
139.90  -5.012
140.11  -5.001
140.31  -4.990
140.51  -4.979
140.72  -4.968
140.92  -4.957
144.17  -4.780
144.37  -4.769
144.58  -4.758
144.78  -4.747
144.98  -4.736
145.19  -4.725
145.39  -4.715
145.59  -4.704
145.80  -4.693
146.00  -4.682
146.20  -4.671
146.41  -4.661
146.61  -4.650
146.81  -4.639
147.02  -4.629
150.27  -4.463
150.47  -4.453
150.67  -4.443
150.88  -4.433
151.08  -4.423
151.28  -4.413
151.49  -4.403
151.69  -4.393
151.89  -4.383
152.10  -4.373
152.30  -4.363
152.50  -4.353
152.70  -4.343
152.91  -4.333
153.11  -4.324
153.31  -4.314
153.52  -4.304
153.72  -4.294
153.92  -4.285
154.13  -4.275
154.33  -4.265
154.53  -4.256
154.74  -4.246
154.94  -4.236
155.14  -4.227
155.35  -4.217
155.55  -4.208
155.75  -4.198
155.96  -4.189
156.16  -4.180
159.41  -4.029
159.61  -4.019
159.82  -4.010
160.02  -4.000
160.22  -3.991
160.43  -3.981
160.63  -3.972
160.83  -3.963
161.04  -3.953
161.24  -3.944
161.44  -3.934
161.65  -3.925
161.85  -3.916
162.05  -3.906
162.26  -3.897
162.46  -3.887
162.66  -3.878
162.86  -3.868
163.07  -3.858
163.27  -3.849
163.47  -3.839
163.68  -3.830
163.88  -3.820
164.08  -3.810
164.29  -3.801
164.49  -3.791
164.69  -3.781
164.90  -3.771
165.10  -3.762
165.30  -3.752
165.51  -3.742
165.71  -3.732
165.91  -3.722
166.12  -3.712
166.32  -3.702
166.52  -3.692
166.73  -3.682
166.93  -3.672
167.13  -3.661
167.34  -3.651
167.54  -3.640
167.74  -3.629
167.94  -3.618
168.15  -3.607
168.35  -3.596
168.55  -3.585
168.76  -3.574
168.96  -3.563
169.16  -3.552
169.37  -3.541
169.57  -3.530
169.77  -3.519
169.98  -3.508
170.18  -3.497
170.38  -3.487
170.59  -3.476
170.79  -3.466
170.99  -3.455
171.20  -3.445
171.40  -3.435
171.60  -3.425
171.81  -3.415
172.01  -3.404
172.21  -3.394
172.42  -3.384
172.62  -3.373
172.82  -3.363
176.07  -3.181
176.28  -3.171
176.48  -3.163
176.68  -3.154
176.89  -3.146
177.09  -3.139
177.29  -3.131
177.50  -3.124
177.70  -3.117
177.90  -3.109
178.10  -3.102
178.31  -3.094
178.51  -3.086
178.71  -3.077
178.92  -3.069
179.12  -3.060
179.32  -3.051
179.53  -3.041
179.73  -3.031
179.93  -3.020
180.14  -3.009
180.34  -2.998
180.54  -2.988
180.75  -2.977
180.95  -2.966
181.15  -2.956
181.36  -2.946
181.56  -2.936
181.76  -2.926
181.97  -2.916
182.17  -2.906
182.37  -2.897
182.58  -2.888
182.78  -2.879
182.98  -2.870
183.18  -2.861
183.39  -2.852
183.59  -2.844
183.79  -2.835
184.00  -2.826
184.20  -2.818
184.40  -2.809
184.61  -2.800
184.81  -2.791
185.01  -2.783
185.22  -2.774
185.42  -2.766
185.62  -2.758
185.83  -2.749
186.03  -2.741
186.23  -2.733
186.44  -2.725
186.64  -2.717
186.84  -2.709
187.05  -2.701
187.25  -2.693
187.45  -2.685
187.66  -2.677
187.86  -2.669
188.06  -2.661
188.26  -2.654
188.47  -2.646
188.67  -2.638
188.87  -2.630
189.08  -2.622
189.28  -2.614
189.48  -2.606
189.69  -2.598
189.89  -2.590
190.09  -2.582
190.30  -2.574
190.50  -2.566
190.70  -2.558
190.91  -2.550
191.11  -2.541
191.31  -2.533
191.52  -2.524
191.72  -2.515
191.92  -2.507
192.13  -2.497
192.33  -2.488
192.53  -2.479
192.74  -2.470
192.94  -2.461
193.14  -2.452
193.34  -2.442
193.55  -2.433
193.75  -2.424
193.95  -2.415
194.16  -2.406
194.36  -2.397
194.56  -2.388
194.77  -2.380
194.97  -2.371
195.17  -2.362
195.38  -2.354
195.58  -2.345
195.78  -2.336
195.99  -2.328
196.19  -2.319
196.39  -2.311
196.60  -2.302
196.80  -2.293
197.00  -2.285
197.21  -2.276
197.41  -2.267
197.61  -2.259
197.82  -2.250
198.02  -2.241
198.22  -2.233
198.42  -2.224
198.63  -2.216
198.83  -2.207
199.03  -2.199
199.24  -2.190
199.44  -2.182
199.64  -2.174
199.85  -2.166
200.05  -2.157
200.25  -2.149
200.46  -2.141
200.66  -2.133
200.86  -2.125
201.07  -2.116
201.27  -2.108
201.47  -2.100
201.68  -2.092
201.88  -2.084
202.08  -2.076
202.29  -2.068
202.49  -2.060
202.69  -2.052
202.90  -2.045
203.10  -2.037
203.30  -2.030
203.50  -2.023
203.71  -2.016
203.91  -2.009
204.11  -2.003
204.32  -1.996
204.52  -1.990
204.72  -1.984
204.93  -1.978
205.13  -1.972
205.33  -1.966
205.54  -1.960
205.74  -1.954
205.94  -1.947
206.15  -1.941
206.35  -1.934
206.55  -1.927
206.76  -1.920
206.96  -1.912
207.16  -1.905
207.37  -1.897
207.57  -1.888
207.77  -1.880
207.98  -1.871
208.18  -1.861
208.38  -1.851
208.58  -1.840
208.79  -1.830
208.99  -1.818
209.19  -1.807
209.40  -1.796
209.60  -1.786
209.80  -1.778
210.01  -1.770
210.21  -1.763
210.41  -1.756
210.62  -1.749
210.82  -1.743
211.02  -1.737
211.23  -1.730
211.43  -1.723
211.63  -1.716
211.84  -1.708
212.04  -1.698
212.24  -1.686
212.45  -1.672
212.65  -1.659
212.85  -1.648
213.06  -1.642
213.26  -1.638
