  
  DOI/GTN-P Deep Borehole Array, Arctic Alaska 
             U.S. Geological Survey 
            Processed Temperature Log 
                    26-Aug-2013 
________________________________________________ 
  
Temperature Log Information: 
  Well name:   East Teshekpuk Test Well #1 
  File name:   ETK_07AUG04_c_d 
  Log date:    04-AUG-2007 
  
Contact Information: 
  Gary Clow 
  U.S. Geological Survey 
  clow@usgs.gov 
  
Definitions: 
  Depth:        Depth below local ground surface (m) 
  Temperature:  ITS-90 temperature (°C) 
________________________________________________ 
             
 Depth  Temperature 
  2.94  -4.954
  2.97  -4.959
  3.01  -4.968
  3.05  -4.982
  3.09  -5.004
  3.14  -5.032
  3.20  -5.064
  3.27  -5.100
  3.33  -5.138
  3.39  -5.179
  3.44  -5.223
  3.50  -5.269
  3.55  -5.317
  3.61  -5.366
  3.66  -5.416
  3.71  -5.468
  3.76  -5.521
  3.82  -5.575
  3.87  -5.630
  3.92  -5.683
  3.97  -5.736
  4.03  -5.787
  4.08  -5.837
  4.13  -5.887
  4.18  -5.937
  4.22  -5.986
  4.28  -6.035
  4.33  -6.084
  4.38  -6.133
  4.43  -6.183
  4.49  -6.232
  4.54  -6.280
  4.59  -6.328
  4.64  -6.374
  4.70  -6.420
  4.75  -6.464
  4.80  -6.506
  4.85  -6.546
  4.90  -6.586
  4.96  -6.624
  5.01  -6.662
  5.06  -6.699
  5.12  -6.735
  5.17  -6.770
  5.22  -6.805
  5.27  -6.840
  5.31  -6.873
  5.37  -6.907
  5.42  -6.939
  5.47  -6.970
  5.53  -7.001
  5.58  -7.031
  5.63  -7.061
  5.68  -7.090
  5.74  -7.118
  5.79  -7.146
  5.84  -7.172
  5.89  -7.198
  5.94  -7.224
  6.00  -7.248
  6.05  -7.271
  6.10  -7.294
  6.16  -7.315
  6.21  -7.336
  6.26  -7.356
  6.31  -7.376
  6.37  -7.395
  6.42  -7.413
  6.47  -7.430
  6.51  -7.447
  6.56  -7.464
  6.62  -7.480
  6.67  -7.495
  6.72  -7.509
  6.78  -7.523
  6.83  -7.537
  6.88  -7.550
  6.93  -7.562
  6.99  -7.574
  7.04  -7.585
  7.09  -7.596
  7.14  -7.606
  7.20  -7.616
  7.25  -7.625
  7.30  -7.635
  7.35  -7.644
  7.40  -7.652
  7.46  -7.661
  7.51  -7.668
  7.56  -7.676
  7.62  -7.683
  7.66  -7.689
  7.71  -7.695
  7.76  -7.701
  7.82  -7.706
  8.18  -7.732
  8.24  -7.734
  8.29  -7.736
  8.34  -7.737
  8.40  -7.738
  8.45  -7.739
  8.50  -7.740
  8.55  -7.741
  8.60  -7.742
  8.66  -7.743
  8.71  -7.743
  8.76  -7.744
  8.81  -7.745
  8.86  -7.745
  8.91  -7.746
  8.96  -7.746
  9.02  -7.747
  9.07  -7.747
  9.12  -7.747
  9.17  -7.748
  9.23  -7.748
  9.28  -7.748
  9.33  -7.748
  9.38  -7.747
  9.43  -7.747
  9.49  -7.746
  9.54  -7.745
  9.59  -7.744
  9.65  -7.743
  9.70  -7.741
  9.75  -7.740
  9.80  -7.738
  9.86  -7.736
  9.91  -7.734
  9.96  -7.732
 10.01  -7.729
 10.05  -7.727
 10.11  -7.724
 10.16  -7.721
 10.21  -7.717
 10.27  -7.714
 10.32  -7.710
 10.37  -7.706
 10.43  -7.703
 10.48  -7.699
 10.53  -7.695
 10.58  -7.692
 10.63  -7.689
 10.69  -7.687
 10.74  -7.684
 10.79  -7.682
 10.84  -7.680
 10.90  -7.678
 10.95  -7.676
 11.00  -7.674
 11.05  -7.672
 11.10  -7.670
 11.16  -7.667
 11.20  -7.665
 11.25  -7.663
 11.31  -7.662
 11.36  -7.660
 11.41  -7.658
 11.46  -7.657
 11.52  -7.657
 11.57  -7.656
 11.62  -7.655
 11.67  -7.655
 11.73  -7.655
 11.78  -7.655
 11.83  -7.655
 11.88  -7.655
 11.94  -7.655
 11.99  -7.655
 12.04  -7.655
 12.09  -7.655
 12.15  -7.656
 12.20  -7.656
 12.25  -7.657
 12.30  -7.658
 12.35  -7.658
 12.40  -7.659
 12.45  -7.660
 12.51  -7.661
 12.56  -7.662
 12.61  -7.663
 12.67  -7.665
 12.72  -7.666
 12.77  -7.668
 12.82  -7.669
 12.87  -7.671
 12.92  -7.673
 12.98  -7.675
 13.03  -7.676
 13.08  -7.678
 13.14  -7.681
 13.19  -7.683
 13.24  -7.685
 13.29  -7.687
 13.34  -7.690
 13.40  -7.692
 13.45  -7.695
 13.50  -7.698
 13.54  -7.701
 13.60  -7.704
 13.65  -7.707
 13.70  -7.710
 13.76  -7.713
 13.81  -7.716
 13.86  -7.719
 13.91  -7.723
 13.97  -7.726
 14.02  -7.730
 14.07  -7.734
 14.12  -7.737
 14.18  -7.741
 14.23  -7.745
 14.28  -7.749
 14.33  -7.753
 14.39  -7.758
 14.44  -7.762
 14.49  -7.766
 14.54  -7.770
 14.59  -7.774
 14.64  -7.779
 14.70  -7.783
 14.74  -7.788
 14.80  -7.793
 14.85  -7.797
 14.90  -7.802
 14.95  -7.807
 15.01  -7.812
 15.06  -7.817
 15.11  -7.822
 15.16  -7.827
 15.21  -7.832
 15.27  -7.837
 15.32  -7.842
 15.37  -7.846
 15.42  -7.851
 15.48  -7.856
 15.53  -7.861
 15.58  -7.866
 15.63  -7.871
 15.69  -7.875
 15.74  -7.880
 15.79  -7.885
 15.84  -7.889
 15.89  -7.894
 15.94  -7.899
 15.99  -7.903
 16.04  -7.908
 16.09  -7.913
 16.15  -7.918
 16.20  -7.923
 16.25  -7.928
 16.31  -7.933
 16.36  -7.938
 16.41  -7.943
 16.46  -7.948
 16.52  -7.953
 16.57  -7.958
 16.62  -7.964
 16.67  -7.969
 16.72  -7.974
 16.78  -7.979
 16.83  -7.985
 16.88  -7.990
 16.93  -7.995
 16.99  -8.000
 17.04  -8.005
 17.09  -8.010
 17.14  -8.015
 17.19  -8.020
 17.24  -8.025
 17.29  -8.030
 17.34  -8.034
 17.40  -8.039
 17.45  -8.044
 17.50  -8.048
 17.55  -8.053
 17.61  -8.057
 17.66  -8.061
 17.71  -8.066
 17.76  -8.070
 17.82  -8.074
 17.87  -8.078
 17.92  -8.082
 17.97  -8.086
 18.02  -8.091
 18.08  -8.095
 18.13  -8.099
 18.18  -8.103
 18.23  -8.107
 18.28  -8.111
 18.33  -8.114
 18.38  -8.118
 18.43  -8.122
 18.49  -8.126
 18.54  -8.130
 18.59  -8.134
 18.65  -8.137
 18.70  -8.141
 18.75  -8.145
 18.80  -8.148
 18.85  -8.152
 18.91  -8.156
 18.96  -8.159
 19.01  -8.163
 19.06  -8.166
 19.11  -8.170
 19.17  -8.173
 19.22  -8.176
 19.27  -8.180
 19.33  -8.183
 19.38  -8.187
 19.42  -8.190
 19.47  -8.194
 19.53  -8.198
 19.58  -8.201
 19.63  -8.205
 19.68  -8.209
 19.73  -8.212
 19.79  -8.216
 19.84  -8.220
 19.89  -8.224
 19.95  -8.228
 20.00  -8.232
 20.06  -8.236
 20.13  -8.240
 20.21  -8.244
 20.29  -8.249
 20.38  -8.253
 20.47  -8.257
 20.56  -8.262
 20.66  -8.266
 20.76  -8.271
 20.85  -8.275
 20.95  -8.280
 21.05  -8.285
 21.15  -8.290
 21.25  -8.295
 21.35  -8.300
 21.46  -8.306
 21.55  -8.311
 21.65  -8.316
 21.75  -8.322
 21.85  -8.327
 21.95  -8.333
 22.05  -8.338
 22.15  -8.343
 22.25  -8.349
 22.35  -8.354
 22.45  -8.360
 22.55  -8.365
 22.66  -8.370
 22.76  -8.375
 22.86  -8.381
 22.96  -8.386
 23.06  -8.391
 23.16  -8.396
 23.26  -8.401
 23.36  -8.406
 23.46  -8.411
 23.56  -8.416
 23.67  -8.422
 23.77  -8.427
 23.87  -8.432
 23.97  -8.437
 24.07  -8.442
 24.17  -8.448
 24.27  -8.453
 24.37  -8.459
 24.47  -8.464
 24.57  -8.469
 24.68  -8.475
 24.78  -8.481
 24.88  -8.486
 24.98  -8.492
 25.08  -8.497
 25.18  -8.503
 25.28  -8.509
 25.38  -8.514
 25.48  -8.520
 25.59  -8.526
 25.69  -8.531
 25.79  -8.537
 25.89  -8.543
 25.99  -8.549
 26.09  -8.555
 26.19  -8.561
 26.29  -8.567
 26.39  -8.572
 26.49  -8.578
 26.59  -8.584
 26.70  -8.590
 26.80  -8.596
 26.90  -8.602
 27.00  -8.608
 27.10  -8.614
 27.20  -8.620
 27.30  -8.625
 27.40  -8.631
 27.51  -8.637
 27.61  -8.643
 27.71  -8.649
 27.81  -8.655
 27.90  -8.661
 28.00  -8.666
 28.11  -8.672
 28.21  -8.678
 28.31  -8.683
 28.41  -8.689
 28.51  -8.695
 28.61  -8.700
 28.71  -8.706
 28.81  -8.711
 28.91  -8.716
 29.01  -8.721
 29.10  -8.726
 29.20  -8.731
 29.30  -8.736
 29.40  -8.741
 29.50  -8.746
 29.60  -8.750
 29.70  -8.755
 29.80  -8.759
 29.89  -8.764
 29.99  -8.768
 30.09  -8.773
 30.19  -8.777
 30.29  -8.781
 30.39  -8.786
 30.48  -8.790
 30.58  -8.794
 30.68  -8.799
 30.78  -8.804
 30.88  -8.808
 30.98  -8.813
 31.08  -8.817
 31.18  -8.822
 31.28  -8.826
 31.37  -8.830
 31.47  -8.834
 31.57  -8.837
 31.67  -8.840
 31.77  -8.843
 31.87  -8.846
 31.97  -8.849
 32.07  -8.851
 32.17  -8.853
 32.26  -8.854
 32.36  -8.856
 32.46  -8.857
 32.56  -8.858
 32.66  -8.858
 32.76  -8.859
 32.86  -8.859
 32.96  -8.860
 33.05  -8.860
 33.15  -8.861
 33.25  -8.861
 33.35  -8.862
 33.45  -8.862
 33.55  -8.862
 33.65  -8.863
 33.75  -8.863
 33.84  -8.863
 33.94  -8.863
 34.04  -8.863
 34.14  -8.864
 34.24  -8.864
 34.34  -8.864
 34.44  -8.864
 34.54  -8.864
 34.63  -8.864
 34.73  -8.865
 34.83  -8.865
 34.93  -8.865
 35.03  -8.865
 35.13  -8.865
 35.23  -8.865
 35.33  -8.865
 35.42  -8.865
 35.52  -8.865
 35.62  -8.865
 35.72  -8.865
 35.82  -8.865
 35.92  -8.865
 36.02  -8.865
 36.12  -8.865
 36.21  -8.865
 36.31  -8.865
 36.41  -8.865
 36.51  -8.865
 36.60  -8.865
 36.70  -8.865
 36.81  -8.865
 36.91  -8.865
 37.00  -8.865
 37.10  -8.865
 37.20  -8.865
 37.30  -8.865
 37.40  -8.864
 37.49  -8.864
 37.59  -8.864
 37.70  -8.864
 37.79  -8.863
 37.88  -8.863
 37.98  -8.863
 38.08  -8.862
 38.18  -8.862
 38.28  -8.862
 38.38  -8.861
 38.48  -8.861
 38.57  -8.861
 38.67  -8.860
 38.77  -8.860
 38.87  -8.859
 38.97  -8.859
 39.07  -8.858
 39.17  -8.858
 39.27  -8.857
 39.36  -8.856
 39.46  -8.856
 39.56  -8.855
 39.66  -8.854
 39.76  -8.854
 39.86  -8.853
 39.96  -8.852
 40.06  -8.851
 40.15  -8.850
 40.25  -8.849
 40.35  -8.849
 40.45  -8.848
 40.55  -8.847
 40.65  -8.846
 40.75  -8.845
 40.85  -8.844
 40.94  -8.842
 41.04  -8.841
 41.14  -8.840
 41.24  -8.839
 41.34  -8.838
 41.44  -8.837
 41.54  -8.836
 41.64  -8.834
 41.73  -8.833
 41.83  -8.832
 41.93  -8.831
 42.03  -8.829
 42.13  -8.828
 42.23  -8.827
 42.33  -8.825
 42.43  -8.824
 42.53  -8.823
 42.62  -8.821
 42.72  -8.820
 42.82  -8.819
 42.92  -8.817
 43.02  -8.816
 43.12  -8.815
 43.22  -8.813
 43.32  -8.812
 43.42  -8.811
 43.51  -8.810
 43.61  -8.809
 43.81  -8.806
 43.91  -8.805
 44.01  -8.804
 44.11  -8.803
 44.21  -8.801
 44.30  -8.800
 44.40  -8.799
 44.50  -8.798
 44.60  -8.796
 44.70  -8.795
 44.80  -8.794
 44.90  -8.792
 45.00  -8.791
 45.09  -8.789
 45.19  -8.787
 45.29  -8.786
 45.39  -8.784
 45.49  -8.782
 45.59  -8.781
 45.69  -8.779
 45.79  -8.777
 45.88  -8.775
 45.98  -8.774
 46.08  -8.772
 46.18  -8.770
 46.28  -8.768
 46.38  -8.766
 46.48  -8.764
 46.58  -8.762
 46.68  -8.760
 46.77  -8.758
 46.87  -8.756
 46.97  -8.754
 47.07  -8.752
 47.17  -8.750
 47.27  -8.748
 47.37  -8.746
 47.47  -8.744
 47.57  -8.742
 47.66  -8.740
 47.76  -8.738
 47.86  -8.736
 47.96  -8.734
 48.06  -8.732
 48.16  -8.730
 48.26  -8.728
 48.36  -8.726
 48.45  -8.724
 48.55  -8.722
 48.65  -8.720
 48.75  -8.718
 48.85  -8.716
 48.95  -8.714
 49.05  -8.711
 49.15  -8.709
 49.25  -8.707
 49.34  -8.705
 49.44  -8.703
 49.54  -8.701
 49.64  -8.699
 49.74  -8.697
 49.84  -8.695
 49.94  -8.693
 50.04  -8.691
 50.14  -8.689
 50.23  -8.687
 50.33  -8.685
 50.43  -8.683
 50.53  -8.681
 50.63  -8.679
 50.73  -8.677
 50.83  -8.675
 50.93  -8.672
 51.02  -8.670
 51.12  -8.668
 51.22  -8.665
 51.32  -8.662
 51.42  -8.659
 51.52  -8.657
 51.62  -8.654
 51.72  -8.651
 51.81  -8.648
 51.91  -8.645
 52.01  -8.642
 52.11  -8.639
 52.21  -8.636
 52.31  -8.634
 52.41  -8.631
 52.51  -8.628
 52.61  -8.625
 52.71  -8.623
 52.80  -8.620
 52.90  -8.617
 53.00  -8.615
 53.10  -8.612
 53.20  -8.609
 53.30  -8.607
 53.40  -8.604
 53.50  -8.602
 53.59  -8.599
 53.69  -8.597
 53.79  -8.594
 53.89  -8.592
 53.99  -8.589
 54.09  -8.587
 54.19  -8.584
 54.29  -8.582
 54.39  -8.579
 54.48  -8.577
 54.58  -8.574
 54.68  -8.572
 54.78  -8.569
 54.88  -8.567
 54.98  -8.564
 55.08  -8.562
 55.18  -8.560
 55.27  -8.557
 55.37  -8.555
 55.48  -8.552
 55.57  -8.550
 55.67  -8.547
 55.77  -8.545
 55.87  -8.542
 55.97  -8.539
 56.07  -8.537
 56.17  -8.534
 56.27  -8.531
 56.36  -8.528
 56.46  -8.525
 56.56  -8.523
 56.66  -8.520
 56.76  -8.517
 56.86  -8.514
 56.96  -8.511
 57.06  -8.508
 57.16  -8.505
 57.26  -8.502
 57.35  -8.499
 57.45  -8.497
 57.55  -8.494
 57.65  -8.491
 57.75  -8.488
 57.85  -8.486
 57.95  -8.483
 58.05  -8.480
 58.15  -8.478
 58.25  -8.475
 58.34  -8.472
 58.44  -8.469
 58.54  -8.466
 58.64  -8.463
 58.74  -8.460
 58.84  -8.457
 58.94  -8.454
 59.04  -8.451
 59.14  -8.448
 59.23  -8.444
 59.33  -8.441
 59.43  -8.438
 59.53  -8.434
 59.63  -8.431
 59.73  -8.427
 59.83  -8.424
 59.93  -8.421
 60.03  -8.417
 60.13  -8.414
 60.23  -8.411
 60.32  -8.408
 60.42  -8.405
 60.52  -8.401
 60.62  -8.398
 60.72  -8.396
 60.82  -8.393
 60.92  -8.390
 61.02  -8.387
 61.12  -8.385
 61.22  -8.382
 61.32  -8.379
 61.41  -8.377
 61.51  -8.374
 61.61  -8.371
 61.71  -8.369
 61.81  -8.366
 61.91  -8.363
 62.01  -8.360
 62.11  -8.358
 62.22  -8.355
 62.31  -8.351
 62.41  -8.348
 62.51  -8.345
 62.61  -8.341
 62.71  -8.338
 62.81  -8.334
 62.91  -8.331
 63.01  -8.328
 63.11  -8.324
 63.21  -8.321
 63.30  -8.318
 63.40  -8.315
 63.50  -8.312
 63.60  -8.308
 63.70  -8.305
 63.80  -8.302
 63.89  -8.300
 63.99  -8.297
 64.10  -8.295
 64.19  -8.292
 64.29  -8.290
 64.40  -8.287
 64.49  -8.285
 64.59  -8.282
 64.69  -8.279
 64.78  -8.276
 64.88  -8.272
 64.98  -8.269
 65.09  -8.265
 65.18  -8.262
 65.28  -8.259
 65.38  -8.255
 65.48  -8.252
 65.58  -8.249
 65.68  -8.246
 65.77  -8.244
 65.87  -8.241
 65.97  -8.238
 66.07  -8.235
 66.17  -8.232
 66.27  -8.230
 66.37  -8.227
 66.47  -8.225
 66.57  -8.222
 66.67  -8.220
 66.76  -8.217
 66.86  -8.215
 66.96  -8.212
 67.06  -8.209
 67.16  -8.206
 67.26  -8.203
 67.36  -8.199
 67.46  -8.196
 67.56  -8.193
 67.66  -8.190
 67.76  -8.186
 67.85  -8.183
 67.95  -8.180
 68.05  -8.177
 68.15  -8.174
 68.25  -8.171
 68.35  -8.168
 68.44  -8.165
 68.54  -8.162
 68.64  -8.158
 68.73  -8.155
 68.83  -8.152
 68.93  -8.148
 69.02  -8.145
 69.12  -8.141
 69.21  -8.138
 69.31  -8.135
 69.41  -8.131
 69.51  -8.128
 69.60  -8.124
 69.70  -8.121
 69.79  -8.118
 69.89  -8.114
 69.99  -8.111
 70.09  -8.108
 70.18  -8.105
 70.28  -8.101
 70.38  -8.098
 70.47  -8.095
 70.57  -8.092
 70.67  -8.089
 70.77  -8.086
 70.86  -8.083
 70.96  -8.080
 71.05  -8.077
 71.15  -8.074
 71.24  -8.071
 71.34  -8.068
 71.44  -8.065
 71.54  -8.062
 71.64  -8.059
 71.73  -8.056
 71.83  -8.053
 71.93  -8.050
 72.03  -8.047
 72.13  -8.044
 72.22  -8.041
 72.32  -8.038
 72.41  -8.035
 72.51  -8.032
 72.60  -8.029
 72.70  -8.026
 72.80  -8.023
 72.90  -8.020
 73.00  -8.017
 73.09  -8.013
 73.19  -8.010
 73.28  -8.007
 73.38  -8.003
 73.47  -8.000
 73.57  -7.996
 73.67  -7.993
 73.77  -7.989
 73.87  -7.986
 73.96  -7.982
 74.06  -7.979
 74.16  -7.975
 74.26  -7.971
 74.35  -7.968
 74.45  -7.964
 74.55  -7.960
 74.64  -7.957
 74.73  -7.953
 74.83  -7.950
 74.93  -7.946
 75.03  -7.942
 75.13  -7.939
 75.22  -7.935
 75.32  -7.932
 75.42  -7.928
 75.52  -7.924
 75.61  -7.921
 75.71  -7.917
 75.80  -7.913
 75.90  -7.910
 76.00  -7.906
 76.09  -7.903
 76.19  -7.899
 76.29  -7.895
 76.39  -7.892
 76.49  -7.888
 76.58  -7.885
 76.68  -7.881
 76.78  -7.878
 76.87  -7.874
 76.96  -7.871
 77.06  -7.867
 77.16  -7.864
 77.26  -7.860
 77.36  -7.857
 77.45  -7.853
 77.55  -7.850
 77.65  -7.846
 77.75  -7.843
 77.84  -7.839
 77.94  -7.835
 78.03  -7.831
 78.13  -7.828
 78.22  -7.824
 78.32  -7.820
 78.42  -7.816
 78.52  -7.812
 78.62  -7.808
 78.71  -7.805
 78.81  -7.801
 78.90  -7.797
 79.00  -7.793
 79.10  -7.790
 79.19  -7.786
 79.29  -7.783
 79.39  -7.779
 79.49  -7.776
 79.58  -7.772
 79.68  -7.769
 79.78  -7.766
 79.88  -7.763
 79.98  -7.760
 80.07  -7.757
 80.17  -7.754
 80.27  -7.751
 80.36  -7.748
 80.45  -7.744
 80.55  -7.741
 80.65  -7.738
 80.75  -7.735
 80.85  -7.732
 80.94  -7.729
 81.04  -7.727
 81.14  -7.725
 81.24  -7.722
 81.34  -7.720
 81.43  -7.718
 81.52  -7.716
 81.62  -7.713
 81.71  -7.711
 81.81  -7.708
 81.91  -7.705
 82.01  -7.702
 82.11  -7.699
 82.21  -7.696
 82.30  -7.693
 82.40  -7.689
 82.50  -7.685
 82.59  -7.680
 82.69  -7.675
 82.78  -7.670
 82.88  -7.665
 82.98  -7.660
 83.08  -7.654
 83.17  -7.649
 83.27  -7.644
 83.37  -7.639
 83.47  -7.635
 83.57  -7.631
 83.66  -7.627
 83.75  -7.623
 83.85  -7.619
 83.95  -7.616
 84.05  -7.612
 84.15  -7.610
 84.24  -7.607
 84.34  -7.604
 84.44  -7.602
 84.54  -7.599
 84.63  -7.597
 84.73  -7.595
 84.82  -7.593
 84.92  -7.590
 85.02  -7.588
 85.12  -7.585
 85.21  -7.582
 85.31  -7.580
 85.41  -7.577
 85.50  -7.575
 85.61  -7.572
 85.70  -7.570
 85.80  -7.567
 85.89  -7.565
 85.98  -7.562
 86.08  -7.560
 86.18  -7.557
 86.28  -7.554
 86.38  -7.552
 86.47  -7.549
 86.57  -7.546
 86.67  -7.543
 86.77  -7.540
 86.87  -7.537
 86.97  -7.534
 87.06  -7.531
 87.15  -7.527
 87.25  -7.522
 87.34  -7.517
 87.44  -7.512
 87.54  -7.507
 87.64  -7.501
 87.74  -7.496
 87.83  -7.491
 87.93  -7.486
 88.03  -7.481
 88.12  -7.476
 88.21  -7.472
 88.31  -7.468
 88.41  -7.464
 88.51  -7.460
 88.61  -7.456
 88.70  -7.453
 88.80  -7.450
 88.90  -7.447
 89.00  -7.444
 89.10  -7.442
 89.19  -7.440
 89.29  -7.437
 89.38  -7.435
 89.47  -7.432
 89.57  -7.430
 89.67  -7.427
 89.77  -7.424
 89.87  -7.421
 89.97  -7.417
 90.06  -7.414
 90.16  -7.411
 90.26  -7.407
 90.36  -7.403
 90.45  -7.400
 90.54  -7.396
 90.64  -7.392
 90.74  -7.388
 90.84  -7.384
 90.93  -7.379
 91.03  -7.375
 91.13  -7.372
 91.23  -7.368
 91.33  -7.364
 91.43  -7.360
 91.52  -7.357
 91.61  -7.353
 91.71  -7.350
 91.81  -7.346
 91.91  -7.343
 92.00  -7.339
 92.10  -7.336
 92.20  -7.333
 92.30  -7.329
 92.39  -7.326
 92.49  -7.323
 92.59  -7.320
 92.69  -7.316
 92.78  -7.313
 92.87  -7.309
 92.97  -7.305
 93.07  -7.302
 93.17  -7.298
 93.26  -7.295
 93.36  -7.291
 93.46  -7.287
 93.56  -7.283
 93.66  -7.279
 93.75  -7.276
 93.85  -7.272
 93.94  -7.268
 94.04  -7.264
 94.14  -7.260
 94.24  -7.256
 94.33  -7.252
 94.43  -7.248
 94.53  -7.244
 94.63  -7.240
 94.73  -7.236
 94.82  -7.232
 94.92  -7.228
 95.02  -7.224
 95.11  -7.221
 95.20  -7.217
 95.30  -7.213
 95.40  -7.210
 95.50  -7.206
 95.60  -7.202
 95.69  -7.199
 95.79  -7.195
 95.89  -7.191
 95.99  -7.187
 96.09  -7.184
 96.18  -7.180
 96.27  -7.176
 96.37  -7.172
 96.47  -7.168
 96.56  -7.164
 96.66  -7.159
 96.76  -7.154
 96.86  -7.150
 96.96  -7.145
 97.05  -7.141
 97.15  -7.136
 97.25  -7.132
 97.34  -7.128
 97.44  -7.123
 97.54  -7.120
 97.63  -7.116
 97.73  -7.112
 97.83  -7.108
 97.93  -7.105
 98.03  -7.102
 98.12  -7.099
 98.22  -7.097
 98.32  -7.095
 98.42  -7.093
 98.51  -7.091
 98.61  -7.089
 98.70  -7.087
 98.80  -7.085
 98.90  -7.082
 99.00  -7.080
 99.10  -7.077
 99.20  -7.074
 99.29  -7.071
 99.39  -7.068
 99.49  -7.065
 99.58  -7.061
 99.68  -7.057
 99.77  -7.053
 99.87  -7.049
 99.97  -7.045
100.06  -7.040
100.16  -7.036
100.26  -7.031
100.36  -7.027
100.46  -7.023
100.56  -7.018
100.65  -7.014
100.75  -7.010
100.84  -7.006
100.94  -7.002
101.04  -6.999
101.14  -6.995
101.23  -6.991
101.33  -6.987
101.43  -6.984
101.53  -6.980
101.63  -6.976
101.73  -6.973
101.81  -6.969
101.91  -6.966
102.01  -6.962
102.11  -6.958
102.20  -6.954
102.30  -6.950
102.40  -6.946
102.50  -6.942
102.60  -6.938
102.70  -6.934
102.79  -6.930
102.89  -6.926
102.98  -6.921
103.08  -6.917
103.18  -6.913
103.28  -6.908
103.37  -6.904
103.47  -6.899
103.57  -6.895
103.67  -6.891
103.77  -6.886
103.86  -6.882
103.96  -6.878
104.06  -6.873
104.15  -6.869
104.25  -6.865
104.35  -6.861
104.44  -6.857
104.54  -6.853
104.64  -6.849
104.74  -6.845
104.84  -6.841
104.93  -6.837
105.03  -6.833
105.13  -6.829
105.22  -6.825
105.32  -6.822
105.42  -6.818
105.51  -6.814
105.62  -6.810
105.71  -6.806
105.81  -6.802
105.91  -6.798
106.01  -6.794
106.11  -6.790
106.20  -6.787
106.30  -6.783
106.39  -6.779
106.49  -6.775
106.58  -6.771
106.68  -6.767
106.78  -6.763
106.88  -6.759
106.98  -6.755
107.08  -6.752
107.17  -6.748
107.27  -6.744
107.37  -6.741
107.46  -6.737
107.55  -6.734
107.64  -6.731
107.74  -6.728
107.83  -6.725
107.93  -6.722
108.03  -6.719
108.12  -6.716
108.22  -6.712
108.31  -6.709
108.41  -6.705
108.50  -6.702
108.59  -6.698
108.69  -6.695
108.78  -6.691
108.88  -6.687
108.97  -6.683
109.07  -6.679
109.16  -6.675
109.26  -6.671
109.35  -6.667
109.45  -6.663
109.55  -6.658
109.64  -6.654
109.73  -6.650
109.82  -6.646
109.92  -6.641
110.02  -6.637
110.11  -6.633
110.21  -6.629
110.30  -6.625
110.40  -6.621
110.49  -6.617
110.59  -6.613
110.69  -6.610
110.78  -6.606
110.87  -6.602
110.96  -6.598
111.06  -6.595
111.16  -6.591
111.25  -6.587
111.35  -6.583
111.45  -6.580
111.54  -6.576
111.64  -6.572
111.73  -6.568
111.83  -6.565
111.92  -6.561
112.01  -6.557
112.11  -6.553
112.20  -6.549
112.30  -6.545
112.40  -6.542
112.49  -6.538
112.59  -6.534
112.68  -6.530
112.78  -6.526
112.88  -6.521
112.97  -6.517
113.06  -6.513
113.16  -6.509
113.25  -6.505
113.34  -6.501
113.44  -6.497
113.54  -6.493
113.63  -6.489
113.73  -6.485
113.82  -6.482
113.92  -6.478
114.01  -6.474
114.11  -6.470
114.19  -6.466
114.29  -6.462
114.39  -6.458
114.48  -6.454
114.58  -6.450
114.67  -6.445
114.77  -6.441
114.86  -6.436
114.96  -6.431
115.06  -6.425
115.15  -6.419
115.25  -6.412
115.34  -6.406
115.43  -6.400
115.52  -6.393
115.62  -6.387
115.72  -6.381
115.81  -6.375
115.91  -6.369
116.00  -6.364
116.10  -6.359
116.20  -6.353
116.29  -6.349
116.39  -6.344
116.48  -6.339
116.57  -6.335
116.66  -6.332
116.76  -6.328
116.86  -6.325
116.95  -6.322
117.05  -6.319
117.14  -6.316
117.24  -6.312
117.33  -6.309
117.43  -6.305
117.52  -6.302
117.61  -6.298
117.71  -6.294
117.80  -6.291
117.90  -6.287
117.99  -6.283
118.09  -6.280
118.19  -6.276
118.28  -6.272
118.38  -6.269
118.47  -6.265
118.57  -6.261
118.66  -6.257
118.75  -6.253
118.84  -6.249
118.94  -6.245
119.04  -6.240
119.13  -6.236
119.23  -6.232
119.32  -6.227
119.42  -6.223
119.52  -6.218
119.61  -6.213
119.71  -6.208
119.80  -6.203
119.89  -6.198
119.99  -6.193
120.08  -6.187
120.18  -6.182
120.27  -6.177
120.37  -6.171
120.47  -6.166
120.56  -6.161
120.66  -6.156
120.75  -6.150
120.84  -6.145
120.94  -6.140
121.03  -6.135
121.13  -6.130
121.22  -6.125
121.32  -6.121
121.42  -6.116
121.51  -6.112
121.61  -6.107
121.70  -6.102
121.80  -6.098
121.90  -6.093
121.99  -6.088
122.08  -6.083
122.17  -6.078
122.27  -6.073
122.37  -6.068
122.46  -6.063
122.56  -6.058
122.66  -6.052
122.75  -6.046
122.85  -6.040
122.94  -6.034
123.03  -6.028
123.12  -6.022
123.22  -6.016
123.32  -6.010
123.41  -6.004
123.51  -5.999
123.60  -5.993
123.70  -5.988
123.80  -5.983
123.89  -5.978
123.99  -5.973
124.09  -5.968
124.18  -5.963
124.27  -5.958
124.36  -5.954
124.46  -5.949
124.56  -5.945
124.65  -5.941
124.75  -5.936
124.84  -5.932
124.94  -5.928
125.03  -5.924
125.13  -5.919
125.22  -5.915
125.32  -5.911
125.41  -5.906
125.50  -5.902
125.60  -5.898
125.69  -5.893
125.79  -5.889
125.89  -5.885
125.99  -5.880
126.08  -5.876
126.18  -5.871
126.27  -5.867
126.36  -5.862
126.46  -5.857
126.55  -5.853
126.65  -5.848
126.74  -5.844
126.84  -5.839
126.93  -5.834
127.03  -5.829
127.13  -5.824
127.22  -5.818
127.32  -5.813
127.41  -5.807
127.50  -5.801
127.60  -5.795
127.69  -5.789
127.79  -5.783
127.89  -5.777
127.98  -5.771
128.08  -5.766
128.17  -5.760
128.27  -5.754
128.36  -5.749
128.46  -5.743
128.55  -5.737
128.64  -5.732
128.74  -5.726
128.83  -5.721
128.93  -5.716
129.03  -5.710
129.12  -5.705
129.22  -5.700
129.32  -5.695
129.41  -5.690
129.51  -5.685
129.60  -5.680
129.69  -5.675
129.78  -5.670
129.88  -5.665
129.98  -5.660
130.07  -5.655
130.17  -5.650
130.26  -5.646
130.36  -5.641
130.46  -5.636
130.55  -5.631
130.64  -5.626
130.74  -5.622
130.84  -5.617
130.93  -5.612
131.02  -5.607
131.12  -5.603
131.21  -5.598
131.31  -5.593
131.41  -5.588
131.50  -5.583
131.60  -5.578
131.70  -5.573
131.79  -5.568
131.88  -5.563
131.97  -5.558
132.07  -5.554
132.17  -5.549
132.26  -5.543
132.36  -5.538
132.45  -5.533
132.55  -5.528
132.65  -5.522
132.74  -5.517
132.83  -5.511
132.92  -5.505
133.02  -5.500
133.11  -5.494
133.21  -5.488
133.31  -5.482
133.40  -5.476
133.50  -5.470
133.60  -5.464
133.69  -5.458
133.79  -5.452
133.88  -5.445
133.97  -5.438
134.07  -5.431
134.16  -5.424
134.26  -5.416
134.35  -5.408
134.45  -5.401
134.55  -5.393
134.64  -5.386
134.74  -5.379
134.84  -5.373
134.93  -5.368
135.02  -5.363
135.12  -5.358
135.21  -5.353
135.31  -5.348
135.40  -5.344
135.50  -5.339
135.59  -5.334
135.69  -5.328
135.79  -5.322
135.88  -5.316
135.98  -5.311
136.07  -5.306
136.16  -5.301
136.26  -5.296
136.35  -5.293
136.45  -5.290
136.54  -5.288
136.64  -5.285
136.74  -5.283
136.84  -5.280
136.93  -5.277
137.02  -5.275
137.12  -5.271
137.21  -5.268
137.30  -5.264
137.40  -5.260
137.50  -5.255
137.60  -5.250
137.69  -5.245
137.79  -5.239
137.88  -5.231
137.98  -5.223
138.08  -5.214
138.17  -5.205
138.26  -5.195
138.36  -5.186
138.45  -5.176
138.55  -5.167
138.64  -5.159
138.74  -5.152
138.84  -5.145
138.93  -5.138
139.03  -5.131
139.13  -5.125
139.22  -5.119
139.31  -5.113
139.41  -5.108
139.50  -5.102
139.60  -5.097
139.69  -5.092
139.79  -5.087
139.89  -5.083
139.98  -5.079
140.08  -5.075
140.18  -5.072
140.27  -5.069
140.36  -5.066
140.46  -5.064
140.55  -5.061
140.65  -5.058
140.74  -5.055
140.84  -5.051
140.94  -5.047
141.03  -5.041
141.13  -5.035
141.22  -5.029
141.32  -5.023
141.41  -5.016
141.51  -5.010
141.60  -5.004
141.70  -4.998
141.80  -4.992
141.89  -4.987
141.99  -4.981
142.08  -4.976
142.18  -4.970
142.27  -4.965
142.37  -4.959
142.46  -4.954
142.56  -4.949
142.65  -4.944
142.75  -4.939
142.84  -4.934
142.95  -4.929
143.04  -4.924
143.14  -4.919
143.23  -4.914
143.33  -4.909
143.42  -4.904
143.51  -4.898
143.61  -4.893
143.71  -4.888
143.80  -4.883
143.90  -4.878
143.99  -4.873
144.09  -4.869
144.19  -4.864
144.28  -4.859
144.37  -4.855
144.47  -4.850
144.57  -4.846
144.66  -4.841
144.75  -4.837
144.85  -4.832
144.94  -4.828
145.04  -4.823
145.13  -4.819
145.22  -4.814
145.31  -4.810
145.41  -4.805
145.50  -4.801
145.59  -4.796
145.68  -4.791
145.78  -4.787
145.87  -4.782
145.97  -4.778
146.06  -4.773
146.15  -4.768
146.24  -4.764
146.34  -4.759
146.43  -4.754
146.52  -4.750
146.61  -4.745
146.71  -4.740
146.80  -4.735
146.90  -4.730
146.99  -4.725
147.08  -4.720
147.18  -4.714
147.27  -4.709
147.36  -4.704
147.45  -4.698
147.55  -4.693
147.64  -4.688
147.73  -4.682
147.83  -4.677
147.92  -4.672
148.01  -4.666
148.11  -4.661
148.20  -4.656
148.29  -4.651
148.38  -4.646
148.48  -4.641
148.57  -4.636
148.67  -4.631
148.76  -4.627
148.85  -4.622
148.94  -4.617
149.04  -4.613
149.13  -4.608
149.23  -4.604
149.32  -4.599
149.41  -4.594
149.50  -4.590
149.59  -4.585
149.69  -4.581
149.78  -4.576
149.88  -4.572
149.97  -4.567
150.06  -4.562
150.16  -4.557
150.25  -4.552
150.34  -4.547
150.44  -4.542
150.53  -4.537
150.62  -4.532
150.71  -4.527
150.81  -4.522
150.90  -4.518
150.99  -4.513
151.09  -4.508
151.18  -4.504
151.27  -4.499
151.37  -4.495
151.46  -4.491
151.55  -4.488
151.64  -4.484
151.74  -4.481
151.83  -4.478
151.93  -4.474
152.02  -4.471
152.11  -4.467
152.21  -4.463
152.30  -4.460
152.39  -4.455
152.49  -4.451
152.58  -4.447
152.67  -4.442
152.76  -4.437
152.85  -4.432
152.95  -4.427
153.04  -4.420
153.14  -4.414
153.23  -4.408
153.32  -4.401
153.42  -4.395
153.50  -4.388
153.60  -4.382
153.69  -4.375
153.79  -4.370
153.88  -4.364
153.98  -4.358
154.07  -4.353
154.16  -4.347
154.25  -4.342
154.34  -4.337
154.44  -4.332
154.53  -4.327
154.62  -4.323
154.72  -4.318
154.81  -4.314
154.90  -4.309
155.00  -4.305
155.09  -4.300
155.18  -4.296
155.28  -4.292
155.37  -4.287
155.46  -4.283
155.55  -4.278
155.65  -4.274
155.74  -4.269
155.84  -4.265
155.93  -4.260
156.02  -4.256
156.11  -4.251
156.21  -4.246
156.30  -4.242
156.39  -4.237
156.48  -4.232
156.58  -4.227
156.67  -4.223
156.77  -4.218
156.86  -4.213
156.95  -4.209
157.04  -4.204
157.14  -4.199
157.24  -4.195
157.32  -4.190
157.41  -4.185
157.51  -4.180
157.60  -4.175
157.70  -4.170
157.79  -4.165
157.88  -4.161
157.98  -4.156
158.07  -4.151
158.17  -4.146
158.25  -4.141
158.35  -4.137
158.44  -4.132
158.54  -4.127
158.63  -4.123
158.72  -4.118
158.81  -4.114
158.91  -4.110
159.00  -4.106
159.10  -4.102
159.18  -4.099
159.28  -4.095
159.37  -4.091
159.47  -4.088
159.56  -4.084
159.65  -4.080
159.74  -4.076
159.84  -4.072
159.93  -4.068
160.02  -4.064
160.12  -4.060
160.21  -4.055
160.30  -4.051
160.40  -4.046
160.49  -4.041
160.58  -4.036
160.68  -4.031
160.77  -4.026
160.87  -4.021
160.95  -4.016
161.05  -4.011
161.14  -4.006
161.24  -4.001
161.33  -3.996
161.43  -3.991
161.52  -3.987
161.61  -3.982
161.70  -3.977
161.80  -3.973
161.89  -3.968
161.98  -3.964
162.08  -3.960
162.17  -3.955
162.26  -3.951
162.35  -3.947
162.45  -3.943
162.54  -3.939
162.64  -3.935
162.73  -3.930
162.82  -3.926
162.91  -3.922
163.01  -3.918
163.10  -3.914
163.19  -3.910
163.29  -3.906
163.38  -3.902
163.48  -3.898
163.56  -3.894
163.66  -3.890
163.75  -3.886
163.85  -3.882
163.94  -3.878
164.03  -3.874
164.12  -3.870
164.22  -3.866
164.31  -3.862
164.40  -3.858
164.49  -3.854
164.59  -3.850
164.68  -3.846
164.78  -3.841
164.87  -3.837
164.96  -3.833
165.05  -3.828
165.15  -3.824
165.24  -3.819
165.34  -3.815
165.43  -3.810
165.52  -3.806
165.61  -3.801
165.70  -3.796
165.80  -3.792
165.90  -3.787
165.99  -3.782
166.08  -3.778
166.17  -3.773
166.27  -3.768
166.36  -3.764
166.46  -3.759
166.55  -3.754
166.64  -3.749
166.74  -3.745
166.83  -3.740
166.92  -3.735
167.01  -3.731
167.11  -3.726
167.20  -3.721
167.30  -3.717
167.39  -3.712
167.48  -3.707
167.57  -3.703
167.67  -3.698
167.76  -3.694
167.85  -3.689
167.95  -3.685
168.04  -3.680
168.13  -3.676
168.22  -3.672
168.32  -3.667
168.41  -3.663
168.51  -3.659
168.60  -3.654
168.69  -3.650
168.78  -3.646
168.88  -3.642
168.97  -3.637
169.06  -3.633
169.16  -3.629
169.25  -3.625
169.34  -3.620
169.44  -3.616
169.53  -3.612
169.62  -3.608
169.72  -3.603
169.81  -3.599
169.90  -3.595
170.00  -3.591
170.09  -3.587
170.19  -3.582
170.27  -3.578
170.37  -3.574
170.46  -3.570
170.56  -3.566
170.65  -3.562
170.74  -3.557
170.84  -3.553
170.93  -3.548
171.02  -3.544
171.11  -3.539
171.21  -3.535
171.30  -3.530
171.40  -3.526
171.49  -3.522
171.58  -3.517
171.67  -3.513
171.77  -3.509
171.86  -3.504
171.95  -3.500
172.05  -3.496
172.14  -3.492
172.23  -3.488
172.32  -3.484
172.42  -3.481
172.51  -3.477
172.61  -3.473
172.70  -3.470
172.79  -3.466
172.88  -3.463
172.98  -3.459
173.07  -3.455
173.17  -3.452
173.26  -3.448
173.36  -3.444
173.45  -3.441
173.54  -3.437
173.63  -3.433
173.73  -3.429
173.82  -3.425
173.91  -3.421
174.00  -3.417
174.10  -3.412
174.19  -3.408
174.28  -3.403
174.38  -3.399
174.47  -3.395
174.57  -3.390
174.66  -3.386
174.75  -3.382
174.85  -3.378
174.94  -3.373
175.03  -3.369
175.12  -3.365
175.22  -3.360
175.31  -3.356
175.41  -3.352
175.50  -3.348
175.59  -3.344
175.69  -3.339
175.78  -3.335
175.88  -3.331
175.97  -3.327
176.06  -3.323
176.15  -3.319
176.24  -3.315
176.34  -3.311
176.43  -3.307
176.53  -3.303
176.62  -3.299
176.71  -3.295
176.80  -3.291
176.90  -3.287
176.99  -3.283
177.08  -3.280
177.18  -3.276
177.28  -3.272
177.37  -3.268
177.46  -3.265
177.55  -3.261
177.65  -3.258
177.74  -3.254
177.83  -3.250
177.93  -3.247
178.02  -3.243
178.11  -3.240
178.21  -3.236
178.30  -3.232
178.39  -3.228
178.49  -3.225
178.58  -3.221
178.67  -3.217
178.77  -3.213
178.86  -3.210
178.95  -3.206
179.05  -3.202
179.14  -3.198
179.23  -3.195
179.33  -3.191
179.42  -3.187
179.51  -3.184
179.61  -3.181
179.70  -3.177
179.79  -3.174
179.89  -3.171
179.98  -3.168
180.07  -3.166
180.16  -3.163
180.26  -3.160
180.35  -3.158
180.45  -3.155
180.54  -3.152
180.63  -3.150
180.72  -3.147
180.82  -3.144
180.91  -3.141
181.00  -3.139
181.10  -3.136
181.19  -3.133
181.29  -3.130
181.38  -3.127
181.47  -3.123
181.56  -3.120
181.66  -3.117
181.75  -3.114
181.84  -3.110
181.93  -3.107
182.03  -3.104
182.11  -3.100
182.20  -3.097
182.29  -3.094
182.39  -3.090
182.48  -3.087
182.57  -3.083
182.66  -3.080
182.75  -3.077
182.84  -3.073
182.93  -3.070
183.02  -3.067
183.11  -3.064
183.20  -3.060
183.30  -3.057
183.39  -3.054
183.48  -3.051
183.57  -3.047
183.66  -3.044
183.75  -3.041
183.84  -3.037
183.93  -3.034
184.02  -3.031
184.12  -3.027
184.21  -3.024
184.30  -3.021
184.38  -3.018
184.48  -3.015
184.57  -3.012
184.66  -3.009
184.75  -3.006
184.85  -3.003
184.94  -3.000
185.03  -2.997
185.12  -2.994
185.21  -2.991
185.30  -2.987
185.39  -2.984
185.48  -2.981
185.57  -2.977
185.66  -2.974
185.76  -2.970
185.85  -2.966
185.94  -2.962
186.03  -2.958
186.12  -2.954
186.21  -2.950
186.30  -2.946
186.39  -2.942
186.48  -2.938
186.58  -2.934
186.66  -2.930
186.75  -2.926
186.85  -2.922
186.94  -2.918
187.03  -2.915
187.12  -2.911
187.21  -2.908
187.31  -2.905
187.40  -2.902
187.48  -2.899
187.57  -2.896
187.66  -2.893
187.75  -2.890
187.85  -2.887
187.94  -2.884
188.03  -2.881
188.12  -2.878
188.21  -2.875
188.30  -2.872
188.39  -2.869
188.48  -2.866
188.57  -2.863
188.67  -2.860
188.76  -2.856
188.85  -2.853
188.94  -2.850
189.03  -2.846
189.12  -2.843
189.21  -2.840
189.30  -2.836
189.39  -2.833
189.48  -2.829
189.57  -2.826
189.67  -2.822
189.75  -2.819
189.84  -2.816
189.94  -2.812
190.03  -2.809
190.12  -2.806
190.21  -2.803
190.30  -2.799
190.40  -2.796
190.49  -2.793
190.57  -2.790
190.66  -2.787
190.75  -2.783
190.84  -2.780
190.94  -2.777
191.03  -2.773
191.12  -2.770
191.21  -2.766
191.30  -2.763
191.39  -2.759
191.48  -2.756
191.57  -2.752
191.67  -2.748
191.76  -2.744
191.85  -2.740
191.94  -2.736
192.03  -2.732
192.12  -2.728
192.21  -2.724
192.30  -2.720
192.39  -2.716
192.49  -2.712
192.58  -2.708
192.67  -2.704
192.76  -2.700
192.85  -2.696
192.94  -2.692
193.03  -2.688
193.12  -2.684
193.21  -2.680
193.30  -2.676
193.40  -2.672
193.49  -2.668
193.58  -2.664
193.66  -2.660
193.76  -2.656
193.85  -2.652
193.94  -2.648
194.03  -2.644
194.12  -2.641
194.21  -2.637
194.30  -2.634
194.39  -2.632
194.48  -2.630
194.58  -2.628
194.67  -2.626
194.76  -2.625
194.85  -2.623
194.94  -2.621
195.03  -2.620
195.13  -2.617
195.21  -2.614
195.30  -2.612
195.39  -2.609
195.48  -2.606
195.57  -2.603
195.67  -2.599
195.76  -2.596
195.85  -2.593
195.94  -2.590
196.03  -2.587
196.12  -2.583
196.21  -2.580
196.30  -2.577
196.40  -2.573
196.49  -2.570
196.58  -2.566
196.66  -2.562
196.75  -2.559
196.85  -2.555
196.94  -2.551
197.03  -2.548
197.12  -2.544
197.21  -2.541
197.31  -2.537
197.39  -2.534
197.48  -2.531
197.58  -2.528
197.67  -2.525
197.76  -2.522
197.85  -2.519
197.94  -2.516
198.03  -2.513
198.12  -2.510
198.21  -2.507
198.30  -2.504
198.39  -2.501
198.48  -2.498
198.57  -2.495
198.66  -2.491
198.76  -2.488
198.84  -2.485
198.93  -2.482
199.03  -2.479
199.12  -2.476
199.21  -2.473
199.30  -2.470
199.39  -2.467
199.48  -2.464
199.58  -2.461
199.67  -2.458
199.75  -2.455
199.84  -2.452
199.93  -2.448
200.03  -2.445
200.12  -2.442
200.21  -2.439
200.30  -2.436
200.40  -2.433
200.49  -2.430
200.57  -2.426
200.66  -2.423
200.75  -2.420
200.84  -2.417
200.94  -2.414
201.03  -2.411
201.12  -2.407
201.21  -2.404
201.30  -2.401
201.39  -2.398
201.48  -2.395
201.57  -2.392
