  
  DOI/GTN-P Deep Borehole Array, Arctic Alaska 
             U.S. Geological Survey 
            Processed Temperature Log 
                    28-Aug-2013 
________________________________________________ 
  
Temperature Log Information: 
  Well name:   West Fish Creek 
  File name:   FCK_08JUL19_c_d 
  Log date:    19-JUL-2008 
  
Contact Information: 
  Gary Clow 
  U.S. Geological Survey 
  clow@usgs.gov 
  
Definitions: 
  Depth:        Depth below local ground surface (m) 
  Temperature:  ITS-90 temperature (°C) 
________________________________________________ 
             
 Depth  Temperature 
 13.43  -6.412
 13.50  -6.412
 13.57  -6.412
 13.64  -6.412
 13.71  -6.412
 13.78  -6.412
 13.84  -6.412
 13.91  -6.412
 13.97  -6.412
 14.04  -6.412
 14.10  -6.412
 14.16  -6.412
 14.22  -6.412
 14.28  -6.412
 14.34  -6.412
 14.40  -6.412
 14.45  -6.412
 14.51  -6.412
 14.57  -6.412
 14.63  -6.412
 14.69  -6.412
 14.74  -6.412
 14.79  -6.412
 14.85  -6.412
 14.91  -6.412
 14.97  -6.412
 15.03  -6.412
 15.09  -6.412
 15.15  -6.412
 15.21  -6.412
 15.27  -6.412
 15.32  -6.413
 15.38  -6.413
 15.44  -6.413
 15.50  -6.413
 15.56  -6.413
 15.62  -6.413
 15.68  -6.413
 15.74  -6.413
 15.80  -6.413
 15.85  -6.414
 15.91  -6.414
 15.96  -6.414
 16.02  -6.414
 16.08  -6.415
 16.14  -6.415
 16.20  -6.416
 16.26  -6.417
 16.32  -6.417
 16.38  -6.418
 16.44  -6.419
 16.50  -6.421
 16.55  -6.422
 16.61  -6.424
 16.67  -6.426
 16.73  -6.428
 16.79  -6.431
 16.84  -6.433
 16.90  -6.436
 16.96  -6.438
 17.02  -6.441
 17.08  -6.444
 17.14  -6.447
 17.19  -6.450
 17.25  -6.453
 17.31  -6.457
 17.37  -6.460
 17.43  -6.463
 17.48  -6.467
 17.54  -6.470
 17.60  -6.474
 17.66  -6.478
 17.72  -6.482
 17.78  -6.485
 17.84  -6.489
 17.90  -6.493
 17.96  -6.497
 18.02  -6.501
 18.08  -6.505
 18.13  -6.509
 18.20  -6.513
 18.25  -6.517
 18.31  -6.521
 18.36  -6.525
 18.42  -6.529
 18.48  -6.533
 18.54  -6.537
 18.60  -6.541
 18.66  -6.545
 18.72  -6.549
 18.78  -6.553
 18.83  -6.557
 18.89  -6.561
 18.95  -6.565
 19.01  -6.569
 19.07  -6.573
 19.13  -6.577
 19.19  -6.581
 19.25  -6.584
 19.31  -6.588
 19.37  -6.592
 19.43  -6.595
 19.48  -6.599
 19.54  -6.603
 19.60  -6.606
 19.65  -6.610
 19.71  -6.614
 19.77  -6.617
 19.83  -6.621
 19.89  -6.624
 19.95  -6.628
 20.01  -6.632
 20.06  -6.636
 20.13  -6.639
 20.19  -6.643
 20.25  -6.647
 20.30  -6.651
 20.36  -6.656
 20.42  -6.660
 20.48  -6.665
 20.58  -6.669
 20.67  -6.674
 20.87  -6.683
 20.96  -6.688
 21.05  -6.692
 21.14  -6.697
 21.25  -6.702
 21.35  -6.707
 21.45  -6.711
 21.55  -6.716
 21.66  -6.721
 21.76  -6.726
 21.86  -6.731
 21.96  -6.735
 22.06  -6.740
 22.16  -6.745
 22.25  -6.750
 22.36  -6.755
 22.46  -6.760
 22.56  -6.765
 22.66  -6.770
 22.77  -6.775
 22.87  -6.780
 22.97  -6.785
 23.07  -6.790
 23.18  -6.795
 23.28  -6.800
 23.38  -6.806
 23.47  -6.811
 23.57  -6.816
 23.67  -6.822
 23.78  -6.827
 23.88  -6.832
 23.98  -6.838
 24.08  -6.843
 24.18  -6.849
 24.28  -6.855
 24.38  -6.860
 24.48  -6.866
 24.58  -6.872
 24.69  -6.878
 24.79  -6.884
 24.89  -6.890
 24.99  -6.897
 25.09  -6.904
 25.19  -6.910
 25.30  -6.917
 25.40  -6.924
 25.50  -6.931
 25.60  -6.938
 25.69  -6.945
 25.80  -6.952
 25.90  -6.960
 26.00  -6.967
 26.10  -6.974
 26.20  -6.981
 26.30  -6.989
 26.40  -6.996
 26.50  -7.003
 26.60  -7.010
 26.69  -7.017
 26.79  -7.024
 26.89  -7.031
 26.99  -7.038
 27.09  -7.045
 27.18  -7.052
 27.28  -7.059
 27.38  -7.066
 27.48  -7.073
 27.58  -7.080
 27.69  -7.087
 27.78  -7.094
 27.88  -7.101
 27.98  -7.108
 28.07  -7.115
 28.17  -7.122
 28.27  -7.129
 28.37  -7.136
 28.47  -7.143
 28.57  -7.150
 28.67  -7.157
 28.77  -7.164
 28.87  -7.171
 28.97  -7.178
 29.06  -7.185
 29.16  -7.191
 29.26  -7.198
 29.35  -7.205
 29.45  -7.212
 29.56  -7.219
 29.65  -7.225
 29.76  -7.232
 29.86  -7.239
 29.95  -7.246
 30.05  -7.252
 30.15  -7.259
 30.24  -7.265
 30.34  -7.272
 30.44  -7.279
 30.54  -7.285
 30.64  -7.291
 30.74  -7.297
 30.84  -7.304
 30.94  -7.310
 31.04  -7.316
 31.14  -7.322
 31.24  -7.327
 31.34  -7.333
 31.43  -7.339
 31.53  -7.344
 31.63  -7.350
 31.73  -7.355
 31.83  -7.360
 31.93  -7.365
 32.03  -7.370
 32.13  -7.375
 32.23  -7.380
 32.33  -7.384
 32.43  -7.389
 32.52  -7.393
 32.62  -7.398
 32.72  -7.402
 32.82  -7.406
 32.92  -7.410
 33.01  -7.413
 33.11  -7.416
 33.22  -7.420
 33.32  -7.423
 33.42  -7.426
 33.52  -7.429
 33.61  -7.432
 33.70  -7.435
 33.80  -7.438
 33.90  -7.441
 34.00  -7.444
 34.10  -7.447
 34.20  -7.450
 34.30  -7.453
 34.40  -7.456
 34.50  -7.459
 34.60  -7.462
 34.70  -7.466
 34.79  -7.469
 34.89  -7.473
 34.99  -7.476
 35.08  -7.480
 35.19  -7.484
 35.29  -7.487
 35.38  -7.491
 35.49  -7.495
 35.59  -7.499
 35.68  -7.502
 35.78  -7.506
 35.88  -7.510
 35.97  -7.515
 36.07  -7.519
 36.17  -7.523
 36.27  -7.528
 36.37  -7.533
 36.47  -7.537
 36.57  -7.542
 36.67  -7.547
 36.77  -7.552
 36.87  -7.557
 36.97  -7.561
 37.07  -7.566
 37.16  -7.571
 37.26  -7.576
 37.35  -7.581
 37.46  -7.586
 37.55  -7.590
 37.65  -7.595
 37.75  -7.599
 37.85  -7.604
 37.95  -7.608
 38.05  -7.612
 38.15  -7.616
 38.24  -7.620
 38.34  -7.624
 38.44  -7.628
 38.54  -7.632
 38.64  -7.637
 38.74  -7.641
 38.83  -7.645
 38.94  -7.649
 39.04  -7.653
 39.14  -7.657
 39.24  -7.661
 39.33  -7.665
 39.42  -7.670
 39.52  -7.674
 39.62  -7.678
 39.72  -7.683
 39.82  -7.687
 39.92  -7.691
 40.02  -7.696
 40.12  -7.700
 40.22  -7.704
 40.32  -7.708
 40.42  -7.713
 40.52  -7.717
 40.60  -7.721
 40.70  -7.725
 40.80  -7.729
 40.90  -7.733
 41.00  -7.737
 41.10  -7.740
 41.20  -7.744
 41.30  -7.748
 41.40  -7.752
 41.50  -7.755
 41.60  -7.759
 41.69  -7.763
 41.79  -7.766
 41.89  -7.770
 41.99  -7.773
 42.09  -7.777
 42.18  -7.780
 42.28  -7.784
 42.38  -7.787
 42.48  -7.791
 42.58  -7.794
 42.68  -7.797
 42.78  -7.801
 42.87  -7.804
 42.97  -7.808
 43.07  -7.811
 43.17  -7.814
 43.27  -7.817
 43.37  -7.821
 43.47  -7.824
 43.57  -7.827
 43.67  -7.830
 43.77  -7.833
 43.87  -7.836
 43.97  -7.839
 44.06  -7.842
 44.16  -7.845
 44.26  -7.848
 44.35  -7.851
 44.45  -7.854
 44.55  -7.856
 44.65  -7.859
 44.75  -7.862
 44.85  -7.865
 44.95  -7.868
 45.05  -7.870
 45.14  -7.873
 45.24  -7.876
 45.34  -7.879
 45.44  -7.881
 45.54  -7.884
 45.64  -7.887
 45.74  -7.889
 45.84  -7.892
 45.94  -7.895
 46.04  -7.898
 46.13  -7.900
 46.23  -7.903
 46.33  -7.906
 46.42  -7.908
 46.53  -7.911
 46.62  -7.914
 46.72  -7.916
 46.82  -7.919
 46.92  -7.922
 47.02  -7.925
 47.13  -7.927
 47.22  -7.930
 47.32  -7.933
 47.41  -7.936
 47.51  -7.939
 47.61  -7.942
 47.71  -7.945
 47.81  -7.948
 47.91  -7.950
 48.01  -7.953
 48.11  -7.956
 48.21  -7.959
 48.31  -7.962
 48.41  -7.964
 48.51  -7.967
 48.60  -7.970
 48.70  -7.972
 48.80  -7.974
 48.90  -7.977
 49.00  -7.979
 49.10  -7.981
 49.20  -7.983
 49.30  -7.985
 49.40  -7.987
 49.49  -7.990
 49.59  -7.992
 49.68  -7.994
 49.78  -7.995
 49.88  -7.997
 49.98  -7.999
 50.08  -8.001
 50.18  -8.003
 50.28  -8.005
 50.38  -8.007
 50.48  -8.009
 50.58  -8.011
 50.68  -8.012
 50.78  -8.014
 50.87  -8.016
 50.97  -8.018
 51.07  -8.019
 51.17  -8.021
 51.27  -8.023
 51.37  -8.024
 51.47  -8.026
 51.57  -8.027
 51.67  -8.029
 51.77  -8.030
 51.87  -8.031
 51.97  -8.033
 52.06  -8.034
 52.16  -8.035
 52.26  -8.036
 52.36  -8.037
 52.45  -8.038
 52.56  -8.039
 52.66  -8.040
 52.76  -8.041
 52.86  -8.042
 52.96  -8.043
 53.05  -8.044
 53.14  -8.045
 53.24  -8.045
 53.34  -8.046
 53.45  -8.047
 53.54  -8.047
 53.65  -8.048
 53.74  -8.048
 53.84  -8.048
 53.94  -8.049
 54.04  -8.049
 54.14  -8.049
 54.24  -8.049
 54.33  -8.050
 54.43  -8.050
 54.53  -8.050
 54.63  -8.050
 54.73  -8.050
 54.83  -8.050
 54.93  -8.051
 55.03  -8.051
 55.13  -8.051
 55.23  -8.051
 55.33  -8.051
 55.42  -8.051
 55.52  -8.051
 55.62  -8.051
 55.72  -8.051
 55.82  -8.051
 55.92  -8.051
 56.02  -8.051
 56.12  -8.051
 56.22  -8.051
 56.32  -8.051
 56.42  -8.052
 56.52  -8.052
 56.61  -8.052
 56.71  -8.052
 56.81  -8.052
 56.91  -8.052
 57.01  -8.052
 57.11  -8.052
 57.21  -8.052
 57.31  -8.052
 57.41  -8.052
 57.50  -8.052
 57.60  -8.052
 57.70  -8.052
 57.80  -8.052
 57.90  -8.052
 58.00  -8.052
 58.10  -8.052
 58.20  -8.052
 58.29  -8.052
 58.40  -8.052
 58.50  -8.051
 58.60  -8.051
 58.70  -8.051
 58.80  -8.051
 58.89  -8.051
 58.99  -8.051
 59.09  -8.050
 59.19  -8.050
 59.29  -8.050
 59.39  -8.050
 59.49  -8.050
 59.59  -8.049
 59.68  -8.049
 59.78  -8.049
 59.88  -8.049
 59.99  -8.049
 60.08  -8.048
 60.18  -8.048
 60.28  -8.048
 60.38  -8.048
 60.47  -8.047
 60.58  -8.047
 60.68  -8.047
 60.78  -8.047
 60.88  -8.046
 60.97  -8.046
 61.07  -8.046
 61.17  -8.045
 61.26  -8.045
 61.37  -8.045
 61.46  -8.044
 61.56  -8.044
 61.67  -8.044
 61.76  -8.043
 61.86  -8.043
 61.96  -8.042
 62.06  -8.042
 62.16  -8.041
 62.26  -8.041
 62.36  -8.040
 62.45  -8.040
 62.55  -8.039
 62.65  -8.039
 62.75  -8.038
 62.85  -8.038
 62.95  -8.037
 63.05  -8.037
 63.15  -8.036
 63.25  -8.035
 63.35  -8.035
 63.44  -8.034
 63.54  -8.033
 63.64  -8.033
 63.74  -8.032
 63.84  -8.031
 63.94  -8.030
 64.04  -8.030
 64.14  -8.029
 64.24  -8.028
 64.34  -8.027
 64.44  -8.027
 64.54  -8.026
 64.63  -8.025
 64.73  -8.024
 64.83  -8.023
 64.93  -8.023
 65.03  -8.022
 65.13  -8.021
 65.22  -8.020
 65.32  -8.019
 65.42  -8.018
 65.52  -8.017
 65.62  -8.016
 65.71  -8.016
 65.81  -8.015
 65.91  -8.014
 66.00  -8.013
 66.10  -8.012
 66.20  -8.011
 66.29  -8.010
 66.39  -8.009
 66.49  -8.008
 66.59  -8.007
 66.68  -8.006
 66.78  -8.005
 66.87  -8.004
 66.97  -8.003
 67.06  -8.002
 67.16  -8.001
 67.26  -8.000
 67.36  -7.999
 67.45  -7.998
 67.55  -7.997
 67.65  -7.996
 67.74  -7.995
 67.84  -7.994
 67.94  -7.993
 68.03  -7.992
 68.13  -7.991
 68.23  -7.990
 68.32  -7.989
 68.42  -7.987
 68.52  -7.986
 68.61  -7.985
 68.71  -7.984
 68.81  -7.983
 68.91  -7.982
 69.00  -7.980
 69.09  -7.979
 69.19  -7.978
 69.29  -7.976
 69.39  -7.975
 69.48  -7.974
 69.58  -7.972
 69.68  -7.971
 69.77  -7.969
 69.87  -7.968
 69.97  -7.966
 70.07  -7.965
 70.17  -7.963
 70.26  -7.962
 70.35  -7.961
 70.45  -7.959
 70.55  -7.958
 70.64  -7.956
 70.74  -7.955
 70.84  -7.954
 70.94  -7.953
 71.03  -7.952
 71.13  -7.950
 71.23  -7.949
 71.33  -7.948
 71.42  -7.947
 71.52  -7.946
 71.61  -7.945
 71.71  -7.943
 71.80  -7.942
 71.90  -7.941
 72.00  -7.940
 72.10  -7.938
 72.20  -7.937
 72.30  -7.936
 72.39  -7.934
 72.48  -7.933
 72.58  -7.931
 72.68  -7.929
 72.77  -7.928
 72.87  -7.926
 72.97  -7.924
 73.07  -7.923
 73.16  -7.921
 73.26  -7.919
 73.36  -7.917
 73.46  -7.916
 73.56  -7.914
 73.65  -7.912
 73.74  -7.911
 73.84  -7.909
 73.94  -7.907
 74.03  -7.906
 74.13  -7.904
 74.23  -7.902
 74.33  -7.901
 74.42  -7.899
 74.52  -7.897
 74.62  -7.895
 74.71  -7.894
 74.80  -7.892
 74.90  -7.890
 75.00  -7.889
 75.10  -7.887
 75.20  -7.885
 75.39  -7.881
 75.49  -7.879
 75.59  -7.878
 75.69  -7.876
 75.78  -7.874
 75.88  -7.872
 75.97  -7.870
 76.06  -7.868
 76.16  -7.866
 76.26  -7.864
 76.36  -7.862
 76.45  -7.860
 76.55  -7.858
 76.65  -7.856
 76.75  -7.854
 76.85  -7.852
 76.94  -7.850
 77.03  -7.847
 77.13  -7.845
 77.23  -7.843
 77.33  -7.841
 77.42  -7.839
 77.52  -7.837
 77.62  -7.835
 77.72  -7.833
 77.82  -7.831
 77.91  -7.828
 78.01  -7.826
 78.11  -7.824
 78.20  -7.822
 78.29  -7.819
 78.39  -7.817
 78.49  -7.814
 78.59  -7.812
 78.69  -7.809
 78.78  -7.806
 78.88  -7.804
 78.98  -7.801
 79.08  -7.798
 79.18  -7.795
 79.27  -7.793
 79.36  -7.790
 79.46  -7.787
 79.56  -7.784
 79.65  -7.782
 79.75  -7.779
 79.85  -7.776
 79.95  -7.774
 80.04  -7.771
 80.14  -7.769
 80.24  -7.767
 80.34  -7.764
 80.43  -7.762
 80.53  -7.760
 80.62  -7.758
 80.72  -7.755
 80.82  -7.753
 80.92  -7.751
 81.02  -7.749
 81.11  -7.747
 81.21  -7.744
 81.31  -7.742
 81.41  -7.740
 81.50  -7.738
 81.59  -7.736
 81.69  -7.734
 81.79  -7.731
 81.89  -7.729
 81.98  -7.727
 82.08  -7.725
 82.18  -7.722
 82.28  -7.720
 82.37  -7.718
 82.47  -7.716
 82.57  -7.714
 82.67  -7.711
 82.76  -7.709
 82.86  -7.707
 82.95  -7.704
 83.05  -7.702
 83.15  -7.699
 83.24  -7.696
 83.34  -7.694
 83.44  -7.691
 83.54  -7.688
 83.64  -7.685
 83.73  -7.682
 83.82  -7.679
 83.92  -7.676
 84.02  -7.673
 84.12  -7.670
 84.22  -7.668
 84.32  -7.665
 84.41  -7.662
 84.51  -7.659
 84.60  -7.656
 84.70  -7.653
 84.80  -7.651
 84.90  -7.648
 84.99  -7.646
 85.09  -7.643
 85.19  -7.641
 85.28  -7.638
 85.38  -7.636
 85.48  -7.634
 85.58  -7.631
 85.67  -7.629
 85.77  -7.626
 85.87  -7.624
 85.97  -7.621
 86.06  -7.619
 86.15  -7.616
 86.25  -7.614
 86.35  -7.611
 86.45  -7.609
 86.55  -7.606
 86.64  -7.604
 86.74  -7.601
 86.84  -7.598
 86.94  -7.596
 87.03  -7.593
 87.13  -7.591
 87.23  -7.588
 87.32  -7.585
 87.42  -7.582
 87.51  -7.580
 87.61  -7.577
 87.71  -7.574
 87.81  -7.571
 87.91  -7.568
 88.00  -7.565
 88.10  -7.562
 88.20  -7.559
 88.30  -7.556
 88.39  -7.553
 88.49  -7.550
 88.59  -7.547
 88.68  -7.544
 88.78  -7.541
 88.88  -7.538
 88.98  -7.535
 89.07  -7.532
 89.17  -7.529
 89.27  -7.526
 89.36  -7.523
 89.46  -7.520
 89.55  -7.517
 89.65  -7.514
 89.75  -7.511
 89.85  -7.508
 89.95  -7.505
 90.04  -7.503
 90.14  -7.500
 90.24  -7.497
 90.33  -7.494
 90.43  -7.491
 90.53  -7.488
 90.62  -7.485
 90.72  -7.482
 90.82  -7.480
 90.91  -7.477
 91.01  -7.474
 91.11  -7.471
 91.21  -7.468
 91.31  -7.465
 91.40  -7.463
 91.50  -7.460
 91.59  -7.457
 91.69  -7.454
 91.79  -7.451
 91.88  -7.448
 91.98  -7.445
 92.08  -7.443
 92.18  -7.440
 92.27  -7.437
 92.37  -7.434
 92.47  -7.431
 92.57  -7.428
 92.67  -7.426
 92.77  -7.423
 92.86  -7.420
 92.95  -7.417
 93.05  -7.414
 93.15  -7.411
 93.25  -7.409
 93.35  -7.406
 93.44  -7.403
 93.54  -7.400
 93.63  -7.397
 93.73  -7.394
 93.83  -7.391
 93.93  -7.388
 94.02  -7.385
 94.12  -7.382
 94.22  -7.379
 94.31  -7.375
 94.41  -7.372
 94.51  -7.369
 94.61  -7.365
 94.71  -7.362
 94.81  -7.359
 94.90  -7.355
 95.00  -7.352
 95.10  -7.349
 95.19  -7.345
 95.28  -7.342
 95.38  -7.339
 95.48  -7.336
 95.58  -7.334
 95.68  -7.331
 95.78  -7.328
 95.87  -7.326
 95.97  -7.324
 96.07  -7.321
 96.17  -7.319
 96.27  -7.317
 96.36  -7.314
 96.45  -7.312
 96.55  -7.310
 96.65  -7.307
 96.75  -7.305
 96.85  -7.303
 96.95  -7.300
 97.04  -7.298
 97.14  -7.295
 97.24  -7.292
 97.34  -7.289
 97.43  -7.286
 97.52  -7.283
 97.62  -7.280
 97.72  -7.277
 97.82  -7.274
 97.92  -7.271
 98.01  -7.267
 98.11  -7.264
 98.21  -7.261
 98.31  -7.257
 98.41  -7.254
 98.50  -7.251
 98.59  -7.247
 98.69  -7.244
 98.79  -7.241
 98.89  -7.237
 98.99  -7.234
 99.09  -7.230
 99.19  -7.227
 99.28  -7.223
 99.38  -7.220
 99.48  -7.216
 99.58  -7.212
 99.67  -7.209
 99.76  -7.205
 99.86  -7.201
 99.96  -7.198
100.06  -7.194
100.16  -7.190
100.25  -7.186
100.35  -7.183
100.45  -7.179
100.55  -7.175
100.65  -7.171
100.74  -7.167
100.84  -7.163
100.93  -7.160
101.03  -7.156
101.13  -7.152
101.23  -7.148
101.33  -7.144
101.42  -7.140
101.52  -7.136
101.62  -7.133
101.72  -7.129
101.82  -7.125
101.91  -7.122
102.00  -7.118
102.10  -7.114
102.20  -7.111
102.30  -7.107
102.40  -7.104
102.50  -7.100
102.59  -7.097
102.69  -7.093
102.79  -7.090
102.88  -7.086
102.98  -7.083
103.08  -7.079
103.17  -7.076
103.27  -7.072
103.37  -7.069
103.47  -7.065
103.56  -7.061
103.66  -7.058
103.76  -7.054
103.86  -7.050
103.95  -7.047
104.05  -7.043
104.15  -7.039
104.25  -7.036
104.34  -7.032
104.44  -7.028
104.53  -7.025
104.63  -7.021
104.73  -7.017
104.82  -7.014
104.91  -7.010
105.00  -7.006
105.10  -7.003
105.20  -6.999
105.29  -6.996
105.38  -6.992
105.48  -6.988
105.57  -6.985
105.67  -6.981
105.76  -6.977
105.86  -6.974
105.96  -6.970
106.05  -6.966
106.15  -6.963
106.24  -6.959
106.34  -6.955
106.43  -6.952
106.53  -6.948
106.62  -6.945
106.71  -6.941
106.81  -6.937
106.91  -6.934
107.00  -6.930
107.09  -6.926
107.19  -6.923
107.29  -6.919
107.38  -6.916
107.48  -6.912
107.57  -6.908
107.66  -6.904
107.76  -6.900
107.85  -6.896
107.95  -6.891
108.05  -6.886
108.14  -6.881
108.23  -6.876
108.33  -6.871
108.42  -6.866
108.52  -6.861
108.62  -6.856
108.71  -6.851
108.81  -6.846
108.90  -6.841
108.99  -6.836
109.09  -6.832
109.18  -6.827
109.28  -6.823
109.38  -6.819
109.47  -6.816
109.57  -6.813
109.66  -6.810
109.76  -6.807
109.85  -6.805
109.94  -6.802
110.04  -6.800
110.14  -6.798
110.23  -6.796
110.33  -6.794
110.42  -6.792
110.52  -6.790
110.61  -6.788
110.71  -6.786
110.80  -6.784
110.90  -6.782
110.99  -6.780
111.08  -6.777
111.18  -6.775
111.27  -6.772
111.37  -6.770
111.47  -6.767
111.56  -6.764
111.66  -6.762
111.75  -6.759
111.84  -6.756
111.94  -6.754
112.04  -6.751
112.13  -6.748
112.22  -6.745
112.32  -6.742
112.42  -6.739
112.51  -6.736
112.61  -6.733
112.70  -6.730
112.80  -6.727
112.89  -6.723
112.99  -6.720
113.08  -6.716
113.18  -6.713
113.27  -6.709
113.36  -6.705
113.46  -6.702
113.56  -6.698
113.65  -6.694
113.75  -6.691
113.84  -6.687
113.93  -6.683
114.03  -6.680
114.13  -6.676
114.22  -6.673
114.32  -6.670
114.41  -6.666
114.50  -6.663
114.60  -6.659
114.69  -6.656
114.79  -6.652
114.89  -6.649
114.98  -6.645
115.08  -6.642
115.17  -6.638
115.26  -6.634
115.36  -6.630
115.45  -6.627
115.55  -6.623
115.64  -6.619
115.74  -6.614
115.84  -6.610
115.93  -6.606
116.03  -6.602
116.12  -6.597
116.22  -6.593
116.31  -6.589
116.41  -6.584
116.50  -6.580
116.59  -6.576
116.69  -6.571
116.78  -6.567
116.88  -6.562
116.98  -6.558
117.07  -6.553
117.17  -6.549
117.26  -6.544
117.36  -6.540
117.45  -6.535
117.55  -6.531
117.64  -6.526
117.73  -6.521
117.83  -6.517
117.92  -6.512
118.02  -6.508
118.11  -6.504
118.21  -6.499
118.31  -6.495
118.40  -6.491
118.49  -6.487
118.59  -6.483
118.68  -6.479
118.77  -6.475
118.87  -6.471
118.97  -6.467
119.07  -6.464
119.16  -6.460
119.26  -6.456
119.35  -6.453
119.45  -6.449
119.54  -6.446
119.64  -6.442
119.73  -6.439
119.82  -6.435
119.91  -6.432
120.01  -6.429
120.10  -6.425
120.20  -6.422
120.30  -6.419
120.39  -6.416
120.49  -6.413
120.59  -6.410
120.68  -6.407
120.77  -6.405
120.87  -6.402
120.96  -6.399
121.06  -6.396
121.15  -6.392
121.25  -6.389
121.34  -6.386
121.44  -6.382
121.53  -6.379
121.63  -6.375
121.72  -6.370
121.82  -6.366
121.91  -6.361
122.01  -6.356
122.10  -6.352
122.19  -6.347
122.29  -6.342
122.38  -6.337
122.48  -6.332
122.58  -6.327
122.67  -6.322
122.77  -6.317
122.86  -6.312
122.96  -6.307
123.05  -6.302
123.15  -6.298
123.24  -6.294
123.34  -6.290
123.43  -6.286
123.52  -6.282
123.62  -6.278
123.72  -6.274
123.81  -6.270
123.91  -6.266
124.00  -6.262
124.09  -6.259
124.19  -6.255
124.29  -6.251
124.38  -6.247
124.47  -6.243
124.57  -6.239
124.67  -6.234
124.76  -6.230
124.86  -6.225
124.95  -6.221
125.05  -6.216
125.14  -6.212
125.24  -6.207
125.33  -6.202
125.42  -6.198
125.52  -6.193
125.61  -6.189
125.71  -6.184
125.81  -6.180
125.90  -6.175
126.00  -6.171
126.09  -6.167
126.19  -6.163
126.28  -6.159
126.37  -6.155
126.47  -6.152
126.56  -6.148
126.66  -6.145
126.75  -6.141
126.85  -6.138
126.94  -6.134
127.04  -6.131
127.14  -6.127
127.23  -6.124
127.33  -6.120
127.42  -6.116
127.52  -6.112
127.61  -6.108
127.70  -6.103
127.80  -6.098
127.90  -6.093
127.99  -6.088
128.09  -6.083
128.18  -6.078
128.28  -6.072
128.37  -6.067
128.47  -6.061
128.57  -6.056
128.66  -6.051
128.75  -6.046
128.85  -6.041
128.94  -6.036
129.04  -6.031
129.13  -6.026
129.23  -6.022
129.33  -6.018
129.42  -6.014
129.52  -6.010
129.61  -6.006
129.70  -6.002
129.79  -5.999
129.89  -5.995
129.99  -5.991
130.09  -5.988
130.18  -5.984
130.28  -5.980
130.37  -5.977
130.47  -5.973
130.56  -5.970
130.66  -5.966
130.75  -5.962
130.85  -5.958
130.94  -5.954
131.03  -5.950
131.13  -5.946
131.23  -5.942
131.32  -5.938
131.42  -5.933
131.51  -5.929
131.61  -5.925
131.71  -5.921
131.80  -5.917
131.90  -5.913
131.98  -5.909
132.08  -5.905
132.18  -5.901
132.27  -5.897
132.37  -5.893
132.46  -5.889
132.56  -5.885
132.65  -5.881
132.75  -5.877
132.84  -5.873
132.94  -5.869
133.04  -5.865
133.13  -5.861
133.22  -5.857
133.32  -5.853
133.41  -5.849
133.51  -5.845
133.61  -5.841
133.70  -5.837
133.80  -5.833
133.89  -5.828
133.99  -5.824
134.08  -5.820
134.17  -5.815
134.27  -5.811
134.36  -5.806
134.46  -5.802
134.56  -5.798
134.65  -5.793
134.75  -5.788
134.84  -5.784
134.94  -5.779
135.04  -5.775
135.13  -5.770
135.22  -5.766
135.31  -5.761
135.41  -5.756
135.51  -5.752
135.60  -5.747
135.70  -5.742
135.80  -5.738
135.89  -5.733
135.99  -5.728
136.09  -5.724
136.18  -5.719
136.28  -5.714
136.37  -5.709
136.46  -5.704
136.55  -5.700
136.65  -5.695
136.75  -5.690
136.85  -5.685
136.94  -5.680
137.04  -5.674
137.14  -5.669
137.23  -5.664
137.32  -5.659
137.41  -5.654
137.51  -5.649
137.61  -5.643
137.70  -5.638
137.80  -5.633
137.90  -5.628
137.99  -5.623
138.09  -5.617
138.18  -5.612
138.28  -5.607
138.37  -5.602
138.46  -5.597
138.56  -5.592
138.65  -5.587
138.75  -5.582
138.85  -5.577
138.94  -5.572
139.04  -5.568
139.14  -5.563
139.23  -5.558
139.33  -5.553
139.42  -5.548
139.52  -5.544
139.61  -5.539
139.70  -5.534
139.80  -5.529
139.89  -5.525
139.99  -5.520
140.09  -5.515
140.18  -5.510
140.28  -5.506
140.38  -5.501
140.47  -5.496
140.56  -5.492
140.65  -5.487
140.75  -5.483
140.84  -5.478
140.94  -5.474
141.04  -5.469
141.14  -5.465
141.23  -5.461
141.33  -5.457
141.42  -5.452
141.52  -5.448
141.61  -5.443
141.70  -5.439
141.80  -5.435
141.90  -5.431
141.99  -5.426
142.08  -5.422
142.18  -5.419
142.27  -5.415
142.37  -5.412
142.47  -5.408
142.56  -5.405
142.64  -5.401
142.73  -5.398
142.83  -5.394
142.92  -5.390
143.02  -5.385
143.11  -5.381
143.20  -5.376
143.30  -5.372
143.39  -5.367
143.48  -5.362
143.58  -5.357
143.67  -5.353
143.76  -5.348
143.85  -5.344
143.94  -5.340
144.04  -5.335
144.13  -5.330
144.22  -5.325
144.32  -5.320
144.41  -5.315
144.51  -5.310
144.60  -5.304
144.69  -5.298
144.78  -5.292
144.87  -5.287
144.97  -5.281
145.06  -5.275
145.16  -5.270
145.25  -5.265
145.34  -5.260
145.43  -5.256
145.53  -5.251
145.63  -5.246
145.72  -5.241
145.81  -5.237
145.90  -5.232
145.99  -5.227
146.09  -5.222
146.18  -5.218
146.27  -5.213
146.37  -5.209
146.46  -5.204
146.55  -5.199
146.65  -5.195
146.73  -5.191
146.82  -5.186
146.92  -5.182
147.01  -5.178
147.11  -5.174
147.20  -5.170
147.30  -5.165
147.39  -5.161
147.48  -5.157
147.58  -5.153
147.67  -5.149
147.77  -5.144
147.85  -5.140
147.94  -5.136
148.04  -5.131
148.13  -5.127
148.22  -5.123
148.32  -5.119
148.41  -5.114
148.51  -5.110
148.60  -5.106
148.69  -5.101
148.79  -5.097
148.88  -5.092
148.97  -5.087
149.06  -5.083
149.16  -5.078
149.25  -5.073
149.34  -5.068
149.44  -5.063
149.53  -5.058
149.63  -5.053
149.72  -5.048
149.81  -5.043
149.90  -5.038
149.99  -5.033
150.09  -5.029
150.18  -5.024
150.27  -5.019
150.37  -5.014
150.46  -5.009
150.56  -5.004
150.65  -5.000
150.74  -4.995
150.84  -4.990
150.93  -4.985
151.02  -4.981
151.11  -4.976
151.20  -4.972
151.30  -4.967
151.39  -4.962
151.48  -4.958
151.58  -4.953
151.67  -4.949
151.77  -4.944
151.86  -4.940
151.96  -4.936
152.04  -4.932
152.13  -4.928
152.22  -4.923
152.32  -4.919
152.42  -4.915
152.51  -4.911
152.60  -4.907
152.69  -4.903
152.79  -4.899
152.88  -4.895
152.97  -4.891
153.06  -4.886
153.16  -4.882
153.25  -4.878
153.35  -4.874
153.44  -4.869
153.53  -4.865
153.63  -4.861
153.72  -4.856
153.82  -4.852
153.91  -4.847
154.00  -4.843
154.09  -4.838
154.18  -4.834
154.28  -4.830
154.37  -4.825
154.47  -4.821
154.56  -4.816
154.65  -4.811
154.75  -4.806
154.84  -4.801
154.93  -4.796
155.02  -4.791
155.11  -4.785
155.21  -4.780
155.30  -4.775
155.39  -4.769
155.49  -4.764
155.58  -4.759
155.68  -4.753
155.77  -4.748
155.86  -4.742
155.96  -4.737
156.04  -4.732
156.14  -4.727
156.23  -4.723
156.32  -4.719
156.42  -4.715
156.51  -4.711
156.61  -4.708
156.70  -4.705
156.79  -4.701
156.89  -4.698
156.98  -4.695
157.07  -4.692
157.16  -4.689
157.25  -4.685
157.35  -4.682
157.44  -4.678
157.53  -4.675
157.63  -4.671
157.72  -4.667
157.82  -4.662
157.91  -4.656
158.00  -4.651
158.09  -4.645
158.18  -4.639
158.28  -4.633
158.37  -4.627
158.47  -4.621
158.56  -4.615
158.65  -4.609
158.75  -4.602
158.84  -4.596
158.93  -4.590
159.02  -4.584
159.12  -4.578
159.21  -4.573
159.30  -4.567
159.40  -4.563
159.49  -4.558
159.58  -4.554
159.68  -4.550
159.77  -4.545
159.87  -4.541
159.96  -4.537
160.05  -4.533
160.14  -4.529
160.23  -4.525
160.33  -4.521
160.42  -4.517
160.52  -4.513
160.61  -4.509
160.70  -4.505
160.80  -4.501
160.89  -4.496
160.98  -4.492
161.08  -4.488
161.17  -4.483
161.26  -4.479
161.35  -4.474
161.45  -4.470
161.54  -4.466
161.64  -4.461
161.73  -4.457
161.83  -4.453
161.92  -4.448
162.00  -4.444
162.10  -4.440
162.19  -4.435
162.28  -4.431
162.38  -4.427
162.48  -4.423
162.57  -4.419
162.66  -4.415
162.76  -4.411
162.85  -4.407
162.94  -4.403
163.03  -4.399
163.12  -4.394
163.22  -4.390
163.31  -4.386
163.41  -4.382
163.50  -4.378
163.59  -4.374
163.69  -4.369
163.78  -4.365
163.87  -4.360
163.97  -4.355
164.05  -4.351
164.15  -4.346
164.24  -4.341
164.34  -4.336
164.43  -4.331
164.52  -4.327
164.62  -4.322
164.71  -4.317
164.80  -4.312
164.89  -4.307
164.99  -4.302
165.08  -4.297
165.17  -4.293
165.27  -4.288
165.36  -4.284
165.45  -4.279
165.55  -4.275
165.64  -4.270
165.74  -4.266
165.83  -4.262
165.91  -4.257
166.01  -4.253
166.10  -4.248
166.20  -4.244
166.29  -4.240
166.39  -4.235
166.48  -4.231
166.57  -4.226
166.67  -4.222
166.76  -4.217
166.85  -4.212
166.94  -4.207
167.03  -4.202
167.13  -4.197
167.22  -4.192
167.32  -4.187
167.41  -4.182
167.51  -4.177
167.60  -4.173
167.69  -4.168
167.78  -4.163
167.88  -4.159
167.97  -4.154
168.06  -4.149
168.15  -4.144
168.25  -4.139
168.34  -4.134
168.44  -4.129
168.54  -4.124
168.63  -4.119
168.72  -4.114
168.81  -4.110
168.90  -4.105
169.00  -4.101
169.09  -4.097
169.19  -4.093
169.28  -4.089
169.37  -4.086
169.47  -4.082
169.56  -4.078
169.64  -4.074
169.74  -4.070
169.83  -4.066
169.93  -4.061
170.02  -4.057
170.12  -4.052
170.21  -4.048
170.30  -4.043
170.39  -4.039
170.49  -4.034
170.58  -4.029
170.67  -4.025
170.77  -4.020
170.86  -4.015
170.95  -4.011
171.05  -4.006
171.14  -4.000
171.23  -3.995
171.33  -3.989
171.42  -3.984
171.51  -3.978
171.60  -3.972
171.70  -3.967
171.79  -3.961
171.89  -3.955
171.98  -3.949
172.08  -3.944
172.17  -3.938
172.25  -3.933
172.35  -3.927
172.44  -3.922
172.54  -3.917
172.64  -3.912
172.73  -3.907
172.82  -3.902
172.91  -3.897
173.00  -3.892
173.10  -3.888
173.19  -3.883
173.28  -3.879
173.38  -3.875
173.47  -3.872
173.57  -3.869
173.66  -3.866
173.76  -3.863
173.85  -3.860
173.94  -3.857
174.04  -3.854
174.12  -3.850
174.22  -3.846
174.31  -3.840
174.41  -3.835
174.50  -3.829
174.60  -3.823
174.69  -3.816
174.78  -3.810
174.87  -3.804
174.96  -3.798
175.06  -3.792
175.15  -3.786
175.25  -3.780
175.34  -3.774
175.44  -3.768
175.53  -3.762
175.62  -3.756
175.71  -3.750
175.81  -3.744
175.90  -3.738
175.99  -3.732
176.09  -3.727
176.18  -3.721
176.28  -3.715
176.37  -3.710
176.46  -3.704
176.56  -3.698
176.65  -3.692
176.74  -3.686
176.83  -3.681
176.93  -3.675
177.02  -3.670
177.12  -3.665
177.21  -3.660
177.30  -3.656
177.40  -3.651
177.49  -3.647
177.58  -3.643
177.67  -3.639
177.77  -3.635
177.86  -3.631
177.96  -3.627
178.05  -3.623
178.15  -3.619
178.24  -3.615
178.32  -3.611
178.42  -3.607
178.51  -3.602
178.61  -3.598
178.70  -3.592
178.80  -3.587
178.89  -3.581
178.98  -3.575
179.07  -3.569
179.16  -3.563
179.25  -3.556
179.34  -3.550
179.44  -3.544
179.53  -3.538
179.62  -3.533
179.71  -3.527
179.80  -3.521
179.89  -3.516
179.98  -3.511
180.07  -3.506
180.16  -3.501
180.25  -3.497
180.34  -3.493
180.44  -3.489
180.53  -3.486
180.62  -3.482
180.71  -3.479
180.80  -3.476
180.89  -3.472
180.98  -3.469
181.07  -3.466
181.17  -3.462
181.26  -3.459
181.35  -3.456
181.44  -3.452
181.52  -3.448
181.61  -3.444
181.71  -3.440
181.80  -3.436
181.89  -3.431
181.99  -3.427
182.08  -3.422
182.17  -3.418
182.26  -3.413
182.34  -3.408
182.44  -3.404
182.53  -3.399
182.62  -3.395
182.71  -3.390
182.80  -3.385
182.89  -3.380
182.99  -3.376
183.08  -3.371
183.16  -3.366
183.26  -3.361
183.35  -3.356
183.44  -3.352
183.53  -3.347
183.62  -3.342
183.71  -3.337
183.81  -3.332
183.89  -3.327
183.98  -3.322
184.07  -3.318
184.17  -3.313
184.26  -3.308
184.35  -3.303
184.44  -3.299
184.53  -3.294
184.63  -3.290
184.71  -3.286
184.80  -3.282
184.89  -3.278
184.99  -3.274
185.08  -3.270
185.17  -3.266
185.26  -3.262
185.35  -3.258
185.44  -3.254
185.53  -3.250
185.62  -3.246
185.71  -3.242
185.81  -3.238
185.90  -3.234
185.99  -3.230
186.08  -3.225
186.17  -3.221
186.25  -3.217
186.35  -3.212
186.44  -3.208
186.53  -3.203
186.62  -3.199
186.72  -3.194
186.80  -3.190
186.89  -3.185
186.99  -3.181
187.07  -3.176
187.17  -3.172
187.26  -3.167
187.35  -3.162
187.44  -3.158
187.53  -3.153
187.62  -3.149
187.72  -3.144
187.81  -3.139
187.89  -3.135
187.98  -3.130
188.07  -3.125
188.17  -3.121
188.26  -3.116
188.36  -3.111
188.45  -3.107
188.53  -3.102
188.62  -3.097
188.71  -3.093
188.80  -3.088
188.90  -3.083
188.99  -3.079
189.08  -3.074
189.17  -3.069
189.26  -3.065
189.35  -3.060
189.44  -3.055
189.53  -3.051
189.62  -3.046
189.72  -3.042
189.81  -3.037
189.90  -3.032
189.99  -3.028
190.08  -3.024
190.17  -3.019
190.26  -3.015
190.35  -3.011
190.44  -3.008
190.54  -3.004
190.63  -3.000
190.72  -2.997
190.80  -2.993
190.89  -2.990
190.99  -2.986
191.08  -2.983
191.17  -2.979
191.27  -2.975
191.36  -2.972
191.45  -2.968
191.54  -2.964
191.62  -2.960
191.71  -2.957
191.81  -2.952
191.90  -2.948
191.99  -2.944
192.08  -2.939
192.17  -2.934
192.27  -2.930
192.36  -2.925
192.44  -2.920
192.53  -2.915
192.62  -2.910
192.72  -2.905
192.81  -2.900
192.90  -2.895
192.99  -2.890
193.09  -2.885
193.17  -2.880
193.26  -2.874
193.35  -2.869
193.45  -2.863
193.54  -2.857
193.63  -2.852
193.72  -2.846
193.81  -2.840
193.90  -2.835
193.99  -2.829
194.08  -2.823
194.17  -2.817
194.27  -2.812
194.36  -2.806
194.45  -2.801
194.54  -2.796
194.63  -2.791
194.72  -2.787
194.81  -2.782
194.90  -2.778
194.99  -2.775
195.08  -2.771
195.17  -2.767
195.26  -2.764
195.36  -2.760
195.45  -2.757
195.54  -2.753
195.63  -2.750
195.72  -2.747
195.81  -2.743
195.90  -2.740
195.99  -2.736
196.08  -2.733
196.17  -2.728
196.26  -2.724
196.35  -2.720
196.45  -2.715
196.54  -2.711
196.63  -2.706
196.72  -2.701
196.81  -2.697
196.91  -2.692
196.99  -2.688
197.08  -2.683
197.17  -2.679
197.26  -2.674
197.36  -2.670
197.45  -2.665
197.54  -2.661
197.63  -2.658
197.72  -2.654
197.81  -2.651
197.90  -2.647
197.99  -2.644
198.09  -2.641
198.18  -2.638
198.27  -2.635
198.36  -2.631
198.44  -2.628
198.53  -2.625
198.63  -2.621
198.72  -2.618
198.81  -2.614
198.90  -2.611
198.99  -2.607
199.08  -2.602
199.17  -2.598
199.26  -2.593
199.35  -2.589
199.45  -2.584
199.54  -2.579
199.63  -2.574
199.72  -2.569
199.81  -2.564
199.90  -2.558
199.99  -2.553
200.08  -2.548
200.17  -2.543
200.27  -2.538
200.36  -2.533
200.45  -2.528
200.54  -2.523
200.63  -2.518
200.72  -2.513
200.81  -2.508
200.90  -2.503
200.99  -2.498
201.08  -2.493
201.18  -2.488
201.27  -2.483
201.36  -2.478
201.45  -2.474
201.54  -2.469
201.63  -2.464
201.72  -2.459
201.81  -2.455
201.91  -2.450
202.00  -2.446
202.09  -2.441
202.18  -2.437
202.27  -2.433
202.36  -2.429
202.44  -2.425
202.54  -2.421
202.63  -2.416
202.72  -2.412
202.81  -2.408
202.91  -2.404
203.00  -2.400
203.08  -2.397
203.18  -2.393
203.27  -2.389
203.36  -2.385
203.45  -2.381
203.54  -2.377
203.63  -2.373
203.73  -2.369
203.81  -2.365
203.90  -2.362
204.00  -2.358
204.09  -2.354
204.18  -2.350
204.27  -2.346
204.36  -2.342
204.45  -2.338
204.54  -2.334
204.63  -2.330
204.72  -2.326
204.81  -2.322
204.90  -2.318
205.00  -2.313
205.09  -2.309
205.18  -2.305
205.27  -2.300
205.36  -2.296
205.45  -2.291
205.54  -2.287
205.63  -2.282
205.72  -2.277
205.81  -2.273
205.91  -2.268
206.00  -2.264
206.08  -2.259
206.18  -2.255
206.27  -2.250
206.36  -2.246
206.45  -2.242
206.54  -2.237
206.63  -2.233
206.73  -2.229
206.82  -2.225
206.90  -2.220
206.99  -2.216
207.09  -2.212
207.18  -2.208
207.27  -2.204
207.36  -2.199
207.46  -2.195
207.55  -2.191
207.64  -2.187
207.73  -2.183
207.82  -2.178
207.91  -2.174
208.00  -2.170
208.09  -2.166
208.18  -2.162
208.28  -2.157
208.36  -2.153
208.45  -2.149
208.55  -2.145
208.64  -2.140
208.73  -2.136
208.82  -2.132
208.91  -2.128
209.00  -2.124
209.10  -2.120
209.18  -2.115
209.28  -2.111
209.37  -2.107
209.46  -2.103
209.55  -2.099
209.64  -2.094
209.73  -2.090
209.82  -2.086
209.92  -2.082
210.00  -2.078
210.10  -2.074
210.19  -2.069
210.28  -2.065
210.37  -2.061
210.46  -2.057
210.56  -2.053
210.64  -2.049
210.73  -2.045
210.82  -2.041
210.92  -2.037
211.01  -2.033
211.10  -2.029
211.19  -2.025
211.29  -2.021
211.38  -2.017
211.46  -2.013
211.55  -2.009
211.65  -2.006
211.74  -2.002
211.83  -1.998
211.92  -1.994
212.01  -1.990
212.10  -1.986
212.20  -1.981
212.28  -1.977
212.37  -1.973
212.47  -1.968
212.56  -1.964
212.65  -1.959
212.74  -1.955
212.83  -1.950
212.92  -1.946
213.01  -1.941
213.11  -1.937
213.20  -1.933
213.29  -1.928
213.38  -1.924
213.47  -1.920
213.56  -1.916
213.66  -1.912
213.74  -1.909
213.83  -1.906
213.93  -1.903
214.02  -1.899
214.11  -1.896
214.20  -1.893
214.29  -1.890
214.38  -1.887
214.47  -1.884
214.56  -1.881
214.65  -1.878
214.74  -1.875
214.83  -1.871
214.93  -1.868
215.02  -1.864
215.10  -1.859
215.19  -1.855
215.28  -1.850
215.37  -1.845
215.46  -1.840
215.55  -1.834
215.64  -1.829
215.73  -1.824
215.82  -1.818
215.90  -1.813
215.99  -1.808
216.08  -1.803
216.17  -1.798
216.26  -1.793
216.35  -1.788
216.44  -1.783
216.52  -1.779
216.61  -1.775
216.69  -1.772
216.78  -1.769
216.88  -1.765
216.97  -1.762
217.15  -1.756
217.23  -1.753
217.32  -1.750
217.41  -1.747
217.50  -1.744
217.59  -1.741
217.68  -1.738
217.76  -1.735
217.85  -1.732
217.94  -1.729
218.03  -1.726
218.12  -1.722
218.21  -1.719
218.30  -1.716
218.39  -1.712
218.47  -1.709
218.56  -1.705
218.65  -1.702
218.74  -1.698
218.84  -1.695
218.92  -1.691
219.01  -1.688
219.09  -1.684
219.18  -1.681
219.27  -1.677
219.36  -1.673
219.45  -1.669
219.54  -1.665
219.64  -1.660
219.72  -1.656
219.81  -1.652
219.90  -1.648
219.98  -1.643
220.07  -1.639
220.17  -1.635
220.26  -1.631
220.34  -1.626
220.43  -1.622
220.52  -1.618
220.61  -1.613
220.69  -1.609
220.79  -1.605
220.88  -1.601
220.97  -1.597
221.06  -1.593
221.14  -1.589
221.23  -1.585
221.32  -1.581
221.41  -1.578
221.50  -1.574
221.59  -1.570
221.68  -1.566
221.77  -1.562
221.86  -1.559
221.94  -1.555
222.03  -1.552
222.12  -1.549
222.21  -1.546
222.30  -1.543
222.39  -1.540
222.48  -1.537
222.56  -1.534
222.65  -1.531
222.74  -1.529
222.83  -1.526
222.92  -1.523
223.01  -1.521
223.10  -1.518
223.19  -1.516
223.28  -1.513
223.36  -1.510
223.45  -1.507
223.54  -1.504
223.63  -1.501
223.72  -1.498
223.81  -1.494
223.90  -1.491
223.99  -1.487
224.08  -1.483
224.16  -1.479
224.25  -1.476
224.34  -1.472
224.43  -1.468
224.52  -1.464
224.61  -1.460
224.70  -1.456
224.78  -1.452
224.87  -1.448
224.96  -1.445
225.05  -1.441
225.14  -1.437
225.23  -1.433
225.32  -1.429
225.41  -1.425
225.50  -1.422
225.58  -1.418
225.67  -1.414
225.76  -1.410
225.85  -1.406
225.94  -1.402
226.03  -1.398
226.12  -1.394
226.21  -1.390
226.30  -1.386
226.38  -1.382
226.47  -1.378
226.56  -1.374
226.65  -1.370
226.74  -1.366
226.83  -1.362
226.92  -1.358
227.00  -1.354
227.09  -1.350
227.18  -1.346
227.27  -1.342
227.36  -1.338
227.45  -1.334
227.54  -1.330
227.63  -1.326
227.72  -1.322
227.80  -1.318
227.89  -1.314
227.98  -1.310
228.07  -1.307
228.16  -1.303
228.25  -1.299
228.34  -1.295
228.43  -1.292
228.52  -1.288
228.60  -1.284
228.69  -1.281
228.78  -1.277
228.87  -1.274
228.96  -1.270
229.06  -1.267
229.15  -1.263
229.23  -1.260
229.32  -1.257
229.40  -1.254
229.50  -1.251
229.59  -1.248
229.68  -1.245
229.77  -1.242
229.86  -1.239
229.94  -1.236
230.02  -1.233
230.12  -1.230
230.21  -1.227
230.30  -1.224
230.39  -1.221
230.48  -1.218
230.56  -1.215
230.65  -1.211
230.75  -1.207
230.83  -1.203
230.92  -1.199
231.01  -1.195
231.10  -1.190
231.19  -1.186
231.28  -1.181
231.37  -1.177
231.45  -1.172
231.54  -1.168
231.63  -1.163
231.72  -1.159
231.81  -1.154
231.90  -1.150
231.99  -1.145
232.08  -1.141
232.17  -1.137
232.25  -1.133
232.34  -1.130
232.43  -1.126
232.52  -1.123
232.61  -1.119
232.70  -1.116
232.79  -1.112
232.88  -1.109
232.97  -1.106
233.05  -1.102
233.14  -1.099
233.23  -1.095
233.32  -1.092
233.41  -1.089
233.50  -1.085
233.59  -1.082
233.67  -1.079
233.76  -1.076
233.85  -1.072
233.94  -1.069
234.03  -1.065
234.12  -1.062
234.21  -1.059
234.30  -1.055
234.39  -1.052
234.47  -1.049
234.56  -1.045
234.65  -1.042
234.74  -1.038
234.83  -1.035
234.92  -1.031
235.01  -1.027
235.10  -1.023
235.19  -1.019
235.27  -1.014
235.36  -1.010
235.45  -1.006
235.54  -1.002
235.63  -0.997
235.72  -0.993
235.81  -0.988
235.90  -0.984
235.99  -0.980
236.08  -0.975
236.17  -0.971
236.26  -0.967
236.34  -0.963
236.43  -0.959
236.52  -0.955
236.62  -0.951
236.70  -0.948
236.79  -0.944
236.88  -0.941
236.96  -0.937
237.05  -0.934
237.14  -0.930
237.24  -0.927
237.33  -0.923
237.42  -0.920
237.50  -0.916
237.59  -0.913
237.68  -0.910
237.76  -0.906
237.86  -0.903
237.95  -0.900
238.04  -0.896
238.13  -0.893
238.22  -0.890
238.30  -0.887
238.39  -0.883
238.48  -0.880
238.57  -0.877
238.66  -0.874
238.75  -0.871
238.84  -0.867
238.92  -0.864
239.01  -0.861
239.10  -0.858
239.19  -0.854
239.28  -0.851
239.37  -0.848
239.46  -0.844
239.55  -0.841
239.64  -0.837
239.72  -0.834
239.81  -0.830
239.90  -0.827
239.99  -0.823
240.08  -0.820
240.17  -0.816
240.26  -0.813
240.35  -0.809
240.44  -0.806
240.52  -0.802
240.61  -0.798
240.70  -0.795
240.79  -0.791
240.88  -0.788
240.97  -0.784
241.06  -0.781
241.15  -0.777
241.24  -0.773
241.33  -0.770
241.42  -0.766
241.51  -0.762
241.60  -0.759
241.69  -0.755
241.78  -0.751
241.87  -0.747
241.95  -0.743
242.04  -0.740
242.13  -0.736
242.22  -0.732
242.31  -0.728
242.40  -0.724
242.49  -0.720
242.58  -0.717
242.67  -0.713
242.75  -0.709
242.84  -0.705
242.93  -0.701
243.02  -0.697
243.11  -0.693
243.20  -0.689
243.29  -0.685
243.37  -0.681
243.46  -0.677
243.55  -0.673
243.64  -0.668
243.73  -0.664
243.82  -0.660
243.91  -0.655
244.00  -0.651
244.09  -0.646
244.17  -0.642
244.26  -0.638
244.35  -0.633
244.45  -0.629
244.53  -0.625
244.62  -0.621
244.71  -0.617
244.80  -0.613
244.89  -0.609
244.98  -0.606
245.07  -0.602
245.15  -0.599
245.24  -0.596
245.34  -0.592
245.43  -0.589
245.52  -0.586
245.60  -0.584
245.69  -0.581
245.78  -0.579
245.87  -0.576
245.96  -0.574
246.05  -0.571
246.14  -0.569
246.23  -0.566
246.32  -0.563
246.40  -0.560
246.49  -0.556
246.58  -0.553
246.67  -0.549
246.76  -0.545
246.85  -0.541
246.94  -0.536
247.03  -0.532
247.12  -0.528
247.20  -0.524
247.29  -0.520
247.38  -0.516
247.47  -0.512
247.56  -0.508
247.65  -0.505
247.74  -0.501
247.83  -0.497
247.92  -0.493
248.00  -0.490
248.10  -0.486
248.19  -0.483
248.28  -0.479
248.37  -0.476
248.46  -0.472
248.55  -0.469
248.63  -0.465
248.72  -0.462
248.81  -0.458
248.90  -0.455
248.99  -0.451
249.08  -0.448
249.17  -0.444
