  
  DOI/GTN-P Deep Borehole Array, Arctic Alaska 
             U.S. Geological Survey 
            Processed Temperature Log 
                    28-Aug-2013 
________________________________________________ 
  
Temperature Log Information: 
  Well name:   Ikpikpuk Test Well #1 
  File name:   IKP_89JUL06_c_d 
  Log date:    06-JUL-1989 
  
Contact Information: 
  Gary Clow 
  U.S. Geological Survey 
  clow@usgs.gov 
  
Definitions: 
  Depth:        Depth below local ground surface (m) 
  Temperature:  ITS-90 temperature (°C) 
________________________________________________ 
             
 Depth  Temperature 
 12.80  -9.840
 13.01  -9.828
 13.21  -9.817
 13.41  -9.805
 13.61  -9.793
 13.82  -9.781
 14.02  -9.768
 14.22  -9.755
 14.43  -9.742
 14.63  -9.729
 14.83  -9.716
 15.04  -9.703
 15.24  -9.690
 15.44  -9.677
 15.65  -9.664
 15.85  -9.650
 16.05  -9.637
 16.26  -9.624
 16.46  -9.611
 16.66  -9.597
 16.87  -9.584
 17.07  -9.570
 17.27  -9.557
 17.48  -9.544
 17.68  -9.530
 17.88  -9.517
 18.09  -9.504
 18.29  -9.492
 18.49  -9.481
 18.69  -9.470
 18.90  -9.459
 19.10  -9.449
 19.30  -9.439
 19.51  -9.428
 19.71  -9.418
 19.91  -9.407
 20.32  -9.384
 20.52  -9.372
 20.73  -9.359
 20.93  -9.347
 21.13  -9.335
 21.34  -9.322
 21.54  -9.310
 21.74  -9.298
 21.95  -9.285
 22.56  -9.248
 22.76  -9.236
 22.96  -9.223
 23.17  -9.211
 23.37  -9.200
 23.57  -9.188
 23.77  -9.177
 23.98  -9.165
 24.18  -9.154
 24.38  -9.142
 24.59  -9.130
 24.79  -9.118
 24.99  -9.106
 25.20  -9.093
 25.40  -9.079
 25.60  -9.066
 25.81  -9.052
 26.01  -9.039
 26.21  -9.025
 26.42  -9.011
 26.62  -8.998
 26.82  -8.984
 27.03  -8.971
 27.23  -8.958
 27.43  -8.944
 27.64  -8.931
 27.84  -8.918
 28.04  -8.905
 28.25  -8.892
 28.45  -8.878
 28.65  -8.866
 28.85  -8.853
 29.06  -8.840
 29.26  -8.828
 29.46  -8.816
 29.67  -8.804
 29.87  -8.792
 30.07  -8.781
 30.28  -8.771
 30.48  -8.760
 30.68  -8.749
 30.89  -8.739
 31.09  -8.729
 31.29  -8.718
 31.50  -8.708
 31.70  -8.698
 31.90  -8.688
 32.11  -8.678
 32.31  -8.668
 32.51  -8.657
 32.72  -8.647
 32.92  -8.636
 33.12  -8.624
 33.33  -8.612
 33.53  -8.599
 33.73  -8.587
 33.93  -8.574
 34.14  -8.561
 34.34  -8.549
 34.54  -8.537
 34.75  -8.526
 34.95  -8.515
 35.15  -8.505
 35.36  -8.494
 36.17  -8.455
 36.37  -8.446
 36.58  -8.436
 36.78  -8.427
 36.98  -8.418
 37.19  -8.408
 37.39  -8.400
 37.59  -8.391
 37.80  -8.383
 38.00  -8.374
 38.20  -8.367
 38.41  -8.359
 38.61  -8.351
 38.81  -8.344
 39.01  -8.336
 39.22  -8.329
 39.42  -8.322
 39.62  -8.315
 39.83  -8.308
 40.03  -8.301
 40.23  -8.294
 40.44  -8.287
 40.64  -8.281
 40.84  -8.274
 41.05  -8.268
 41.25  -8.262
 41.45  -8.256
 41.66  -8.250
 41.86  -8.244
 42.06  -8.238
 42.27  -8.233
 42.47  -8.227
 42.67  -8.222
 42.88  -8.217
 43.08  -8.212
 43.28  -8.207
 43.49  -8.202
 43.69  -8.197
 43.89  -8.192
 44.09  -8.188
 44.30  -8.183
 44.50  -8.179
 44.70  -8.174
 44.91  -8.170
 45.11  -8.166
 45.31  -8.161
 45.52  -8.157
 45.72  -8.153
 45.92  -8.149
 46.13  -8.145
 46.33  -8.141
 46.53  -8.137
 46.74  -8.133
 46.94  -8.129
 47.14  -8.125
 47.35  -8.121
 47.55  -8.117
 47.75  -8.113
 47.96  -8.108
 49.38  -8.079
 49.58  -8.075
 49.78  -8.071
 49.99  -8.067
 50.19  -8.063
 50.39  -8.059
 50.60  -8.055
 50.80  -8.051
 51.00  -8.047
 51.21  -8.044
 51.41  -8.040
 51.61  -8.036
 51.82  -8.032
 52.02  -8.028
 52.22  -8.025
 52.43  -8.021
 52.63  -8.018
 52.83  -8.014
 53.04  -8.011
 53.24  -8.007
 53.44  -8.004
 53.65  -8.000
 53.85  -7.997
 54.05  -7.993
 54.25  -7.990
 54.46  -7.986
 54.66  -7.983
 54.86  -7.979
 55.07  -7.976
 55.27  -7.972
 55.47  -7.968
 55.68  -7.965
 55.88  -7.961
 56.08  -7.958
 56.29  -7.954
 56.49  -7.951
 56.69  -7.947
 56.90  -7.944
 57.10  -7.940
 57.30  -7.937
 57.51  -7.933
 57.71  -7.930
 57.91  -7.926
 58.12  -7.923
 58.32  -7.919
 58.52  -7.915
 58.73  -7.912
 58.93  -7.908
 59.13  -7.905
 59.33  -7.901
 59.54  -7.897
 59.74  -7.894
 59.94  -7.890
 60.15  -7.886
 60.35  -7.883
 60.55  -7.879
 60.76  -7.875
 60.96  -7.872
 61.16  -7.868
 61.37  -7.864
 61.57  -7.860
 61.77  -7.857
 61.98  -7.853
 62.18  -7.849
 62.38  -7.845
 62.59  -7.841
 62.79  -7.837
 62.99  -7.833
 63.20  -7.829
 63.40  -7.825
 63.60  -7.821
 63.81  -7.817
 64.01  -7.813
 64.21  -7.808
 64.41  -7.804
 64.62  -7.800
 64.82  -7.796
 65.02  -7.792
 65.23  -7.788
 65.43  -7.784
 65.63  -7.780
 65.84  -7.775
 66.04  -7.771
 66.24  -7.767
 66.45  -7.763
 66.65  -7.758
 66.85  -7.754
 67.06  -7.750
 67.26  -7.745
 67.46  -7.741
 67.67  -7.737
 67.87  -7.732
 68.07  -7.728
 68.28  -7.723
 68.48  -7.719
 68.68  -7.714
 68.89  -7.710
 69.09  -7.705
 69.29  -7.701
 69.49  -7.696
 69.70  -7.692
 69.90  -7.687
 70.10  -7.683
 70.31  -7.678
 70.51  -7.674
 70.71  -7.669
 70.92  -7.665
 71.12  -7.660
 71.32  -7.656
 71.53  -7.652
 71.73  -7.647
 71.93  -7.643
 72.14  -7.639
 72.34  -7.634
 72.54  -7.630
 72.75  -7.626
 72.95  -7.622
 73.15  -7.618
 73.36  -7.613
 73.56  -7.609
 73.76  -7.605
 73.97  -7.601
 74.17  -7.597
 74.37  -7.592
 74.57  -7.588
 74.78  -7.584
 74.98  -7.579
 75.18  -7.575
 75.39  -7.570
 75.59  -7.566
 75.79  -7.561
 76.00  -7.556
 76.20  -7.552
 76.40  -7.547
 76.61  -7.542
 76.81  -7.537
 77.01  -7.531
 77.22  -7.526
 77.42  -7.520
 77.62  -7.515
 77.83  -7.509
 78.03  -7.503
 78.23  -7.497
 78.44  -7.492
 78.64  -7.486
 78.84  -7.480
 79.05  -7.475
 79.25  -7.469
 79.45  -7.464
 79.65  -7.458
 79.86  -7.453
 80.06  -7.447
 80.26  -7.442
 81.08  -7.420
 81.28  -7.415
 81.48  -7.410
 81.69  -7.405
 81.89  -7.401
 82.09  -7.397
 82.30  -7.393
 82.50  -7.389
 82.70  -7.385
 82.91  -7.381
 83.11  -7.377
 83.31  -7.373
 83.52  -7.369
 83.72  -7.364
 83.92  -7.360
 84.13  -7.355
 84.33  -7.350
 84.53  -7.345
 86.56  -7.297
 86.77  -7.292
 86.97  -7.287
 87.17  -7.283
 87.38  -7.278
 87.58  -7.273
 87.78  -7.268
 87.99  -7.264
 88.19  -7.259
 91.03  -7.186
 91.24  -7.180
 91.44  -7.175
 91.64  -7.169
 91.85  -7.163
 92.05  -7.158
 92.25  -7.152
 92.46  -7.146
 92.66  -7.140
 92.86  -7.134
 93.07  -7.128
 93.27  -7.122
 93.47  -7.116
 93.68  -7.110
 93.88  -7.104
 94.08  -7.098
 94.29  -7.092
 94.49  -7.086
 94.69  -7.080
 94.89  -7.074
 95.10  -7.068
 95.30  -7.062
 95.50  -7.055
 95.71  -7.049
 95.91  -7.043
 96.11  -7.037
 96.32  -7.030
 96.52  -7.024
 96.72  -7.018
 96.93  -7.011
 97.13  -7.005
 97.33  -6.999
 97.54  -6.992
 97.74  -6.986
 97.94  -6.980
 98.15  -6.973
 98.35  -6.967
 98.55  -6.960
 98.76  -6.954
 98.96  -6.947
 99.16  -6.941
 99.37  -6.934
 99.57  -6.928
 99.77  -6.921
 99.97  -6.914
100.18  -6.908
100.38  -6.901
100.58  -6.894
100.79  -6.887
100.99  -6.881
101.19  -6.874
101.40  -6.867
101.60  -6.859
101.80  -6.852
102.01  -6.845
102.21  -6.838
102.41  -6.831
102.62  -6.823
102.82  -6.816
103.02  -6.809
103.23  -6.802
103.43  -6.795
103.63  -6.788
103.84  -6.781
104.04  -6.774
104.24  -6.767
104.45  -6.760
104.65  -6.753
104.85  -6.746
105.05  -6.739
105.26  -6.732
105.46  -6.725
105.66  -6.718
105.87  -6.711
106.07  -6.704
106.27  -6.696
106.48  -6.689
106.68  -6.682
106.88  -6.675
107.09  -6.667
107.29  -6.660
107.49  -6.653
107.70  -6.646
107.90  -6.639
108.10  -6.632
108.31  -6.625
108.51  -6.618
108.71  -6.611
108.92  -6.604
109.12  -6.597
109.32  -6.590
109.53  -6.583
109.73  -6.576
109.93  -6.568
110.13  -6.561
110.34  -6.554
110.54  -6.547
110.74  -6.540
110.95  -6.532
111.15  -6.524
111.35  -6.515
111.56  -6.507
111.76  -6.498
111.96  -6.490
112.17  -6.481
112.37  -6.473
112.57  -6.464
112.78  -6.457
112.98  -6.450
113.18  -6.442
113.39  -6.436
113.59  -6.429
113.79  -6.422
114.00  -6.415
114.20  -6.408
114.40  -6.401
114.61  -6.394
114.81  -6.387
115.01  -6.380
115.21  -6.373
115.42  -6.366
115.62  -6.359
115.82  -6.351
116.03  -6.343
116.23  -6.335
116.43  -6.327
116.64  -6.318
116.84  -6.309
117.04  -6.301
117.25  -6.292
117.45  -6.284
117.65  -6.276
117.86  -6.268
118.06  -6.260
118.26  -6.252
118.47  -6.245
118.67  -6.237
118.87  -6.229
119.08  -6.221
119.28  -6.213
119.48  -6.205
119.69  -6.196
119.89  -6.188
120.09  -6.180
120.29  -6.171
120.50  -6.163
120.70  -6.154
120.90  -6.145
121.11  -6.137
121.31  -6.128
121.51  -6.118
121.72  -6.109
121.92  -6.100
122.12  -6.091
122.33  -6.082
122.53  -6.073
122.73  -6.064
122.94  -6.055
123.14  -6.046
123.34  -6.037
123.55  -6.028
123.75  -6.019
123.95  -6.010
124.16  -6.001
124.36  -5.993
124.56  -5.984
124.77  -5.975
124.97  -5.967
125.17  -5.958
125.37  -5.950
125.58  -5.942
125.78  -5.934
125.98  -5.926
126.19  -5.919
126.39  -5.911
126.59  -5.904
126.80  -5.897
127.00  -5.890
127.20  -5.882
127.41  -5.875
127.61  -5.868
127.81  -5.860
128.02  -5.853
128.22  -5.846
128.42  -5.839
128.63  -5.831
128.83  -5.824
129.03  -5.817
129.24  -5.810
129.44  -5.803
129.64  -5.796
129.85  -5.789
130.05  -5.781
130.25  -5.774
130.45  -5.767
130.66  -5.760
130.86  -5.752
131.06  -5.745
131.27  -5.737
131.47  -5.729
131.67  -5.722
131.88  -5.714
132.08  -5.707
132.28  -5.700
132.49  -5.693
132.69  -5.685
132.89  -5.678
133.10  -5.671
133.30  -5.664
133.50  -5.657
133.71  -5.650
133.91  -5.644
134.11  -5.637
134.32  -5.630
134.52  -5.623
134.72  -5.616
134.93  -5.609
135.13  -5.602
135.33  -5.595
135.53  -5.588
135.74  -5.582
135.94  -5.575
136.14  -5.568
136.35  -5.561
136.55  -5.554
136.75  -5.548
136.96  -5.541
137.16  -5.534
137.36  -5.528
137.57  -5.521
137.77  -5.514
137.97  -5.508
138.18  -5.501
138.38  -5.495
138.58  -5.489
138.79  -5.482
138.99  -5.476
139.19  -5.470
139.40  -5.463
139.60  -5.457
139.80  -5.451
140.01  -5.445
140.21  -5.439
140.41  -5.433
140.61  -5.427
140.82  -5.422
141.02  -5.416
141.22  -5.411
141.43  -5.405
141.63  -5.399
141.83  -5.394
142.04  -5.388
142.24  -5.383
142.44  -5.377
142.65  -5.372
142.85  -5.366
143.05  -5.360
143.26  -5.355
143.46  -5.349
143.66  -5.344
143.87  -5.338
144.07  -5.333
144.27  -5.327
144.48  -5.322
144.68  -5.316
144.88  -5.310
145.09  -5.305
145.29  -5.299
145.49  -5.293
145.69  -5.287
145.90  -5.281
146.10  -5.276
146.30  -5.270
146.51  -5.264
146.71  -5.258
146.91  -5.252
147.12  -5.246
147.32  -5.241
147.52  -5.235
147.73  -5.229
147.93  -5.223
148.13  -5.217
148.34  -5.212
148.54  -5.206
148.74  -5.200
148.95  -5.194
149.15  -5.188
149.35  -5.183
149.56  -5.177
149.76  -5.171
149.96  -5.165
150.17  -5.159
150.37  -5.154
150.57  -5.148
150.77  -5.142
150.98  -5.136
151.18  -5.130
151.38  -5.125
151.59  -5.119
154.43  -5.035
154.64  -5.030
154.84  -5.024
155.04  -5.018
155.25  -5.012
155.45  -5.006
155.65  -5.000
155.85  -4.994
156.06  -4.989
156.26  -4.983
156.46  -4.977
156.67  -4.971
156.87  -4.965
157.07  -4.959
157.28  -4.952
157.48  -4.946
157.68  -4.940
157.89  -4.934
158.09  -4.928
158.29  -4.921
158.50  -4.915
158.70  -4.909
158.90  -4.903
159.11  -4.897
159.31  -4.891
159.51  -4.885
159.72  -4.879
159.92  -4.873
160.12  -4.867
160.33  -4.861
160.53  -4.855
160.73  -4.849
160.93  -4.844
161.14  -4.838
161.34  -4.832
161.54  -4.826
161.75  -4.821
161.95  -4.815
162.15  -4.809
162.36  -4.803
162.56  -4.797
162.76  -4.791
162.97  -4.786
163.17  -4.780
163.37  -4.774
163.58  -4.768
163.78  -4.762
163.98  -4.756
164.19  -4.750
164.39  -4.744
164.59  -4.738
164.80  -4.732
165.00  -4.726
165.20  -4.720
165.41  -4.713
165.61  -4.707
165.81  -4.701
166.01  -4.695
166.22  -4.688
166.42  -4.682
166.62  -4.676
166.83  -4.670
167.03  -4.664
167.23  -4.658
167.44  -4.653
167.64  -4.647
167.84  -4.641
168.05  -4.636
168.25  -4.630
168.45  -4.625
168.66  -4.620
168.86  -4.615
169.06  -4.610
169.27  -4.605
169.47  -4.600
169.67  -4.596
169.88  -4.592
171.91  -4.555
172.11  -4.551
172.31  -4.547
172.52  -4.543
172.72  -4.539
172.92  -4.535
173.13  -4.531
173.33  -4.527
173.53  -4.523
173.74  -4.519
173.94  -4.515
174.14  -4.511
174.35  -4.507
174.55  -4.502
174.75  -4.497
174.96  -4.493
175.16  -4.488
175.36  -4.483
175.57  -4.478
175.77  -4.473
175.97  -4.468
176.17  -4.464
176.38  -4.459
176.58  -4.454
176.78  -4.449
176.99  -4.444
177.19  -4.439
177.39  -4.434
177.60  -4.429
177.80  -4.423
178.00  -4.418
178.21  -4.412
178.41  -4.407
178.61  -4.401
178.82  -4.395
179.02  -4.390
179.22  -4.384
179.43  -4.377
179.63  -4.371
179.83  -4.364
180.04  -4.358
180.24  -4.351
180.44  -4.344
180.65  -4.337
180.85  -4.330
181.05  -4.323
181.25  -4.317
181.46  -4.310
181.66  -4.303
181.86  -4.296
182.07  -4.289
182.27  -4.282
182.47  -4.275
182.68  -4.268
182.88  -4.261
183.08  -4.254
183.29  -4.247
183.49  -4.240
183.69  -4.232
183.90  -4.225
184.10  -4.218
184.30  -4.211
184.51  -4.203
184.71  -4.196
184.91  -4.189
185.12  -4.181
185.32  -4.174
185.52  -4.167
185.73  -4.160
185.93  -4.152
186.13  -4.145
186.33  -4.138
186.54  -4.131
186.74  -4.124
186.94  -4.117
187.15  -4.109
187.35  -4.102
187.55  -4.095
187.76  -4.088
187.96  -4.081
188.16  -4.074
188.37  -4.067
188.57  -4.060
188.77  -4.053
188.98  -4.046
189.18  -4.039
189.38  -4.032
189.59  -4.026
189.79  -4.019
189.99  -4.012
190.20  -4.005
190.40  -3.998
190.60  -3.991
190.81  -3.985
191.01  -3.978
191.21  -3.971
191.41  -3.964
191.62  -3.957
191.82  -3.951
192.02  -3.944
192.23  -3.937
192.43  -3.930
192.63  -3.924
192.84  -3.917
193.04  -3.910
193.24  -3.904
193.45  -3.897
193.65  -3.890
193.85  -3.884
194.06  -3.877
194.26  -3.870
194.46  -3.864
194.67  -3.857
194.87  -3.851
195.07  -3.844
195.28  -3.838
195.48  -3.831
195.68  -3.825
195.89  -3.818
196.09  -3.812
196.29  -3.806
196.49  -3.800
196.70  -3.794
196.90  -3.788
197.10  -3.781
197.31  -3.775
197.51  -3.769
197.71  -3.763
197.92  -3.758
198.12  -3.752
198.32  -3.746
198.53  -3.740
198.73  -3.735
198.93  -3.729
199.14  -3.723
199.34  -3.718
199.54  -3.712
199.75  -3.707
199.95  -3.702
200.15  -3.696
200.36  -3.691
200.56  -3.686
200.76  -3.681
200.97  -3.676
201.17  -3.671
201.37  -3.666
201.57  -3.661
201.78  -3.656
201.98  -3.651
202.18  -3.647
202.39  -3.642
202.59  -3.637
202.79  -3.633
203.00  -3.628
203.20  -3.624
203.40  -3.620
203.61  -3.616
203.81  -3.612
204.01  -3.608
204.22  -3.604
204.42  -3.600
204.62  -3.596
204.83  -3.593
205.03  -3.589
205.23  -3.586
205.44  -3.582
205.64  -3.578
205.84  -3.575
206.05  -3.571
206.25  -3.568
206.45  -3.564
206.65  -3.561
206.86  -3.557
207.06  -3.554
207.26  -3.550
207.47  -3.547
207.67  -3.544
207.87  -3.540
208.08  -3.537
208.28  -3.534
211.13  -3.485
211.33  -3.482
211.53  -3.479
211.73  -3.475
211.94  -3.472
212.14  -3.468
212.34  -3.464
212.55  -3.461
212.75  -3.457
212.95  -3.454
213.16  -3.450
213.36  -3.446
213.56  -3.442
213.77  -3.438
213.97  -3.434
214.17  -3.430
214.38  -3.426
214.58  -3.422
214.78  -3.418
214.99  -3.414
215.19  -3.409
215.39  -3.405
215.60  -3.401
215.80  -3.397
216.00  -3.393
216.21  -3.389
216.41  -3.385
216.61  -3.380
216.81  -3.376
217.02  -3.372
217.22  -3.368
217.42  -3.364
217.63  -3.359
217.83  -3.355
218.03  -3.351
218.24  -3.347
218.44  -3.343
218.64  -3.339
218.85  -3.335
219.05  -3.331
219.25  -3.327
219.46  -3.323
219.66  -3.319
219.86  -3.315
220.07  -3.311
220.27  -3.307
220.47  -3.303
220.68  -3.299
220.88  -3.295
221.08  -3.290
221.29  -3.286
221.49  -3.281
221.69  -3.277
221.89  -3.273
222.10  -3.268
222.30  -3.264
222.50  -3.259
222.71  -3.254
222.91  -3.249
223.11  -3.245
223.32  -3.240
223.52  -3.234
223.72  -3.229
223.93  -3.224
224.13  -3.219
224.33  -3.213
224.54  -3.208
224.74  -3.203
224.94  -3.197
225.15  -3.192
225.35  -3.186
225.55  -3.181
225.76  -3.176
225.96  -3.170
226.16  -3.165
226.37  -3.159
226.57  -3.153
226.77  -3.148
226.97  -3.142
227.18  -3.137
227.38  -3.131
227.58  -3.125
227.79  -3.120
227.99  -3.114
228.19  -3.108
228.40  -3.103
228.60  -3.097
228.80  -3.092
229.01  -3.086
229.21  -3.081
229.41  -3.075
229.62  -3.069
229.82  -3.064
230.02  -3.058
230.23  -3.052
230.43  -3.046
230.63  -3.040
230.84  -3.034
231.04  -3.027
231.24  -3.021
231.45  -3.015
231.65  -3.009
231.85  -3.002
232.05  -2.996
232.26  -2.990
232.46  -2.983
232.66  -2.977
232.87  -2.970
233.07  -2.963
233.27  -2.956
233.48  -2.949
233.68  -2.942
233.88  -2.935
234.09  -2.928
234.29  -2.921
234.49  -2.914
234.70  -2.907
234.90  -2.900
235.10  -2.893
235.31  -2.886
235.51  -2.878
235.71  -2.871
235.92  -2.864
236.12  -2.857
236.32  -2.849
236.53  -2.842
236.73  -2.835
236.93  -2.827
237.13  -2.820
237.34  -2.813
237.54  -2.805
237.74  -2.798
237.95  -2.790
238.15  -2.782
238.35  -2.775
238.56  -2.767
238.76  -2.759
238.96  -2.751
239.17  -2.744
239.37  -2.736
239.57  -2.729
239.78  -2.722
239.98  -2.715
240.18  -2.707
240.39  -2.700
240.59  -2.693
240.79  -2.686
241.00  -2.680
241.20  -2.673
241.40  -2.666
241.61  -2.659
241.81  -2.652
242.01  -2.645
242.21  -2.639
242.42  -2.632
242.62  -2.625
242.82  -2.618
243.03  -2.612
243.23  -2.605
243.43  -2.598
243.64  -2.591
243.84  -2.585
244.45  -2.565
244.65  -2.559
244.86  -2.553
245.06  -2.547
245.26  -2.541
245.47  -2.535
245.67  -2.529
245.87  -2.523
246.08  -2.517
246.28  -2.511
246.48  -2.505
246.69  -2.500
246.89  -2.494
247.09  -2.489
247.29  -2.483
248.31  -2.458
248.51  -2.453
248.72  -2.448
248.92  -2.444
249.12  -2.439
249.33  -2.434
249.53  -2.429
249.73  -2.425
249.94  -2.420
250.14  -2.416
250.34  -2.411
250.55  -2.406
250.75  -2.402
250.95  -2.397
251.16  -2.393
251.36  -2.388
251.56  -2.384
251.77  -2.379
251.97  -2.375
252.17  -2.370
252.37  -2.366
252.58  -2.361
252.78  -2.356
252.98  -2.352
253.19  -2.347
253.39  -2.342
253.59  -2.337
253.80  -2.333
254.00  -2.328
254.20  -2.323
254.41  -2.319
254.61  -2.314
254.81  -2.309
255.02  -2.305
255.22  -2.300
255.42  -2.295
255.63  -2.291
255.83  -2.286
256.03  -2.282
256.24  -2.277
256.44  -2.273
256.64  -2.268
256.85  -2.264
257.05  -2.259
261.52  -2.162
261.72  -2.157
261.93  -2.152
262.13  -2.146
262.33  -2.140
262.53  -2.134
262.74  -2.128
262.94  -2.122
263.14  -2.116
263.35  -2.110
263.55  -2.103
263.75  -2.097
263.96  -2.091
264.16  -2.085
264.36  -2.079
264.57  -2.073
264.77  -2.067
264.97  -2.062
265.18  -2.056
265.38  -2.050
265.58  -2.045
265.79  -2.039
265.99  -2.033
266.19  -2.028
266.40  -2.023
266.60  -2.017
266.80  -2.012
267.01  -2.008
267.21  -2.003
267.41  -1.999
267.61  -1.995
267.82  -1.991
268.02  -1.988
268.22  -1.984
268.43  -1.980
268.63  -1.976
268.83  -1.972
269.04  -1.968
269.24  -1.964
270.05  -1.948
270.26  -1.944
270.46  -1.940
270.66  -1.936
270.87  -1.933
271.07  -1.929
271.27  -1.925
271.48  -1.921
271.68  -1.917
271.88  -1.913
272.09  -1.909
272.29  -1.905
272.49  -1.901
272.69  -1.897
272.90  -1.893
273.10  -1.888
273.30  -1.884
273.51  -1.880
273.71  -1.876
273.91  -1.872
274.12  -1.869
274.32  -1.865
274.52  -1.861
274.73  -1.857
274.93  -1.853
275.13  -1.849
275.34  -1.845
275.54  -1.841
275.74  -1.838
275.95  -1.834
276.15  -1.830
276.35  -1.826
276.56  -1.822
276.76  -1.818
276.96  -1.814
277.17  -1.809
277.37  -1.805
277.57  -1.801
277.77  -1.797
277.98  -1.792
278.18  -1.788
278.38  -1.784
278.59  -1.780
278.79  -1.776
278.99  -1.771
279.20  -1.767
279.40  -1.763
279.60  -1.759
279.81  -1.755
280.01  -1.751
280.21  -1.747
280.42  -1.743
280.62  -1.739
280.82  -1.735
281.03  -1.731
281.23  -1.728
281.43  -1.724
281.64  -1.720
281.84  -1.717
282.04  -1.713
282.25  -1.710
282.45  -1.707
282.65  -1.703
282.85  -1.700
283.06  -1.697
283.26  -1.694
283.46  -1.690
283.67  -1.687
283.87  -1.683
284.07  -1.679
284.28  -1.676
284.48  -1.672
284.68  -1.669
284.89  -1.665
285.09  -1.661
285.29  -1.658
285.50  -1.654
285.70  -1.651
285.90  -1.647
286.11  -1.643
286.31  -1.640
286.51  -1.636
286.72  -1.632
286.92  -1.629
287.12  -1.625
287.33  -1.622
287.53  -1.618
287.73  -1.614
287.93  -1.610
288.14  -1.607
288.34  -1.603
288.54  -1.599
288.75  -1.595
288.95  -1.591
289.15  -1.587
289.36  -1.582
289.56  -1.578
289.76  -1.574
289.97  -1.569
290.17  -1.565
290.37  -1.560
290.58  -1.555
290.78  -1.550
290.98  -1.545
291.19  -1.540
291.39  -1.534
291.59  -1.528
291.80  -1.522
292.00  -1.516
292.20  -1.509
292.41  -1.503
292.61  -1.496
292.81  -1.489
293.01  -1.482
293.22  -1.476
293.42  -1.469
293.62  -1.463
293.83  -1.456
294.03  -1.450
294.23  -1.443
294.44  -1.436
294.64  -1.429
294.84  -1.423
295.05  -1.416
295.25  -1.409
295.45  -1.402
295.66  -1.395
295.86  -1.388
296.06  -1.381
296.27  -1.375
296.47  -1.368
296.67  -1.361
296.88  -1.355
297.08  -1.348
297.28  -1.342
297.49  -1.335
297.69  -1.329
297.89  -1.322
298.09  -1.316
298.30  -1.309
298.50  -1.302
298.70  -1.295
298.91  -1.288
299.11  -1.281
299.31  -1.274
299.52  -1.268
299.72  -1.261
299.92  -1.254
300.13  -1.247
300.33  -1.241
300.53  -1.234
300.74  -1.227
300.94  -1.220
301.14  -1.214
301.35  -1.207
301.55  -1.201
301.75  -1.194
301.96  -1.188
302.16  -1.181
302.36  -1.175
302.57  -1.169
302.77  -1.162
305.00  -1.090
305.21  -1.084
305.41  -1.077
305.61  -1.070
305.82  -1.064
306.02  -1.057
306.22  -1.050
306.43  -1.043
306.63  -1.036
306.83  -1.029
307.04  -1.022
307.24  -1.015
307.44  -1.008
307.65  -1.001
307.85  -0.994
308.05  -0.987
308.25  -0.980
308.46  -0.973
308.66  -0.966
308.86  -0.959
309.07  -0.952
309.27  -0.946
309.47  -0.939
309.68  -0.932
309.88  -0.925
310.08  -0.918
310.29  -0.911
310.49  -0.904
310.69  -0.897
310.90  -0.890
311.10  -0.883
311.30  -0.876
311.51  -0.869
311.71  -0.862
311.91  -0.855
312.12  -0.848
312.32  -0.842
312.52  -0.835
312.73  -0.828
312.93  -0.821
313.13  -0.814
313.33  -0.807
313.54  -0.800
313.74  -0.794
313.94  -0.787
314.15  -0.781
314.35  -0.774
314.55  -0.768
314.76  -0.761
314.96  -0.755
315.16  -0.749
315.37  -0.742
315.57  -0.736
315.77  -0.731
315.98  -0.725
316.18  -0.719
316.38  -0.714
316.59  -0.709
316.79  -0.704
316.99  -0.698
317.20  -0.693
317.40  -0.688
317.60  -0.683
317.81  -0.677
318.01  -0.672
318.21  -0.667
318.41  -0.661
318.62  -0.656
318.82  -0.650
319.02  -0.645
319.23  -0.640
319.43  -0.634
319.63  -0.629
319.84  -0.624
320.04  -0.618
320.24  -0.613
320.45  -0.607
320.65  -0.601
320.85  -0.596
321.06  -0.590
321.26  -0.584
321.46  -0.578
321.67  -0.572
321.87  -0.566
322.07  -0.560
322.28  -0.553
322.48  -0.547
322.68  -0.541
322.89  -0.535
323.09  -0.529
323.29  -0.523
323.49  -0.517
323.70  -0.511
323.90  -0.504
324.10  -0.498
324.31  -0.492
324.51  -0.486
324.71  -0.479
324.92  -0.473
325.12  -0.467
325.32  -0.460
325.53  -0.454
325.73  -0.448
325.93  -0.441
326.14  -0.435
326.34  -0.429
326.54  -0.422
326.75  -0.416
326.95  -0.409
327.15  -0.403
327.36  -0.396
327.56  -0.389
327.76  -0.383
327.97  -0.376
328.17  -0.369
328.37  -0.362
328.57  -0.355
328.78  -0.348
328.98  -0.341
329.18  -0.333
329.39  -0.326
329.59  -0.319
329.79  -0.311
330.00  -0.303
330.20  -0.296
330.40  -0.288
330.61  -0.279
330.81  -0.271
331.01  -0.262
331.22  -0.254
331.42  -0.245
331.62  -0.236
331.83  -0.228
332.03  -0.219
332.23  -0.210
332.44  -0.202
332.64  -0.193
332.84  -0.185
333.05  -0.177
333.25  -0.168
333.45  -0.160
333.65  -0.151
333.86  -0.143
334.06  -0.134
334.26  -0.126
334.47  -0.118
334.67  -0.109
334.87  -0.101
335.08  -0.093
335.28  -0.085
335.48  -0.077
335.69  -0.069
335.89  -0.061
336.09  -0.053
336.30  -0.045
336.50  -0.038
336.70  -0.030
336.91  -0.023
337.11  -0.015
337.31  -0.007
337.52   0.000
337.72   0.008
337.92   0.016
338.13   0.023
338.33   0.030
338.53   0.037
338.73   0.045
338.94   0.052
339.14   0.059
339.34   0.065
339.55   0.072
339.75   0.078
339.95   0.085
340.16   0.091
340.36   0.097
340.56   0.102
340.77   0.107
340.97   0.113
341.17   0.118
341.38   0.123
341.58   0.128
341.78   0.133
341.99   0.138
342.19   0.143
342.39   0.148
342.60   0.153
342.80   0.158
343.00   0.163
343.21   0.169
343.41   0.174
343.61   0.179
343.81   0.184
344.02   0.189
344.22   0.194
344.42   0.199
344.63   0.204
344.83   0.210
345.03   0.216
345.24   0.221
345.44   0.227
345.64   0.234
345.85   0.240
346.05   0.246
346.25   0.253
346.46   0.259
346.66   0.265
346.86   0.271
347.07   0.277
347.27   0.283
347.47   0.289
347.68   0.294
347.88   0.300
348.08   0.306
348.29   0.311
348.49   0.317
348.69   0.323
348.89   0.328
349.10   0.334
349.30   0.340
349.50   0.345
349.71   0.350
349.91   0.356
350.72   0.376
350.93   0.381
351.13   0.386
351.33   0.391
351.54   0.396
351.74   0.401
351.94   0.406
352.15   0.411
352.35   0.416
352.55   0.421
352.76   0.426
352.96   0.431
353.16   0.435
353.37   0.440
353.57   0.445
353.77   0.450
353.97   0.455
354.18   0.459
354.38   0.464
354.58   0.468
354.79   0.473
354.99   0.477
355.19   0.482
355.40   0.486
355.60   0.491
355.80   0.495
356.01   0.499
356.21   0.503
356.41   0.508
356.62   0.512
356.82   0.516
357.02   0.520
357.23   0.524
357.43   0.528
357.63   0.533
357.84   0.537
358.04   0.541
358.24   0.545
358.45   0.549
358.65   0.553
358.85   0.558
359.05   0.562
359.26   0.566
359.46   0.570
359.66   0.575
359.87   0.579
360.07   0.584
360.27   0.588
360.48   0.593
360.68   0.597
360.88   0.602
361.09   0.607
361.29   0.611
361.49   0.616
361.70   0.620
361.90   0.624
362.10   0.629
362.31   0.633
362.51   0.637
362.71   0.641
362.92   0.646
363.12   0.650
363.32   0.654
363.53   0.658
363.73   0.662
363.93   0.667
364.13   0.671
364.34   0.674
364.54   0.678
364.74   0.682
364.95   0.685
365.15   0.689
365.35   0.692
365.56   0.696
365.76   0.699
365.96   0.702
366.17   0.706
366.37   0.709
366.57   0.713
366.78   0.717
366.98   0.720
367.18   0.724
367.39   0.728
367.59   0.732
368.20   0.743
368.40   0.747
368.61   0.751
368.81   0.755
369.01   0.758
369.21   0.762
369.42   0.766
369.62   0.770
369.82   0.774
370.03   0.779
370.23   0.783
370.43   0.787
370.64   0.791
370.84   0.795
371.04   0.800
371.25   0.804
371.45   0.808
371.65   0.813
371.86   0.817
372.06   0.822
372.26   0.827
372.47   0.831
372.67   0.836
372.87   0.841
373.08   0.846
373.28   0.851
373.48   0.856
373.69   0.862
373.89   0.867
374.09   0.873
374.29   0.879
374.50   0.885
374.70   0.892
374.90   0.899
375.11   0.905
375.31   0.912
375.51   0.919
375.72   0.926
375.92   0.933
376.12   0.940
376.33   0.947
376.53   0.954
376.73   0.960
376.94   0.967
377.14   0.974
377.34   0.980
377.55   0.987
377.75   0.994
377.95   1.001
378.16   1.007
378.36   1.014
378.56   1.021
378.77   1.027
378.97   1.034
379.17   1.040
379.37   1.046
379.58   1.052
379.78   1.058
379.98   1.064
380.19   1.070
380.39   1.076
380.59   1.081
380.80   1.087
381.00   1.093
381.20   1.099
381.41   1.105
381.61   1.111
381.81   1.117
382.02   1.122
382.22   1.128
382.42   1.134
382.63   1.139
382.83   1.145
383.03   1.150
383.24   1.156
383.44   1.161
383.64   1.166
383.85   1.171
384.05   1.176
384.25   1.181
384.45   1.186
384.66   1.190
384.86   1.195
385.06   1.199
385.27   1.203
385.47   1.208
385.67   1.212
385.88   1.217
386.08   1.221
386.28   1.225
386.49   1.230
386.69   1.234
386.89   1.239
387.10   1.243
387.30   1.248
387.50   1.252
387.71   1.257
387.91   1.261
388.11   1.265
388.32   1.270
388.52   1.274
388.72   1.279
388.93   1.283
389.13   1.288
389.33   1.292
389.53   1.297
389.74   1.302
389.94   1.306
390.14   1.311
390.35   1.316
390.55   1.320
390.75   1.325
390.96   1.330
391.16   1.334
391.36   1.339
391.57   1.343
391.77   1.348
391.97   1.353
392.18   1.358
392.38   1.362
392.58   1.367
392.79   1.372
392.99   1.377
393.19   1.382
393.40   1.386
393.60   1.391
393.80   1.396
394.01   1.401
394.21   1.406
394.41   1.411
394.61   1.417
394.82   1.422
395.02   1.427
395.22   1.432
395.43   1.437
395.63   1.442
395.83   1.448
396.04   1.453
396.24   1.458
396.44   1.463
396.65   1.469
396.85   1.474
397.05   1.479
397.26   1.485
397.46   1.490
397.66   1.495
397.87   1.501
398.07   1.506
398.27   1.512
398.48   1.517
398.68   1.522
398.88   1.528
399.09   1.533
399.29   1.538
399.49   1.543
399.69   1.549
399.90   1.554
400.10   1.559
400.30   1.565
400.51   1.570
400.71   1.575
400.91   1.581
401.12   1.586
401.32   1.592
401.52   1.597
401.73   1.603
401.93   1.608
402.13   1.614
402.34   1.619
402.54   1.625
402.74   1.631
402.95   1.636
403.15   1.642
403.35   1.647
403.56   1.653
403.76   1.659
403.96   1.665
404.17   1.671
404.37   1.676
404.57   1.682
404.77   1.688
404.98   1.694
405.18   1.700
405.38   1.706
405.59   1.712
405.79   1.718
405.99   1.723
406.20   1.729
406.40   1.735
406.60   1.741
406.81   1.747
407.01   1.752
407.21   1.758
407.42   1.764
407.62   1.770
407.82   1.775
408.03   1.781
408.23   1.786
408.43   1.792
408.64   1.798
408.84   1.803
409.04   1.808
409.25   1.814
409.45   1.819
409.65   1.824
409.85   1.830
410.06   1.835
410.26   1.840
410.46   1.846
410.67   1.851
410.87   1.856
411.07   1.862
411.28   1.867
411.48   1.872
411.68   1.878
411.89   1.883
412.09   1.888
412.29   1.893
412.50   1.898
412.70   1.904
412.90   1.909
413.11   1.914
413.31   1.919
413.51   1.924
413.72   1.929
413.92   1.935
414.12   1.940
414.33   1.945
414.53   1.950
414.73   1.955
414.93   1.960
415.14   1.965
415.34   1.970
415.54   1.975
415.75   1.980
415.95   1.985
416.15   1.990
416.36   1.995
416.56   2.000
416.76   2.005
416.97   2.009
417.17   2.014
417.37   2.019
417.58   2.024
417.78   2.028
417.98   2.033
418.19   2.038
418.39   2.042
418.59   2.047
418.80   2.051
419.00   2.056
419.20   2.060
419.41   2.064
419.61   2.069
419.81   2.073
420.01   2.078
420.22   2.082
420.42   2.086
420.62   2.091
420.83   2.095
421.03   2.100
421.23   2.104
421.44   2.108
421.64   2.113
421.84   2.117
422.05   2.121
422.25   2.126
422.45   2.130
422.66   2.134
422.86   2.139
423.06   2.143
423.27   2.147
423.47   2.151
423.67   2.156
423.88   2.160
424.08   2.164
424.28   2.168
424.49   2.172
424.69   2.177
424.89   2.181
425.09   2.185
425.30   2.190
425.50   2.194
425.70   2.198
425.91   2.203
426.11   2.207
426.31   2.211
426.52   2.216
426.72   2.220
426.92   2.225
427.13   2.229
427.33   2.234
427.53   2.238
427.74   2.243
427.94   2.248
428.14   2.253
428.35   2.257
428.55   2.262
428.75   2.267
428.96   2.272
429.16   2.277
429.36   2.282
429.57   2.287
429.77   2.292
429.97   2.297
430.17   2.302
430.38   2.307
430.58   2.312
430.78   2.317
430.99   2.323
431.19   2.328
431.39   2.333
431.60   2.338
431.80   2.343
432.00   2.349
432.21   2.354
432.41   2.359
432.61   2.365
432.82   2.370
433.02   2.375
433.22   2.381
433.43   2.386
433.63   2.392
433.83   2.398
434.04   2.403
434.24   2.409
434.44   2.414
434.65   2.420
434.85   2.426
435.05   2.431
435.25   2.437
435.46   2.442
435.66   2.448
435.86   2.454
436.07   2.459
436.27   2.465
436.47   2.470
436.68   2.476
436.88   2.481
437.08   2.487
437.29   2.492
437.49   2.497
437.69   2.503
437.90   2.508
438.10   2.513
438.30   2.518
438.51   2.523
438.71   2.528
438.91   2.533
439.12   2.538
439.32   2.543
439.52   2.548
439.73   2.553
439.93   2.558
440.13   2.563
440.33   2.568
440.54   2.573
440.74   2.579
440.94   2.584
441.15   2.589
441.35   2.594
441.55   2.599
441.76   2.604
441.96   2.610
442.16   2.615
442.37   2.620
442.57   2.626
442.77   2.631
442.98   2.637
443.18   2.642
443.38   2.648
443.59   2.653
443.79   2.659
443.99   2.665
444.20   2.670
444.40   2.676
444.60   2.682
444.81   2.687
445.01   2.693
445.21   2.698
445.41   2.704
445.62   2.709
445.82   2.715
446.02   2.721
446.23   2.726
446.43   2.732
446.63   2.737
446.84   2.743
447.04   2.749
447.24   2.754
447.45   2.760
447.65   2.765
447.85   2.770
448.06   2.776
448.26   2.781
448.46   2.786
448.67   2.792
448.87   2.797
449.07   2.802
449.28   2.808
449.48   2.813
449.68   2.819
449.89   2.824
450.09   2.830
450.29   2.835
450.49   2.841
450.70   2.847
450.90   2.852
451.10   2.858
451.31   2.864
451.51   2.869
451.71   2.875
451.92   2.881
452.12   2.887
452.32   2.893
452.53   2.899
452.73   2.905
452.93   2.912
453.14   2.918
453.34   2.924
453.54   2.931
453.75   2.937
453.95   2.943
454.15   2.950
454.36   2.956
454.56   2.962
454.97   2.975
455.17   2.981
455.37   2.988
455.57   2.994
455.78   3.000
455.98   3.007
456.18   3.013
456.39   3.020
456.59   3.026
456.79   3.032
457.00   3.039
457.20   3.045
457.40   3.051
457.61   3.057
457.81   3.063
458.01   3.069
458.22   3.076
458.42   3.082
458.62   3.088
458.83   3.094
459.03   3.100
459.23   3.106
459.44   3.113
459.64   3.119
459.84   3.126
460.05   3.132
460.25   3.138
460.45   3.145
460.65   3.151
460.86   3.158
461.06   3.164
461.26   3.171
461.47   3.177
461.67   3.184
461.87   3.191
462.08   3.198
462.28   3.204
462.48   3.211
462.69   3.218
462.89   3.226
463.09   3.233
463.30   3.240
463.91   3.261
464.11   3.268
464.31   3.275
464.52   3.282
464.72   3.288
464.92   3.295
465.13   3.302
465.33   3.309
465.53   3.316
465.73   3.323
465.94   3.330
466.14   3.337
466.34   3.344
466.55   3.351
466.75   3.358
466.95   3.365
467.16   3.373
467.36   3.380
467.56   3.388
467.77   3.395
467.97   3.403
468.17   3.410
468.38   3.417
468.58   3.425
468.78   3.432
468.99   3.439
469.19   3.445
469.39   3.452
469.60   3.459
469.80   3.466
470.00   3.472
470.21   3.479
470.41   3.485
470.61   3.492
473.25   3.573
473.46   3.579
473.66   3.584
473.86   3.590
474.07   3.596
474.27   3.602
474.47   3.607
474.68   3.613
474.88   3.618
475.08   3.624
475.29   3.630
475.49   3.635
475.69   3.641
475.89   3.647
476.10   3.652
476.30   3.658
476.50   3.664
476.71   3.669
476.91   3.675
477.11   3.681
477.32   3.686
477.52   3.692
477.72   3.698
477.93   3.704
478.13   3.709
478.33   3.715
478.54   3.721
478.74   3.727
478.94   3.733
479.15   3.738
479.35   3.744
479.55   3.750
479.76   3.755
479.96   3.761
480.16   3.767
480.37   3.772
480.57   3.778
480.77   3.783
480.97   3.789
481.18   3.794
481.38   3.799
481.79   3.808
481.99   3.811
482.19   3.815
482.40   3.819
482.60   3.822
482.80   3.826
483.01   3.829
483.21   3.833
483.41   3.838
484.02   3.854
484.23   3.859
484.43   3.864
484.63   3.870
484.84   3.875
485.04   3.881
485.24   3.887
485.85   3.904
486.05   3.909
486.26   3.915
486.46   3.920
486.66   3.926
486.87   3.931
487.07   3.936
487.27   3.941
487.48   3.946
487.68   3.951
487.88   3.956
488.09   3.962
488.29   3.967
488.49   3.973
488.70   3.979
488.90   3.984
489.10   3.990
489.31   3.996
489.51   4.002
489.71   4.008
489.92   4.013
490.12   4.019
490.32   4.025
490.53   4.030
490.73   4.036
490.93   4.042
491.13   4.047
491.34   4.053
491.54   4.058
491.74   4.064
491.95   4.069
492.15   4.074
492.35   4.079
492.56   4.084
492.76   4.090
492.96   4.095
493.17   4.100
493.37   4.106
493.57   4.111
493.78   4.116
493.98   4.122
494.18   4.127
494.39   4.133
494.59   4.138
494.79   4.143
495.00   4.149
495.20   4.154
495.40   4.160
495.61   4.165
495.81   4.170
496.01   4.176
496.21   4.182
496.42   4.187
496.62   4.193
496.82   4.199
497.03   4.204
497.23   4.210
497.43   4.216
497.64   4.221
497.84   4.227
498.04   4.233
498.25   4.238
498.45   4.244
498.65   4.250
498.86   4.255
499.06   4.261
499.26   4.266
499.47   4.272
499.67   4.277
499.87   4.283
500.08   4.288
500.28   4.293
500.48   4.299
500.69   4.304
500.89   4.309
501.09   4.315
501.29   4.320
501.50   4.325
501.70   4.330
501.90   4.334
502.11   4.339
502.31   4.344
502.51   4.349
502.72   4.354
502.92   4.359
503.12   4.364
503.33   4.369
503.53   4.374
503.73   4.380
503.94   4.385
504.14   4.390
504.34   4.395
504.55   4.400
504.75   4.406
504.95   4.411
505.16   4.416
505.36   4.421
505.56   4.426
505.77   4.432
505.97   4.437
506.17   4.442
506.37   4.448
506.58   4.453
506.78   4.458
506.98   4.464
507.19   4.469
507.39   4.475
507.59   4.480
507.80   4.486
508.00   4.491
508.20   4.497
508.41   4.503
508.61   4.508
508.81   4.514
509.02   4.520
509.22   4.526
509.42   4.532
509.63   4.538
509.83   4.544
510.03   4.550
510.24   4.557
510.44   4.563
510.64   4.570
510.85   4.577
511.05   4.584
511.25   4.591
511.45   4.598
511.66   4.606
511.86   4.613
512.06   4.621
512.27   4.628
512.47   4.636
512.67   4.644
512.88   4.651
513.08   4.659
513.28   4.666
513.49   4.673
513.69   4.681
513.89   4.688
514.10   4.696
514.30   4.703
514.50   4.711
514.71   4.718
514.91   4.726
515.32   4.741
515.52   4.748
515.72   4.756
515.93   4.763
516.13   4.770
516.33   4.776
516.53   4.783
516.74   4.790
516.94   4.797
517.14   4.804
517.35   4.811
517.55   4.818
517.75   4.825
517.96   4.832
518.16   4.839
518.36   4.846
518.57   4.853
518.77   4.860
518.97   4.867
519.18   4.874
519.38   4.881
519.58   4.888
519.79   4.895
519.99   4.902
520.19   4.909
520.40   4.916
520.60   4.923
520.80   4.930
521.01   4.937
521.21   4.944
521.41   4.950
521.61   4.957
521.82   4.964
522.02   4.971
522.22   4.977
522.43   4.984
522.63   4.991
522.83   4.997
523.04   5.004
523.24   5.011
523.44   5.017
523.65   5.024
523.85   5.031
524.05   5.037
524.26   5.044
524.46   5.051
524.66   5.058
524.87   5.065
525.07   5.072
525.27   5.079
525.48   5.087
525.68   5.094
525.88   5.102
526.09   5.110
526.29   5.118
526.49   5.126
526.69   5.134
526.90   5.143
527.10   5.151
527.30   5.158
527.51   5.166
527.71   5.174
527.91   5.181
528.12   5.189
528.32   5.196
528.52   5.203
528.73   5.211
528.93   5.218
529.13   5.225
529.34   5.232
529.54   5.239
529.74   5.246
529.95   5.253
530.15   5.260
530.35   5.265
530.56   5.270
530.76   5.275
530.96   5.279
531.17   5.284
531.37   5.288
531.57   5.292
531.77   5.296
531.98   5.301
532.18   5.307
532.38   5.313
532.59   5.319
532.79   5.326
532.99   5.333
533.20   5.340
533.40   5.346
533.60   5.353
533.81   5.360
534.01   5.367
534.21   5.373
534.42   5.380
534.62   5.387
534.82   5.393
535.03   5.400
535.23   5.406
535.43   5.412
535.64   5.417
535.84   5.423
536.04   5.428
536.25   5.433
536.45   5.438
536.65   5.444
536.85   5.449
537.06   5.455
537.26   5.461
537.46   5.467
537.67   5.473
537.87   5.479
538.07   5.486
538.28   5.492
538.48   5.498
538.68   5.504
538.89   5.510
539.09   5.516
539.29   5.522
539.50   5.528
539.70   5.534
539.90   5.539
540.11   5.545
540.31   5.551
540.51   5.557
540.72   5.563
540.92   5.568
541.12   5.574
541.33   5.579
541.53   5.585
541.73   5.591
541.93   5.596
542.14   5.601
542.34   5.607
542.54   5.612
542.75   5.618
542.95   5.623
543.15   5.628
543.36   5.633
543.56   5.639
543.76   5.644
543.97   5.649
544.17   5.654
544.37   5.659
544.58   5.665
544.78   5.670
544.98   5.675
545.19   5.681
545.39   5.687
545.59   5.694
545.80   5.700
546.00   5.706
546.20   5.712
546.41   5.718
546.61   5.724
546.81   5.729
547.01   5.733
547.22   5.738
547.42   5.742
547.62   5.747
547.83   5.751
548.03   5.755
548.23   5.759
548.44   5.764
548.64   5.768
548.84   5.772
549.05   5.776
549.25   5.780
549.45   5.784
549.66   5.789
549.86   5.793
550.06   5.798
550.27   5.802
550.47   5.807
550.67   5.812
550.88   5.817
551.08   5.822
551.28   5.828
551.49   5.832
551.69   5.837
551.89   5.842
552.09   5.846
552.30   5.850
552.50   5.855
552.70   5.859
552.91   5.864
553.11   5.868
553.31   5.873
553.52   5.878
553.72   5.882
553.92   5.887
554.13   5.892
554.33   5.897
554.53   5.902
554.74   5.907
554.94   5.912
555.14   5.918
555.35   5.923
555.55   5.929
555.75   5.934
555.96   5.940
556.16   5.946
556.36   5.952
556.57   5.957
556.77   5.963
556.97   5.968
557.17   5.974
557.38   5.980
557.58   5.985
557.78   5.991
557.99   5.997
558.19   6.002
558.39   6.008
558.60   6.014
558.80   6.020
559.00   6.026
559.21   6.032
559.41   6.038
559.61   6.045
559.82   6.051
560.02   6.057
560.22   6.064
560.43   6.070
560.63   6.077
560.83   6.083
561.04   6.089
561.24   6.096
561.44   6.102
561.65   6.109
561.85   6.115
562.05   6.121
562.25   6.128
562.46   6.134
562.66   6.140
562.86   6.147
563.07   6.153
565.10   6.211
565.30   6.216
565.51   6.221
565.71   6.226
565.91   6.231
566.12   6.237
566.32   6.242
566.52   6.247
566.73   6.253
566.93   6.258
567.13   6.263
567.33   6.269
567.54   6.274
567.74   6.280
567.94   6.285
568.15   6.290
568.35   6.296
568.55   6.301
568.76   6.306
568.96   6.312
569.16   6.317
569.37   6.322
569.57   6.328
569.77   6.333
569.98   6.338
570.18   6.344
570.38   6.349
570.59   6.354
570.79   6.360
570.99   6.365
571.20   6.371
571.40   6.376
571.60   6.382
571.81   6.387
572.01   6.393
572.21   6.399
572.41   6.404
572.62   6.410
572.82   6.416
573.02   6.422
573.23   6.428
573.43   6.434
573.63   6.440
573.84   6.446
574.04   6.453
574.24   6.459
574.45   6.466
574.65   6.473
574.85   6.481
575.06   6.488
575.26   6.495
575.46   6.503
575.67   6.510
575.87   6.517
576.07   6.524
576.28   6.532
576.48   6.539
576.68   6.546
576.89   6.553
577.09   6.560
577.29   6.567
577.49   6.574
577.70   6.581
577.90   6.588
578.10   6.595
578.31   6.602
578.51   6.610
578.71   6.617
578.92   6.624
579.12   6.631
579.32   6.638
579.53   6.645
579.73   6.652
579.93   6.659
580.14   6.666
580.34   6.673
580.54   6.680
580.75   6.687
580.95   6.694
581.15   6.701
581.36   6.708
581.56   6.715
581.76   6.722
581.97   6.729
582.17   6.735
582.37   6.742
582.57   6.748
582.78   6.754
582.98   6.760
583.18   6.766
583.39   6.772
583.59   6.778
583.79   6.783
584.00   6.788
584.20   6.793
584.40   6.797
584.61   6.801
584.81   6.805
585.01   6.808
585.22   6.812
585.42   6.815
585.62   6.819
585.83   6.823
586.03   6.827
586.23   6.831
586.44   6.835
586.64   6.839
586.84   6.843
587.05   6.848
587.25   6.852
587.45   6.856
587.65   6.861
587.86   6.865
588.06   6.869
588.26   6.874
588.47   6.879
588.67   6.884
588.87   6.889
589.08   6.895
589.28   6.901
589.48   6.908
589.69   6.914
589.89   6.921
590.09   6.928
590.30   6.935
590.50   6.941
590.70   6.948
590.91   6.954
591.11   6.961
591.31   6.967
591.52   6.973
591.72   6.980
591.92   6.986
592.13   6.993
592.33   6.999
592.53   7.006
592.73   7.013
592.94   7.019
593.14   7.026
593.34   7.033
593.55   7.039
593.75   7.046
593.95   7.052
594.16   7.059
594.36   7.065
594.56   7.071
594.77   7.078
594.97   7.084
595.17   7.090
595.38   7.097
595.58   7.103
595.78   7.110
595.99   7.117
596.19   7.123
596.39   7.130
596.60   7.137
596.80   7.144
597.00   7.151
597.21   7.158
597.41   7.165
597.61   7.172
597.81   7.179
598.02   7.187
598.22   7.194
598.42   7.201
598.63   7.209
598.83   7.217
599.03   7.225
599.24   7.233
599.44   7.241
599.64   7.249
599.85   7.257
600.05   7.266
600.25   7.274
600.46   7.282
600.66   7.290
600.86   7.297
601.07   7.305
601.27   7.313
601.47   7.321
601.68   7.328
601.88   7.336
602.08   7.344
602.29   7.351
602.49   7.359
602.69   7.366
602.89   7.374
603.10   7.381
603.30   7.388
603.50   7.394
603.71   7.401
603.91   7.406
604.11   7.412
604.32   7.418
604.52   7.423
604.72   7.429
604.93   7.434
605.13   7.440
605.33   7.446
605.54   7.453
605.74   7.460
605.94   7.466
606.15   7.473
606.35   7.479
606.55   7.486
606.76   7.493
606.96   7.499
607.16   7.506
607.37   7.512
607.57   7.519
607.77   7.526
607.97   7.532
608.18   7.538
608.38   7.544
608.58   7.549
608.79   7.553
608.99   7.557
609.19   7.561
609.40   7.565
609.60   7.570
609.80   7.575
610.01   7.580
610.21   7.586
610.41   7.594
610.62   7.601
610.82   7.610
611.02   7.618
611.23   7.626
611.43   7.634
611.63   7.643
611.84   7.652
612.04   7.660
612.24   7.669
612.45   7.678
612.65   7.686
612.85   7.695
613.05   7.703
613.26   7.710
613.46   7.715
