  
  DOI/GTN-P Deep Borehole Array, Arctic Alaska 
             U.S. Geological Survey 
            Processed Temperature Log 
                    28-Aug-2013 
________________________________________________ 
  
Temperature Log Information: 
  Well name:   Ikpikpuk 
  File name:   IKP_02AUG21a_c_d 
  Log date:    21-AUG-2002 
  
Contact Information: 
  Gary Clow 
  U.S. Geological Survey 
  clow@usgs.gov 
  
Definitions: 
  Depth:        Depth below local ground surface (m) 
  Temperature:  ITS-90 temperature (°C) 
________________________________________________ 
             
 Depth  Temperature 
  8.86  -7.195
  8.87  -7.195
  8.96  -7.196
  9.06  -7.197
  9.16  -7.198
  9.26  -7.199
  9.37  -7.201
  9.49  -7.202
  9.62  -7.204
  9.73  -7.205
  9.85  -7.206
  9.96  -7.208
 10.08  -7.209
 10.20  -7.210
 10.32  -7.211
 10.44  -7.212
 10.57  -7.213
 10.70  -7.214
 10.83  -7.215
 10.96  -7.215
 11.09  -7.216
 11.21  -7.216
 11.34  -7.217
 11.48  -7.217
 11.61  -7.218
 11.74  -7.218
 11.86  -7.218
 11.99  -7.218
 12.13  -7.218
 12.26  -7.218
 12.38  -7.218
 12.51  -7.218
 12.64  -7.218
 12.77  -7.217
 12.90  -7.217
 13.03  -7.217
 13.16  -7.217
 13.29  -7.216
 13.42  -7.216
 13.56  -7.216
 13.69  -7.216
 13.82  -7.215
 13.94  -7.215
 14.07  -7.214
 14.21  -7.214
 14.34  -7.213
 14.47  -7.212
 14.60  -7.212
 14.73  -7.211
 14.86  -7.210
 14.99  -7.209
 15.12  -7.208
 15.25  -7.207
 15.38  -7.206
 15.51  -7.205
 15.65  -7.204
 15.78  -7.203
 15.91  -7.203
 16.04  -7.202
 16.18  -7.202
 16.31  -7.202
 16.44  -7.202
 16.56  -7.203
 16.69  -7.204
 16.83  -7.206
 16.97  -7.208
 17.10  -7.209
 17.22  -7.211
 17.35  -7.213
 17.49  -7.214
 17.63  -7.216
 17.76  -7.218
 17.88  -7.220
 18.01  -7.224
 18.14  -7.228
 18.28  -7.234
 18.41  -7.241
 18.54  -7.250
 18.66  -7.259
 18.79  -7.269
 18.93  -7.281
 19.07  -7.292
 19.19  -7.305
 19.32  -7.318
 19.44  -7.332
 19.58  -7.346
 19.72  -7.361
 19.85  -7.376
 19.97  -7.391
 20.10  -7.406
 20.24  -7.422
 20.37  -7.438
 20.50  -7.454
 20.63  -7.469
 20.75  -7.485
 20.89  -7.500
 21.03  -7.516
 21.16  -7.531
 21.29  -7.546
 21.41  -7.560
 21.55  -7.573
 21.69  -7.585
 21.82  -7.598
 21.95  -7.609
 22.07  -7.621
 22.20  -7.633
 22.34  -7.644
 22.47  -7.656
 22.60  -7.668
 22.72  -7.681
 22.85  -7.693
 22.99  -7.706
 23.13  -7.719
 23.26  -7.731
 23.38  -7.744
 23.51  -7.756
 23.65  -7.768
 23.78  -7.779
 23.91  -7.790
 24.04  -7.801
 24.17  -7.814
 24.30  -7.826
 24.44  -7.839
 24.57  -7.850
 24.70  -7.857
 24.83  -7.864
 25.10  -7.879
 25.23  -7.891
 25.36  -7.906
 25.49  -7.921
 25.62  -7.934
 25.76  -7.945
 25.89  -7.954
 26.02  -7.963
 26.15  -7.972
 26.28  -7.982
 26.42  -7.992
 26.55  -8.002
 26.68  -8.011
 26.81  -8.019
 26.94  -8.027
 27.07  -8.035
 27.21  -8.042
 27.34  -8.049
 27.47  -8.056
 27.59  -8.062
 27.73  -8.069
 27.87  -8.075
 28.00  -8.082
 28.12  -8.089
 28.25  -8.095
 28.39  -8.102
 28.52  -8.108
 28.65  -8.114
 28.78  -8.119
 28.91  -8.125
 29.05  -8.130
 29.18  -8.134
 29.31  -8.139
 29.44  -8.143
 29.57  -8.148
 29.70  -8.152
 29.84  -8.156
 29.97  -8.161
 30.10  -8.165
 30.23  -8.169
 30.36  -8.173
 30.50  -8.177
 30.63  -8.181
 30.76  -8.185
 30.89  -8.189
 31.03  -8.192
 31.16  -8.196
 31.29  -8.199
 31.42  -8.202
 31.56  -8.205
 31.69  -8.208
 31.82  -8.211
 31.95  -8.213
 32.09  -8.216
 32.22  -8.218
 32.35  -8.220
 32.48  -8.222
 32.62  -8.224
 32.75  -8.226
 32.88  -8.228
 33.00  -8.229
 33.14  -8.231
 33.28  -8.232
 33.41  -8.234
 33.54  -8.235
 33.67  -8.236
 33.80  -8.237
 33.94  -8.238
 34.07  -8.239
 34.20  -8.240
 34.33  -8.240
 34.46  -8.241
 34.60  -8.241
 34.73  -8.241
 34.86  -8.242
 34.99  -8.242
 35.13  -8.242
 35.26  -8.242
 35.40  -8.242
 35.52  -8.242
 35.65  -8.242
 35.79  -8.242
 35.93  -8.242
 36.06  -8.242
 36.19  -8.242
 36.32  -8.242
 36.45  -8.242
 36.59  -8.242
 36.72  -8.242
 36.85  -8.242
 36.98  -8.242
 37.11  -8.242
 37.25  -8.242
 37.39  -8.242
 37.52  -8.242
 37.65  -8.242
 37.78  -8.242
 37.91  -8.242
 38.05  -8.242
 38.18  -8.242
 38.31  -8.242
 38.44  -8.242
 38.57  -8.241
 38.71  -8.241
 38.84  -8.241
 38.97  -8.240
 39.10  -8.240
 39.23  -8.239
 39.36  -8.239
 39.50  -8.238
 39.63  -8.238
 39.76  -8.237
 39.90  -8.237
 40.03  -8.236
 40.16  -8.235
 40.29  -8.235
 40.42  -8.234
 40.56  -8.233
 40.69  -8.233
 40.82  -8.232
 40.95  -8.231
 41.08  -8.231
 41.21  -8.230
 41.35  -8.229
 41.48  -8.228
 41.61  -8.227
 41.74  -8.226
 41.87  -8.225
 42.00  -8.225
 42.14  -8.224
 42.26  -8.223
 42.39  -8.221
 42.52  -8.220
 42.65  -8.219
 42.78  -8.218
 42.90  -8.217
 43.03  -8.216
 43.15  -8.214
 43.28  -8.213
 43.41  -8.212
 43.53  -8.210
 43.65  -8.209
 43.78  -8.207
 43.91  -8.206
 44.04  -8.205
 44.16  -8.203
 44.29  -8.202
 44.41  -8.200
 44.54  -8.199
 44.68  -8.197
 44.80  -8.196
 44.93  -8.194
 45.06  -8.193
 45.19  -8.191
 45.32  -8.190
 45.44  -8.188
 45.57  -8.187
 45.69  -8.185
 45.82  -8.183
 45.95  -8.182
 46.07  -8.180
 46.20  -8.179
 46.32  -8.177
 46.45  -8.175
 46.58  -8.174
 46.71  -8.172
 46.84  -8.170
 46.97  -8.169
 47.10  -8.167
 47.22  -8.165
 47.36  -8.164
 47.48  -8.162
 47.61  -8.160
 47.74  -8.158
 47.87  -8.157
 48.00  -8.155
 48.13  -8.153
 48.26  -8.151
 48.38  -8.150
 48.52  -8.148
 48.65  -8.146
 48.78  -8.144
 48.91  -8.142
 49.04  -8.141
 49.17  -8.139
 49.30  -8.137
 49.43  -8.135
 49.55  -8.133
 49.68  -8.131
 49.81  -8.130
 49.95  -8.128
 50.08  -8.126
 50.20  -8.124
 50.33  -8.122
 50.46  -8.120
 50.59  -8.118
 50.72  -8.117
 50.85  -8.115
 50.98  -8.113
 51.11  -8.111
 51.24  -8.109
 51.37  -8.107
 51.50  -8.105
 51.62  -8.103
 51.75  -8.101
 51.89  -8.099
 52.02  -8.097
 52.15  -8.095
 52.27  -8.094
 52.40  -8.092
 52.53  -8.090
 52.66  -8.088
 52.79  -8.086
 52.92  -8.084
 53.05  -8.082
 53.18  -8.080
 53.31  -8.078
 53.44  -8.076
 53.56  -8.074
 53.70  -8.072
 53.83  -8.070
 53.96  -8.068
 54.09  -8.066
 54.21  -8.064
 54.34  -8.062
 54.47  -8.060
 54.60  -8.058
 54.73  -8.056
 54.86  -8.054
 54.99  -8.052
 55.12  -8.050
 55.25  -8.048
 55.38  -8.046
 55.51  -8.044
 55.64  -8.042
 55.77  -8.041
 55.89  -8.039
 56.02  -8.037
 56.15  -8.035
 56.28  -8.033
 56.41  -8.031
 56.54  -8.029
 56.67  -8.027
 56.80  -8.025
 56.93  -8.023
 57.06  -8.021
 57.19  -8.019
 57.32  -8.017
 57.44  -8.015
 57.57  -8.013
 57.70  -8.011
 57.84  -8.008
 57.97  -8.006
 58.10  -8.004
 58.22  -8.002
 58.35  -8.000
 58.48  -7.997
 58.61  -7.995
 58.74  -7.993
 58.87  -7.990
 59.00  -7.988
 59.13  -7.985
 59.26  -7.983
 59.39  -7.980
 59.52  -7.977
 59.65  -7.974
 59.78  -7.972
 59.91  -7.969
 60.04  -7.966
 60.17  -7.963
 60.30  -7.960
 60.43  -7.957
 60.56  -7.954
 60.69  -7.951
 60.82  -7.948
 60.95  -7.945
 61.08  -7.942
 61.21  -7.939
 61.34  -7.936
 61.47  -7.933
 61.60  -7.930
 61.74  -7.927
 61.87  -7.925
 62.00  -7.922
 62.13  -7.919
 62.25  -7.916
 62.39  -7.913
 62.52  -7.910
 62.65  -7.907
 62.78  -7.904
 62.91  -7.901
 63.04  -7.898
 63.17  -7.895
 63.30  -7.892
 63.43  -7.890
 63.56  -7.887
 63.69  -7.884
 63.82  -7.881
 63.95  -7.878
 64.09  -7.875
 64.21  -7.873
 64.34  -7.870
 64.48  -7.867
 64.61  -7.864
 64.74  -7.861
 64.87  -7.858
 65.00  -7.856
 65.13  -7.853
 65.26  -7.850
 65.39  -7.847
 65.52  -7.844
 65.65  -7.841
 65.78  -7.838
 65.91  -7.836
 66.04  -7.833
 66.17  -7.830
 66.30  -7.827
 66.43  -7.824
 66.56  -7.821
 66.69  -7.818
 66.82  -7.815
 66.95  -7.812
 67.08  -7.809
 67.21  -7.806
 67.34  -7.803
 67.47  -7.801
 67.60  -7.798
 67.74  -7.795
 67.86  -7.792
 67.99  -7.789
 68.12  -7.786
 68.25  -7.783
 68.38  -7.780
 68.52  -7.777
 68.65  -7.774
 68.78  -7.771
 68.91  -7.768
 69.04  -7.765
 69.17  -7.762
 69.30  -7.759
 69.43  -7.756
 69.56  -7.753
 69.69  -7.750
 69.82  -7.747
 69.95  -7.744
 70.08  -7.741
 70.21  -7.738
 70.34  -7.735
 70.47  -7.732
 70.60  -7.729
 70.73  -7.726
 70.86  -7.723
 70.99  -7.720
 71.12  -7.717
 71.26  -7.714
 71.38  -7.711
 71.51  -7.708
 71.65  -7.705
 71.78  -7.703
 71.91  -7.700
 72.04  -7.697
 72.17  -7.695
 72.30  -7.692
 72.43  -7.689
 72.56  -7.686
 72.69  -7.684
 72.82  -7.681
 72.96  -7.678
 73.09  -7.675
 73.22  -7.673
 73.35  -7.670
 73.48  -7.667
 73.61  -7.664
 73.74  -7.661
 73.87  -7.658
 74.00  -7.655
 74.13  -7.652
 74.26  -7.649
 74.39  -7.646
 74.52  -7.643
 74.64  -7.640
 74.77  -7.636
 74.90  -7.633
 75.03  -7.630
 75.16  -7.627
 75.29  -7.624
 75.42  -7.620
 75.55  -7.617
 75.68  -7.614
 75.81  -7.610
 75.94  -7.606
 76.07  -7.603
 76.20  -7.599
 76.32  -7.595
 76.45  -7.591
 76.58  -7.588
 76.71  -7.584
 76.84  -7.580
 76.97  -7.576
 77.10  -7.573
 77.23  -7.569
 77.36  -7.565
 77.49  -7.562
 77.62  -7.558
 77.75  -7.555
 77.88  -7.552
 78.01  -7.548
 78.14  -7.545
 78.26  -7.542
 78.39  -7.539
 78.52  -7.536
 78.65  -7.533
 78.78  -7.530
 78.90  -7.527
 79.03  -7.524
 79.16  -7.521
 79.28  -7.518
 79.41  -7.515
 79.53  -7.513
 79.66  -7.510
 79.78  -7.508
 79.91  -7.505
 80.04  -7.503
 80.16  -7.501
 80.29  -7.499
 80.41  -7.497
 80.54  -7.495
 80.66  -7.493
 80.79  -7.491
 80.92  -7.488
 81.04  -7.486
 81.17  -7.484
 81.29  -7.482
 81.42  -7.480
 81.54  -7.477
 81.67  -7.475
 81.80  -7.472
 81.92  -7.469
 82.04  -7.466
 82.17  -7.462
 82.30  -7.459
 82.42  -7.455
 82.55  -7.451
 82.67  -7.448
 82.80  -7.444
 82.92  -7.441
 83.05  -7.437
 83.18  -7.434
 83.30  -7.430
 83.43  -7.427
 83.56  -7.423
 83.68  -7.420
 83.81  -7.417
 83.93  -7.413
 84.06  -7.410
 84.19  -7.407
 84.31  -7.404
 84.44  -7.400
 84.57  -7.397
 84.69  -7.394
 84.82  -7.391
 84.95  -7.388
 85.07  -7.385
 85.20  -7.382
 85.33  -7.379
 85.46  -7.376
 85.58  -7.373
 85.71  -7.370
 85.83  -7.367
 85.96  -7.364
 86.09  -7.361
 86.21  -7.358
 86.34  -7.355
 86.47  -7.352
 86.59  -7.349
 86.72  -7.346
 86.84  -7.343
 86.97  -7.340
 87.10  -7.337
 87.23  -7.334
 87.35  -7.331
 87.48  -7.328
 87.60  -7.325
 87.73  -7.322
 87.86  -7.318
 87.99  -7.315
 88.11  -7.312
 88.24  -7.309
 88.36  -7.305
 88.49  -7.302
 88.62  -7.298
 88.74  -7.295
 88.87  -7.291
 89.00  -7.288
 89.12  -7.284
 89.25  -7.280
 89.38  -7.277
 89.50  -7.273
 89.63  -7.270
 89.76  -7.266
 89.89  -7.262
 90.01  -7.259
 90.14  -7.255
 90.26  -7.252
 90.39  -7.248
 90.51  -7.245
 90.64  -7.241
 90.77  -7.238
 90.89  -7.234
 91.02  -7.231
 91.15  -7.227
 91.27  -7.223
 91.40  -7.220
 91.52  -7.216
 91.65  -7.213
 91.78  -7.209
 91.90  -7.205
 92.03  -7.202
 92.15  -7.198
 92.28  -7.194
 92.40  -7.190
 92.53  -7.187
 92.66  -7.183
 92.78  -7.179
 92.91  -7.175
 93.04  -7.171
 93.17  -7.168
 93.29  -7.164
 93.42  -7.160
 93.54  -7.156
 93.67  -7.153
 93.80  -7.149
 93.92  -7.145
 94.05  -7.142
 94.17  -7.139
 94.30  -7.136
 94.43  -7.133
 94.55  -7.129
 94.68  -7.126
 94.80  -7.123
 94.93  -7.120
 95.06  -7.117
 95.19  -7.114
 95.31  -7.110
 95.44  -7.107
 95.57  -7.104
 95.70  -7.100
 95.82  -7.097
 95.95  -7.093
 96.07  -7.089
 96.20  -7.085
 96.33  -7.082
 96.46  -7.077
 96.58  -7.073
 96.71  -7.069
 96.84  -7.065
 96.97  -7.061
 97.10  -7.057
 97.22  -7.053
 97.34  -7.049
 97.47  -7.045
 97.60  -7.040
 97.73  -7.036
 97.85  -7.032
 97.98  -7.028
 98.11  -7.024
 98.23  -7.020
 98.36  -7.016
 98.48  -7.012
 98.61  -7.009
 98.74  -7.005
 98.86  -7.001
 98.99  -6.997
 99.12  -6.993
 99.24  -6.989
 99.37  -6.985
 99.50  -6.981
 99.62  -6.978
 99.75  -6.974
 99.87  -6.970
100.00  -6.966
100.13  -6.962
100.25  -6.958
100.38  -6.954
100.50  -6.950
100.63  -6.946
100.76  -6.941
100.89  -6.937
101.01  -6.933
101.14  -6.929
101.27  -6.925
101.39  -6.921
101.52  -6.917
101.65  -6.912
101.77  -6.908
101.90  -6.904
102.02  -6.900
102.15  -6.895
102.28  -6.891
102.40  -6.887
102.53  -6.882
102.65  -6.878
102.78  -6.874
102.91  -6.869
103.03  -6.865
103.16  -6.861
103.28  -6.856
103.41  -6.852
103.54  -6.847
103.66  -6.843
103.78  -6.838
103.91  -6.834
104.04  -6.830
104.16  -6.826
104.29  -6.822
104.41  -6.818
104.54  -6.814
104.66  -6.809
104.79  -6.805
104.91  -6.801
105.04  -6.797
105.16  -6.793
105.29  -6.789
105.41  -6.785
105.54  -6.781
105.66  -6.777
105.79  -6.773
105.91  -6.769
106.04  -6.764
106.16  -6.760
106.29  -6.755
106.41  -6.750
106.53  -6.745
106.66  -6.740
106.78  -6.734
106.91  -6.729
107.03  -6.724
107.15  -6.719
107.28  -6.714
107.41  -6.709
107.53  -6.704
107.65  -6.699
107.78  -6.694
107.90  -6.690
108.03  -6.685
108.15  -6.680
108.28  -6.676
108.40  -6.672
108.53  -6.667
108.66  -6.663
108.78  -6.659
108.91  -6.654
109.03  -6.650
109.16  -6.646
109.28  -6.642
109.41  -6.638
109.53  -6.634
109.66  -6.629
109.78  -6.625
109.91  -6.621
110.03  -6.617
110.15  -6.613
110.28  -6.608
110.40  -6.604
110.53  -6.600
110.65  -6.595
110.77  -6.591
110.89  -6.587
111.02  -6.582
111.14  -6.578
111.26  -6.573
111.39  -6.569
111.51  -6.565
111.63  -6.560
111.75  -6.556
111.88  -6.551
112.00  -6.547
112.12  -6.542
112.24  -6.537
112.37  -6.533
112.49  -6.528
112.61  -6.523
112.73  -6.518
112.85  -6.513
112.97  -6.508
113.09  -6.504
113.21  -6.499
113.32  -6.494
113.44  -6.489
113.56  -6.484
113.68  -6.480
113.80  -6.475
113.92  -6.470
114.04  -6.466
114.16  -6.462
114.29  -6.457
114.40  -6.453
114.52  -6.449
114.64  -6.445
114.76  -6.441
114.88  -6.437
115.01  -6.433
115.13  -6.429
115.25  -6.424
115.37  -6.420
115.49  -6.416
115.61  -6.412
115.73  -6.407
115.86  -6.403
115.98  -6.399
116.10  -6.395
116.22  -6.390
116.34  -6.386
116.47  -6.381
116.59  -6.377
116.71  -6.372
116.83  -6.368
116.95  -6.363
117.07  -6.359
117.19  -6.354
117.31  -6.349
117.44  -6.345
117.56  -6.340
117.68  -6.335
117.80  -6.330
117.92  -6.324
118.04  -6.319
118.16  -6.314
118.28  -6.308
118.41  -6.302
118.53  -6.297
118.65  -6.291
118.77  -6.285
118.89  -6.280
119.01  -6.274
119.14  -6.268
119.26  -6.263
119.38  -6.257
119.50  -6.252
119.62  -6.246
119.75  -6.241
119.87  -6.236
119.99  -6.230
120.11  -6.225
120.23  -6.220
120.36  -6.215
120.48  -6.210
120.60  -6.205
120.72  -6.200
120.84  -6.195
120.96  -6.190
121.09  -6.185
121.21  -6.180
121.33  -6.175
121.45  -6.170
121.57  -6.165
121.69  -6.160
121.82  -6.155
121.94  -6.150
122.06  -6.145
122.18  -6.140
122.30  -6.135
122.43  -6.130
122.55  -6.125
122.67  -6.120
122.79  -6.115
122.91  -6.110
123.03  -6.105
123.16  -6.100
123.28  -6.095
123.40  -6.090
123.52  -6.086
123.64  -6.081
123.76  -6.076
123.88  -6.071
124.00  -6.066
124.13  -6.061
124.25  -6.057
124.37  -6.052
124.49  -6.047
124.61  -6.042
124.73  -6.038
124.85  -6.033
124.98  -6.028
125.10  -6.024
125.22  -6.019
125.34  -6.014
125.46  -6.010
125.58  -6.005
125.70  -6.001
125.82  -5.996
125.95  -5.992
126.07  -5.987
126.19  -5.983
126.31  -5.978
126.43  -5.974
126.55  -5.969
126.67  -5.965
126.80  -5.960
126.92  -5.956
127.04  -5.952
127.16  -5.947
127.28  -5.943
127.40  -5.939
127.52  -5.934
127.64  -5.930
127.77  -5.925
127.89  -5.921
128.01  -5.917
128.13  -5.912
128.25  -5.908
128.37  -5.904
128.49  -5.899
128.62  -5.895
128.74  -5.891
128.86  -5.886
128.98  -5.882
129.10  -5.878
129.23  -5.873
129.35  -5.869
129.47  -5.865
129.59  -5.861
129.71  -5.857
129.83  -5.852
129.95  -5.848
130.08  -5.844
130.20  -5.840
130.32  -5.836
130.44  -5.832
130.57  -5.828
130.69  -5.824
130.81  -5.820
130.93  -5.816
131.05  -5.811
131.17  -5.807
131.29  -5.803
131.42  -5.799
131.54  -5.795
131.66  -5.791
131.78  -5.787
131.90  -5.783
132.02  -5.779
132.14  -5.775
132.26  -5.771
132.38  -5.767
132.51  -5.763
132.63  -5.759
132.75  -5.755
132.87  -5.751
132.99  -5.747
133.12  -5.743
133.24  -5.739
133.36  -5.735
133.48  -5.731
133.60  -5.727
133.72  -5.724
133.84  -5.720
133.96  -5.716
134.08  -5.712
134.21  -5.708
134.33  -5.705
134.45  -5.701
134.57  -5.697
134.69  -5.693
134.81  -5.689
134.94  -5.685
135.06  -5.682
135.18  -5.678
135.30  -5.674
135.42  -5.670
135.54  -5.665
135.66  -5.661
135.78  -5.657
135.91  -5.652
136.03  -5.648
136.15  -5.644
136.27  -5.640
136.39  -5.635
136.52  -5.631
136.63  -5.627
136.76  -5.623
136.88  -5.618
137.00  -5.614
137.12  -5.610
137.24  -5.606
137.36  -5.603
137.49  -5.599
137.61  -5.596
137.73  -5.592
137.85  -5.589
137.97  -5.585
138.09  -5.582
138.21  -5.579
138.34  -5.576
138.46  -5.572
138.58  -5.569
138.70  -5.566
138.82  -5.563
138.94  -5.560
139.06  -5.557
139.18  -5.553
139.31  -5.550
139.43  -5.547
139.55  -5.543
139.67  -5.540
139.79  -5.537
139.92  -5.533
140.04  -5.530
140.16  -5.527
140.28  -5.523
140.40  -5.520
140.53  -5.517
140.65  -5.513
140.77  -5.510
140.89  -5.507
141.01  -5.504
141.14  -5.500
141.26  -5.497
141.38  -5.494
141.50  -5.491
141.63  -5.488
141.75  -5.485
141.87  -5.483
141.99  -5.480
142.11  -5.477
142.23  -5.474
142.35  -5.471
142.48  -5.468
142.60  -5.465
142.72  -5.462
142.84  -5.459
142.96  -5.456
143.08  -5.453
143.20  -5.450
143.32  -5.446
143.44  -5.443
143.56  -5.440
143.69  -5.436
143.81  -5.433
143.93  -5.430
144.05  -5.426
144.17  -5.423
144.29  -5.419
144.41  -5.416
144.54  -5.412
144.66  -5.409
144.78  -5.405
144.90  -5.402
145.02  -5.399
145.14  -5.395
145.26  -5.392
145.38  -5.389
145.50  -5.385
145.62  -5.382
145.74  -5.379
145.86  -5.375
145.97  -5.372
146.09  -5.369
146.21  -5.365
146.33  -5.362
146.45  -5.359
146.57  -5.355
146.68  -5.352
146.80  -5.349
146.92  -5.345
147.03  -5.342
147.15  -5.339
147.27  -5.335
147.39  -5.332
147.50  -5.329
147.62  -5.325
147.74  -5.322
147.86  -5.319
147.98  -5.316
148.10  -5.312
148.21  -5.309
148.33  -5.306
148.45  -5.302
148.57  -5.299
148.69  -5.296
148.80  -5.292
148.92  -5.289
149.04  -5.286
149.16  -5.282
149.28  -5.279
149.40  -5.276
149.51  -5.272
149.63  -5.269
149.75  -5.265
149.86  -5.262
149.98  -5.259
150.10  -5.255
150.22  -5.252
150.34  -5.248
150.46  -5.245
150.57  -5.242
150.69  -5.238
150.81  -5.235
150.93  -5.231
151.05  -5.228
151.16  -5.224
151.28  -5.221
151.40  -5.217
151.52  -5.214
151.64  -5.211
151.76  -5.207
151.87  -5.204
151.99  -5.200
152.11  -5.197
152.23  -5.193
152.35  -5.190
152.46  -5.186
152.58  -5.183
152.70  -5.179
152.82  -5.175
152.94  -5.172
153.06  -5.168
153.17  -5.164
153.29  -5.161
153.41  -5.157
153.53  -5.153
153.65  -5.150
153.77  -5.146
153.88  -5.142
154.00  -5.138
154.12  -5.135
154.24  -5.131
154.36  -5.128
154.48  -5.124
154.59  -5.121
154.71  -5.117
154.83  -5.114
154.95  -5.111
155.07  -5.108
155.19  -5.105
155.31  -5.101
155.42  -5.098
155.54  -5.095
155.66  -5.092
155.78  -5.089
155.90  -5.086
156.02  -5.082
156.14  -5.079
156.26  -5.075
156.38  -5.072
156.50  -5.068
156.62  -5.064
156.73  -5.060
156.85  -5.056
156.97  -5.051
157.09  -5.047
157.21  -5.043
157.32  -5.038
157.44  -5.034
157.56  -5.030
157.68  -5.025
157.80  -5.021
157.92  -5.017
158.04  -5.013
158.15  -5.008
158.27  -5.004
158.39  -5.001
158.51  -4.997
158.63  -4.994
158.75  -4.990
158.87  -4.987
158.99  -4.984
159.10  -4.981
159.22  -4.978
159.34  -4.974
159.46  -4.971
159.58  -4.968
159.70  -4.965
159.82  -4.962
159.94  -4.958
160.06  -4.955
160.18  -4.952
160.30  -4.949
160.41  -4.945
160.53  -4.942
160.65  -4.938
160.77  -4.934
160.89  -4.931
161.01  -4.927
161.13  -4.924
161.25  -4.920
161.37  -4.916
161.49  -4.913
161.60  -4.909
161.72  -4.905
161.84  -4.902
161.96  -4.898
162.08  -4.894
162.20  -4.890
162.32  -4.886
162.44  -4.882
162.56  -4.878
162.68  -4.875
162.79  -4.871
162.91  -4.867
163.03  -4.863
163.15  -4.859
163.27  -4.855
163.39  -4.851
163.51  -4.847
163.63  -4.843
163.75  -4.839
163.87  -4.835
163.98  -4.831
164.10  -4.828
164.22  -4.824
164.34  -4.820
164.46  -4.817
164.57  -4.813
164.69  -4.810
164.82  -4.807
164.93  -4.803
165.05  -4.800
165.17  -4.797
165.29  -4.793
165.41  -4.790
165.53  -4.787
165.65  -4.784
165.76  -4.781
165.88  -4.778
166.00  -4.775
166.12  -4.772
166.24  -4.769
166.36  -4.766
166.48  -4.763
166.59  -4.760
166.72  -4.758
166.84  -4.755
166.96  -4.752
167.07  -4.750
167.19  -4.747
167.31  -4.745
167.43  -4.742
167.55  -4.739
167.67  -4.737
167.79  -4.734
167.91  -4.732
168.03  -4.729
168.15  -4.726
168.26  -4.723
168.38  -4.721
168.50  -4.718
168.62  -4.715
168.74  -4.712
168.86  -4.710
168.97  -4.707
169.09  -4.704
169.21  -4.702
169.33  -4.699
169.45  -4.696
169.57  -4.694
169.69  -4.691
169.81  -4.689
169.93  -4.687
170.05  -4.685
170.16  -4.682
170.28  -4.680
170.40  -4.678
170.52  -4.676
170.64  -4.674
170.76  -4.671
170.88  -4.669
171.00  -4.667
171.12  -4.665
171.24  -4.663
171.36  -4.660
171.48  -4.658
171.60  -4.655
171.72  -4.653
171.84  -4.650
171.95  -4.647
172.07  -4.644
172.20  -4.641
172.32  -4.638
172.44  -4.635
172.55  -4.632
172.67  -4.628
172.80  -4.625
172.92  -4.622
173.04  -4.619
173.16  -4.616
173.28  -4.613
173.39  -4.609
173.51  -4.606
173.64  -4.603
173.76  -4.600
173.88  -4.597
174.00  -4.595
174.12  -4.592
174.24  -4.589
174.36  -4.586
174.48  -4.583
174.60  -4.580
174.72  -4.577
174.84  -4.574
174.96  -4.571
175.08  -4.568
175.20  -4.565
175.33  -4.562
175.45  -4.559
175.57  -4.556
175.69  -4.552
175.81  -4.549
175.93  -4.545
176.05  -4.542
176.17  -4.538
176.29  -4.535
176.41  -4.531
176.52  -4.528
176.64  -4.524
176.76  -4.521
176.88  -4.517
177.00  -4.513
177.12  -4.510
177.24  -4.506
177.35  -4.503
177.47  -4.499
177.59  -4.496
177.71  -4.492
177.83  -4.489
177.95  -4.486
178.06  -4.482
178.18  -4.479
178.30  -4.475
178.41  -4.472
178.53  -4.468
178.64  -4.465
178.75  -4.461
178.87  -4.458
178.98  -4.454
179.10  -4.451
179.21  -4.447
179.33  -4.444
179.45  -4.440
179.56  -4.436
179.68  -4.433
179.79  -4.429
179.91  -4.425
180.03  -4.421
180.14  -4.418
180.37  -4.410
180.49  -4.406
180.61  -4.402
180.72  -4.398
180.84  -4.394
180.96  -4.390
181.07  -4.386
181.19  -4.382
181.31  -4.377
181.43  -4.373
181.54  -4.369
181.66  -4.364
181.77  -4.360
181.89  -4.355
182.01  -4.351
182.13  -4.346
182.24  -4.342
182.36  -4.337
182.48  -4.333
182.60  -4.328
182.71  -4.323
182.83  -4.319
182.95  -4.314
183.06  -4.310
183.18  -4.305
183.29  -4.301
183.41  -4.296
183.53  -4.292
183.65  -4.287
183.76  -4.283
183.88  -4.279
184.00  -4.274
184.11  -4.270
184.23  -4.265
184.35  -4.261
184.46  -4.257
184.58  -4.253
184.70  -4.248
184.81  -4.244
184.93  -4.240
185.05  -4.236
185.16  -4.232
185.28  -4.229
185.40  -4.225
185.51  -4.221
185.63  -4.217
185.75  -4.214
185.86  -4.210
185.98  -4.206
186.10  -4.203
186.21  -4.199
186.33  -4.196
186.45  -4.192
186.57  -4.189
186.68  -4.185
186.80  -4.182
186.92  -4.178
187.03  -4.175
187.15  -4.171
187.27  -4.168
187.38  -4.164
187.50  -4.161
187.62  -4.157
187.74  -4.154
187.85  -4.151
187.97  -4.147
188.08  -4.144
188.20  -4.140
188.32  -4.137
188.43  -4.133
188.55  -4.130
188.67  -4.127
188.78  -4.123
188.90  -4.120
189.02  -4.116
189.13  -4.112
189.25  -4.109
189.36  -4.105
189.48  -4.102
189.60  -4.098
189.71  -4.095
189.82  -4.091
189.94  -4.087
190.06  -4.084
190.17  -4.080
190.29  -4.077
190.40  -4.073
190.52  -4.069
190.64  -4.066
190.75  -4.062
190.87  -4.058
190.98  -4.054
191.10  -4.051
191.21  -4.047
191.33  -4.043
191.45  -4.040
191.56  -4.036
191.68  -4.032
191.79  -4.029
191.91  -4.025
192.03  -4.021
192.14  -4.018
192.26  -4.014
192.37  -4.010
192.49  -4.007
192.60  -4.003
192.72  -4.000
192.83  -3.996
192.95  -3.993
193.07  -3.989
193.18  -3.986
193.30  -3.982
193.42  -3.979
193.53  -3.976
193.65  -3.972
193.77  -3.969
193.88  -3.965
194.00  -3.962
194.11  -3.958
194.23  -3.955
194.34  -3.951
194.46  -3.948
194.58  -3.944
194.69  -3.941
194.81  -3.937
194.93  -3.934
195.04  -3.930
195.16  -3.926
195.27  -3.923
195.39  -3.919
195.51  -3.916
195.62  -3.912
195.74  -3.909
195.86  -3.905
195.97  -3.902
196.09  -3.898
196.20  -3.895
196.32  -3.891
196.43  -3.888
196.55  -3.884
196.67  -3.881
196.78  -3.877
196.90  -3.874
197.02  -3.870
197.13  -3.867
197.25  -3.863
197.36  -3.860
197.48  -3.856
197.59  -3.853
197.71  -3.849
197.82  -3.846
197.94  -3.842
198.06  -3.839
198.17  -3.835
198.29  -3.831
198.41  -3.828
198.53  -3.824
198.64  -3.821
198.76  -3.817
198.88  -3.814
198.99  -3.810
199.11  -3.807
199.22  -3.803
199.34  -3.800
199.46  -3.796
199.58  -3.793
199.69  -3.790
199.81  -3.787
199.92  -3.784
200.04  -3.781
200.15  -3.778
200.27  -3.776
200.38  -3.773
200.50  -3.770
200.62  -3.768
200.73  -3.765
200.84  -3.762
200.96  -3.760
201.08  -3.757
201.19  -3.755
201.31  -3.752
201.42  -3.750
201.54  -3.747
201.65  -3.745
201.77  -3.742
201.88  -3.740
202.00  -3.737
202.12  -3.734
202.23  -3.732
202.34  -3.729
202.46  -3.727
202.58  -3.724
202.69  -3.722
202.80  -3.719
202.92  -3.717
203.03  -3.714
203.15  -3.711
203.26  -3.709
203.38  -3.706
203.49  -3.704
203.61  -3.701
203.72  -3.698
203.84  -3.696
203.96  -3.693
204.07  -3.690
204.19  -3.688
204.30  -3.685
204.42  -3.682
204.53  -3.680
204.65  -3.677
204.76  -3.674
204.88  -3.671
204.99  -3.669
205.11  -3.666
205.22  -3.663
205.34  -3.660
205.46  -3.658
205.57  -3.655
205.69  -3.652
205.80  -3.649
205.92  -3.647
206.03  -3.644
206.15  -3.641
206.26  -3.638
206.38  -3.636
206.49  -3.633
206.61  -3.630
206.72  -3.627
206.84  -3.625
206.95  -3.622
207.07  -3.620
207.18  -3.617
207.30  -3.615
207.41  -3.613
207.53  -3.611
207.64  -3.608
207.76  -3.606
207.88  -3.604
207.99  -3.602
208.10  -3.600
208.22  -3.598
208.33  -3.596
208.45  -3.594
208.56  -3.591
208.68  -3.589
208.79  -3.587
208.91  -3.585
209.02  -3.582
209.14  -3.580
209.25  -3.577
209.37  -3.574
209.48  -3.571
209.60  -3.569
209.71  -3.566
209.83  -3.563
209.94  -3.560
210.05  -3.557
210.16  -3.554
210.28  -3.552
210.39  -3.549
210.50  -3.546
210.61  -3.543
210.72  -3.541
210.83  -3.538
210.95  -3.536
211.06  -3.534
211.17  -3.532
211.28  -3.529
211.39  -3.527
211.51  -3.525
211.62  -3.523
211.73  -3.521
211.84  -3.519
211.95  -3.516
212.07  -3.514
212.18  -3.512
212.29  -3.510
212.40  -3.507
212.51  -3.505
212.63  -3.502
212.74  -3.500
212.85  -3.497
212.97  -3.494
213.08  -3.491
213.19  -3.488
213.30  -3.485
213.41  -3.482
213.53  -3.479
213.64  -3.476
213.75  -3.473
213.86  -3.470
213.98  -3.467
214.09  -3.464
214.20  -3.462
214.32  -3.459
214.43  -3.457
214.55  -3.454
214.66  -3.452
214.77  -3.450
214.89  -3.447
215.00  -3.445
215.11  -3.443
215.23  -3.441
215.34  -3.439
215.45  -3.437
215.56  -3.435
215.67  -3.433
215.79  -3.430
215.90  -3.428
216.02  -3.426
216.13  -3.424
216.24  -3.421
216.35  -3.419
216.47  -3.416
216.58  -3.413
216.69  -3.411
216.80  -3.408
216.92  -3.405
217.03  -3.402
217.14  -3.400
217.26  -3.397
217.37  -3.394
217.48  -3.391
217.60  -3.389
217.71  -3.386
217.82  -3.383
217.94  -3.380
218.05  -3.378
218.16  -3.375
218.28  -3.372
218.39  -3.370
218.50  -3.367
218.62  -3.365
218.73  -3.362
218.84  -3.359
218.96  -3.357
219.07  -3.354
219.19  -3.351
219.30  -3.349
219.41  -3.346
219.53  -3.343
219.64  -3.341
219.76  -3.338
219.87  -3.335
219.98  -3.332
220.10  -3.329
220.21  -3.327
220.33  -3.324
220.44  -3.321
220.55  -3.318
220.67  -3.315
220.78  -3.312
220.90  -3.309
221.01  -3.306
221.13  -3.304
221.24  -3.301
221.35  -3.298
221.47  -3.295
221.58  -3.292
221.69  -3.289
221.81  -3.287
221.92  -3.284
222.04  -3.281
222.15  -3.278
222.27  -3.276
222.38  -3.273
222.50  -3.270
222.61  -3.267
222.73  -3.264
222.84  -3.262
222.95  -3.259
223.07  -3.256
223.18  -3.253
223.30  -3.250
223.41  -3.248
223.52  -3.245
223.64  -3.242
223.76  -3.239
223.87  -3.236
223.99  -3.233
224.10  -3.230
224.21  -3.227
224.33  -3.224
224.45  -3.221
224.56  -3.218
224.67  -3.215
224.79  -3.212
224.90  -3.209
225.02  -3.206
225.13  -3.203
225.25  -3.200
225.36  -3.197
225.48  -3.194
225.59  -3.191
225.71  -3.188
225.82  -3.185
225.93  -3.181
226.05  -3.178
226.16  -3.175
226.28  -3.172
226.39  -3.169
226.51  -3.165
226.62  -3.162
226.74  -3.159
226.85  -3.156
226.96  -3.152
227.08  -3.149
227.19  -3.146
227.31  -3.142
227.42  -3.139
227.53  -3.136
227.65  -3.133
227.76  -3.130
227.88  -3.126
227.99  -3.123
228.10  -3.120
228.22  -3.116
228.33  -3.113
228.44  -3.110
228.56  -3.107
228.67  -3.103
228.78  -3.100
228.90  -3.096
229.01  -3.093
229.13  -3.089
229.24  -3.086
229.35  -3.082
229.47  -3.079
229.58  -3.075
229.69  -3.072
229.80  -3.068
229.92  -3.064
230.03  -3.061
230.14  -3.057
230.26  -3.054
230.37  -3.050
230.48  -3.046
230.59  -3.043
230.71  -3.040
230.82  -3.036
230.93  -3.033
231.04  -3.030
231.16  -3.027
231.27  -3.023
231.39  -3.020
231.50  -3.017
231.61  -3.014
231.72  -3.011
231.83  -3.008
231.95  -3.005
232.06  -3.002
232.17  -2.998
232.28  -2.995
232.40  -2.992
232.51  -2.988
232.62  -2.985
232.73  -2.981
232.85  -2.978
232.96  -2.974
233.08  -2.970
233.18  -2.966
233.30  -2.962
233.41  -2.958
233.52  -2.954
233.63  -2.950
233.75  -2.946
233.86  -2.942
233.97  -2.938
234.09  -2.934
234.20  -2.930
234.31  -2.926
234.42  -2.922
234.53  -2.918
234.65  -2.914
234.76  -2.910
234.87  -2.906
234.98  -2.902
235.10  -2.898
235.21  -2.894
235.32  -2.890
235.43  -2.886
235.55  -2.882
235.66  -2.877
235.77  -2.873
235.88  -2.869
236.00  -2.865
236.11  -2.861
236.22  -2.857
236.33  -2.853
236.45  -2.850
236.56  -2.846
236.68  -2.842
236.79  -2.838
236.90  -2.834
237.01  -2.830
237.12  -2.827
237.24  -2.823
237.35  -2.819
237.46  -2.816
237.57  -2.812
237.69  -2.808
237.80  -2.804
237.91  -2.801
238.02  -2.797
238.14  -2.793
238.25  -2.790
238.36  -2.786
238.47  -2.782
238.58  -2.778
238.70  -2.775
238.81  -2.771
238.92  -2.767
239.03  -2.764
239.15  -2.760
239.26  -2.757
239.37  -2.753
239.48  -2.750
239.59  -2.747
239.70  -2.743
239.82  -2.740
239.93  -2.737
240.04  -2.734
240.15  -2.731
240.26  -2.728
240.37  -2.725
240.48  -2.722
240.59  -2.719
240.70  -2.716
240.81  -2.713
240.92  -2.710
241.14  -2.705
241.24  -2.702
241.35  -2.699
241.46  -2.696
241.57  -2.694
241.67  -2.691
241.78  -2.689
241.88  -2.686
241.99  -2.684
242.10  -2.681
242.21  -2.679
242.31  -2.676
242.42  -2.674
242.53  -2.671
242.64  -2.669
242.75  -2.666
242.85  -2.664
242.96  -2.661
243.07  -2.658
243.18  -2.656
243.29  -2.653
243.39  -2.650
243.50  -2.647
243.61  -2.644
243.72  -2.641
243.83  -2.638
243.94  -2.635
244.05  -2.631
244.15  -2.628
244.26  -2.625
244.37  -2.622
244.48  -2.619
244.59  -2.616
244.70  -2.613
244.81  -2.610
244.92  -2.607
245.02  -2.604
245.14  -2.601
245.24  -2.598
245.35  -2.596
245.46  -2.593
245.57  -2.590
245.68  -2.587
245.79  -2.585
245.89  -2.582
246.00  -2.579
246.12  -2.577
246.22  -2.574
246.33  -2.571
246.44  -2.569
246.55  -2.566
246.66  -2.563
246.76  -2.561
246.87  -2.558
246.98  -2.555
247.09  -2.553
247.20  -2.550
247.31  -2.547
247.42  -2.545
247.53  -2.542
247.64  -2.539
247.74  -2.537
247.85  -2.534
247.96  -2.531
248.07  -2.529
248.18  -2.526
248.28  -2.523
248.39  -2.521
248.50  -2.518
248.61  -2.516
248.72  -2.513
248.83  -2.511
248.93  -2.508
249.04  -2.506
249.15  -2.504
249.26  -2.501
249.36  -2.499
249.47  -2.496
249.58  -2.494
249.68  -2.491
249.80  -2.489
249.90  -2.487
250.01  -2.484
250.12  -2.481
250.23  -2.479
250.34  -2.476
250.45  -2.474
250.56  -2.471
250.66  -2.468
250.77  -2.465
250.88  -2.463
250.99  -2.460
251.10  -2.457
251.20  -2.454
251.31  -2.452
251.42  -2.449
251.53  -2.446
251.64  -2.443
251.74  -2.441
251.85  -2.438
251.96  -2.436
252.07  -2.434
252.18  -2.432
252.29  -2.429
252.39  -2.427
252.51  -2.425
252.62  -2.423
252.72  -2.421
252.83  -2.419
252.94  -2.417
253.05  -2.415
253.15  -2.413
253.26  -2.411
253.37  -2.409
253.48  -2.407
253.59  -2.405
253.70  -2.403
253.80  -2.400
253.91  -2.398
254.02  -2.396
254.13  -2.393
254.24  -2.391
254.35  -2.388
254.45  -2.386
254.56  -2.384
254.67  -2.381
254.78  -2.379
254.89  -2.376
255.00  -2.374
255.11  -2.371
255.22  -2.369
255.33  -2.367
255.44  -2.364
255.54  -2.362
255.65  -2.360
255.76  -2.357
255.87  -2.355
255.98  -2.353
256.09  -2.350
256.20  -2.348
256.31  -2.346
256.42  -2.343
256.53  -2.341
256.64  -2.339
256.74  -2.336
256.86  -2.334
256.96  -2.331
257.07  -2.329
257.18  -2.326
257.29  -2.323
257.40  -2.321
257.51  -2.318
257.62  -2.315
257.72  -2.313
257.83  -2.310
257.95  -2.307
258.05  -2.304
258.16  -2.301
258.27  -2.298
258.38  -2.295
258.49  -2.293
258.60  -2.290
258.71  -2.287
258.82  -2.284
258.93  -2.281
259.03  -2.278
259.15  -2.275
259.26  -2.272
259.36  -2.269
259.47  -2.267
259.58  -2.264
259.69  -2.261
259.80  -2.258
259.91  -2.255
260.02  -2.252
260.13  -2.249
260.24  -2.246
260.35  -2.243
260.46  -2.241
260.57  -2.238
260.68  -2.235
260.79  -2.232
260.90  -2.229
261.01  -2.226
261.11  -2.224
261.22  -2.221
261.33  -2.218
261.44  -2.215
261.55  -2.213
261.66  -2.210
261.77  -2.207
261.88  -2.204
261.99  -2.202
262.10  -2.199
262.21  -2.196
262.32  -2.194
262.43  -2.191
262.54  -2.188
262.65  -2.186
262.76  -2.183
262.87  -2.181
262.98  -2.178
263.09  -2.176
263.20  -2.173
263.30  -2.171
263.41  -2.168
263.52  -2.166
263.64  -2.163
263.74  -2.161
263.85  -2.158
263.96  -2.156
264.07  -2.153
264.18  -2.151
264.29  -2.148
264.40  -2.146
264.51  -2.143
264.62  -2.141
264.73  -2.138
264.84  -2.136
264.95  -2.133
265.05  -2.131
265.17  -2.129
265.28  -2.126
265.38  -2.124
265.49  -2.121
265.60  -2.119
265.71  -2.117
265.82  -2.114
265.93  -2.112
266.04  -2.110
266.15  -2.107
266.26  -2.105
266.37  -2.103
266.48  -2.100
266.59  -2.098
266.70  -2.096
266.81  -2.093
266.92  -2.091
267.03  -2.089
267.13  -2.086
267.24  -2.084
267.35  -2.082
267.46  -2.080
267.57  -2.077
267.68  -2.075
267.79  -2.073
267.90  -2.071
268.01  -2.068
268.12  -2.066
268.23  -2.064
268.33  -2.062
268.45  -2.060
268.55  -2.058
268.66  -2.055
268.77  -2.053
268.88  -2.051
268.99  -2.049
269.09  -2.047
269.21  -2.044
269.31  -2.042
269.42  -2.040
269.53  -2.038
269.64  -2.036
269.75  -2.034
269.86  -2.031
269.97  -2.029
270.07  -2.027
270.18  -2.025
270.29  -2.023
270.40  -2.021
270.51  -2.018
270.62  -2.016
270.73  -2.014
270.83  -2.012
270.94  -2.010
271.05  -2.008
271.16  -2.005
271.26  -2.003
271.37  -2.001
271.48  -1.999
271.58  -1.997
271.68  -1.995
271.79  -1.992
271.90  -1.990
272.00  -1.988
272.11  -1.986
272.21  -1.984
272.32  -1.981
272.42  -1.979
272.53  -1.977
272.63  -1.975
272.74  -1.973
272.84  -1.970
272.95  -1.968
273.06  -1.966
273.16  -1.964
273.26  -1.961
273.37  -1.959
273.48  -1.957
273.58  -1.955
273.69  -1.952
273.79  -1.950
273.90  -1.948
274.00  -1.946
274.11  -1.943
274.21  -1.941
274.32  -1.939
274.43  -1.937
274.53  -1.934
274.64  -1.932
274.74  -1.930
274.85  -1.927
274.95  -1.925
275.06  -1.923
275.17  -1.920
275.27  -1.918
275.38  -1.916
275.48  -1.913
275.59  -1.911
275.70  -1.909
275.80  -1.906
275.91  -1.904
276.01  -1.902
276.12  -1.899
276.22  -1.897
276.33  -1.895
276.43  -1.892
276.54  -1.890
276.64  -1.888
276.75  -1.885
276.86  -1.883
276.96  -1.881
277.06  -1.878
277.17  -1.876
277.28  -1.874
277.38  -1.871
277.49  -1.869
277.59  -1.867
277.70  -1.864
277.81  -1.862
277.91  -1.860
278.02  -1.857
278.13  -1.855
278.23  -1.853
278.34  -1.851
278.44  -1.848
278.55  -1.846
278.65  -1.844
278.76  -1.842
278.87  -1.839
278.97  -1.837
279.08  -1.835
279.18  -1.833
279.29  -1.830
279.39  -1.828
279.50  -1.826
279.60  -1.823
279.71  -1.821
279.82  -1.819
279.92  -1.816
280.03  -1.814
280.13  -1.812
280.24  -1.809
280.35  -1.807
280.45  -1.805
280.56  -1.802
280.66  -1.800
280.77  -1.798
280.87  -1.795
280.98  -1.793
281.08  -1.791
281.19  -1.789
281.30  -1.787
281.40  -1.785
281.51  -1.783
281.61  -1.781
281.72  -1.779
281.82  -1.777
281.93  -1.775
282.04  -1.773
282.15  -1.771
282.25  -1.770
282.36  -1.768
282.46  -1.766
282.57  -1.764
282.67  -1.762
282.78  -1.760
282.88  -1.759
282.99  -1.757
283.10  -1.755
283.20  -1.753
283.31  -1.751
283.42  -1.749
283.52  -1.747
283.63  -1.745
283.74  -1.744
283.84  -1.742
283.95  -1.740
284.05  -1.738
284.16  -1.736
284.27  -1.734
284.37  -1.732
284.48  -1.730
284.58  -1.727
284.69  -1.725
284.79  -1.723
284.90  -1.721
285.00  -1.718
285.11  -1.716
285.22  -1.713
285.32  -1.711
285.43  -1.708
285.53  -1.706
285.64  -1.703
285.75  -1.701
285.85  -1.698
285.96  -1.695
286.06  -1.693
286.17  -1.690
286.27  -1.687
286.38  -1.685
286.49  -1.682
286.59  -1.679
286.70  -1.676
286.80  -1.674
286.91  -1.671
287.01  -1.668
287.12  -1.665
287.22  -1.662
287.33  -1.659
287.44  -1.656
287.54  -1.653
287.65  -1.650
287.75  -1.647
287.86  -1.644
287.96  -1.641
288.07  -1.638
288.17  -1.635
288.28  -1.632
288.39  -1.629
288.49  -1.625
288.60  -1.622
288.70  -1.619
288.81  -1.616
288.92  -1.612
289.02  -1.609
289.13  -1.605
289.23  -1.602
289.34  -1.599
289.44  -1.595
289.55  -1.592
289.65  -1.588
289.76  -1.585
289.86  -1.581
289.97  -1.578
290.08  -1.574
290.18  -1.571
290.29  -1.567
290.39  -1.564
290.50  -1.560
290.60  -1.556
290.71  -1.553
290.81  -1.549
290.92  -1.546
291.02  -1.542
291.13  -1.538
291.23  -1.535
291.34  -1.531
291.44  -1.527
291.55  -1.524
291.66  -1.520
291.76  -1.516
291.87  -1.513
291.97  -1.509
292.08  -1.505
292.18  -1.501
292.29  -1.498
292.39  -1.494
292.50  -1.490
292.60  -1.487
292.71  -1.483
292.82  -1.479
292.92  -1.475
293.02  -1.472
293.13  -1.468
293.24  -1.465
293.34  -1.461
293.45  -1.457
293.55  -1.454
293.66  -1.450
293.77  -1.447
293.87  -1.443
293.98  -1.440
294.08  -1.436
294.19  -1.432
294.29  -1.429
294.40  -1.425
294.51  -1.422
294.61  -1.418
294.71  -1.414
294.82  -1.410
294.93  -1.407
295.04  -1.403
295.14  -1.399
295.25  -1.395
295.35  -1.391
295.46  -1.387
295.57  -1.383
295.67  -1.379
295.78  -1.375
295.88  -1.371
295.99  -1.367
296.09  -1.363
296.20  -1.359
296.30  -1.355
296.41  -1.351
296.52  -1.347
296.63  -1.343
296.73  -1.339
296.84  -1.335
296.94  -1.330
297.05  -1.326
297.15  -1.322
297.26  -1.318
297.36  -1.314
297.47  -1.310
297.57  -1.306
297.68  -1.302
297.79  -1.298
297.89  -1.294
298.21  -1.283
298.32  -1.280
298.42  -1.277
298.52  -1.274
298.63  -1.271
298.74  -1.268
298.84  -1.265
298.94  -1.263
299.05  -1.260
299.15  -1.257
299.26  -1.254
299.36  -1.251
299.46  -1.248
299.57  -1.245
299.67  -1.242
299.77  -1.239
299.88  -1.236
299.98  -1.233
300.08  -1.230
300.19  -1.228
300.28  -1.225
300.39  -1.222
300.49  -1.220
300.58  -1.217
300.68  -1.214
300.79  -1.211
300.89  -1.208
300.99  -1.206
301.09  -1.203
301.19  -1.200
301.29  -1.197
301.39  -1.194
301.49  -1.192
301.59  -1.189
301.70  -1.186
301.80  -1.183
301.90  -1.180
302.00  -1.177
302.11  -1.174
302.21  -1.171
302.31  -1.168
302.41  -1.165
302.52  -1.162
302.62  -1.159
302.72  -1.156
302.82  -1.153
302.93  -1.150
303.03  -1.147
303.13  -1.144
303.23  -1.140
303.33  -1.137
303.44  -1.134
303.54  -1.130
303.64  -1.127
303.74  -1.123
303.84  -1.120
303.95  -1.117
304.05  -1.113
304.15  -1.110
304.25  -1.107
304.35  -1.103
304.46  -1.100
304.56  -1.096
304.66  -1.093
304.76  -1.090
304.87  -1.087
304.97  -1.084
305.07  -1.081
305.18  -1.078
305.28  -1.075
305.38  -1.072
305.48  -1.069
305.69  -1.063
305.79  -1.060
305.89  -1.057
305.99  -1.054
306.10  -1.052
306.20  -1.049
306.30  -1.046
306.40  -1.043
306.50  -1.040
306.61  -1.037
306.71  -1.034
306.81  -1.031
306.91  -1.028
307.02  -1.025
307.12  -1.022
307.22  -1.020
307.32  -1.017
307.43  -1.014
307.53  -1.011
307.63  -1.008
307.73  -1.005
307.84  -1.002
307.94  -0.999
308.04  -0.996
308.14  -0.992
308.25  -0.989
308.35  -0.986
308.45  -0.983
308.55  -0.979
308.66  -0.976
308.75  -0.973
308.86  -0.969
308.96  -0.966
309.06  -0.963
309.16  -0.960
309.26  -0.956
309.37  -0.953
309.47  -0.950
309.57  -0.947
309.68  -0.944
309.77  -0.941
309.88  -0.938
309.98  -0.936
310.08  -0.933
310.19  -0.930
310.29  -0.927
310.39  -0.925
310.49  -0.922
310.60  -0.919
310.70  -0.917
310.80  -0.914
310.90  -0.912
311.00  -0.909
311.11  -0.906
311.21  -0.903
311.31  -0.901
311.41  -0.898
311.51  -0.895
311.62  -0.892
311.72  -0.889
311.82  -0.886
311.92  -0.883
312.03  -0.880
312.13  -0.877
312.23  -0.874
312.33  -0.870
312.43  -0.867
312.54  -0.864
312.64  -0.861
312.74  -0.857
312.85  -0.854
312.95  -0.851
313.05  -0.848
313.15  -0.844
313.26  -0.841
313.36  -0.838
313.46  -0.835
313.56  -0.831
313.67  -0.828
313.77  -0.825
313.87  -0.822
313.98  -0.818
314.08  -0.815
314.18  -0.812
314.28  -0.809
314.39  -0.805
314.49  -0.802
314.59  -0.799
314.69  -0.796
314.79  -0.794
314.90  -0.791
315.00  -0.788
315.11  -0.785
315.21  -0.782
315.31  -0.780
315.42  -0.777
315.52  -0.774
315.62  -0.771
315.72  -0.769
315.83  -0.766
315.93  -0.763
316.03  -0.760
316.13  -0.757
316.24  -0.754
316.34  -0.751
316.44  -0.748
316.54  -0.745
316.65  -0.742
316.75  -0.739
316.85  -0.736
316.95  -0.732
317.05  -0.729
317.16  -0.726
317.26  -0.722
317.36  -0.719
317.47  -0.715
317.57  -0.712
317.67  -0.709
317.77  -0.705
317.88  -0.702
317.98  -0.699
318.08  -0.695
318.18  -0.692
318.29  -0.689
318.39  -0.686
318.49  -0.683
318.59  -0.680
318.70  -0.676
318.80  -0.673
318.90  -0.670
319.00  -0.667
319.10  -0.663
319.21  -0.660
319.31  -0.657
319.41  -0.654
319.52  -0.651
319.62  -0.648
319.72  -0.645
319.82  -0.642
319.92  -0.640
320.03  -0.637
320.13  -0.634
320.23  -0.631
320.33  -0.628
320.44  -0.625
320.54  -0.622
320.64  -0.619
320.74  -0.616
320.84  -0.613
320.94  -0.610
321.05  -0.606
321.15  -0.603
321.25  -0.600
321.35  -0.596
321.46  -0.593
321.56  -0.589
321.66  -0.586
321.76  -0.582
321.87  -0.578
321.97  -0.574
322.07  -0.570
322.17  -0.566
322.27  -0.563
322.38  -0.559
322.48  -0.555
322.58  -0.551
322.68  -0.547
322.78  -0.544
322.89  -0.540
322.99  -0.537
323.09  -0.534
323.20  -0.530
323.30  -0.527
323.40  -0.524
323.50  -0.521
323.61  -0.518
323.71  -0.516
323.81  -0.513
323.91  -0.510
324.02  -0.508
324.12  -0.505
324.23  -0.502
324.33  -0.500
324.43  -0.497
324.53  -0.494
324.63  -0.491
324.74  -0.488
324.84  -0.484
324.94  -0.481
325.05  -0.478
325.15  -0.475
325.25  -0.471
325.35  -0.468
325.46  -0.465
325.56  -0.462
325.66  -0.458
325.76  -0.455
325.87  -0.452
325.97  -0.448
326.07  -0.445
326.17  -0.442
326.27  -0.438
326.37  -0.435
326.48  -0.432
326.58  -0.429
326.68  -0.425
326.78  -0.422
326.88  -0.419
326.98  -0.415
327.09  -0.412
327.19  -0.409
327.29  -0.405
327.39  -0.402
327.50  -0.398
327.60  -0.395
327.70  -0.391
327.80  -0.388
327.90  -0.384
328.00  -0.381
328.10  -0.377
328.20  -0.373
328.30  -0.370
328.40  -0.366
328.49  -0.362
328.60  -0.359
328.70  -0.355
328.79  -0.351
328.89  -0.348
328.99  -0.344
329.09  -0.340
329.18  -0.336
329.29  -0.333
329.38  -0.329
329.48  -0.326
329.58  -0.322
329.68  -0.318
329.78  -0.315
329.88  -0.311
329.98  -0.307
330.08  -0.304
330.18  -0.300
330.27  -0.296
330.37  -0.293
330.47  -0.289
330.57  -0.286
330.67  -0.282
330.77  -0.278
330.87  -0.275
330.96  -0.271
331.06  -0.268
331.16  -0.264
331.26  -0.261
331.36  -0.257
331.46  -0.253
331.56  -0.250
331.65  -0.246
331.76  -0.243
331.85  -0.239
331.95  -0.236
332.05  -0.232
332.15  -0.229
332.25  -0.225
332.35  -0.222
332.44  -0.219
332.54  -0.216
332.64  -0.213
332.74  -0.210
332.84  -0.207
332.94  -0.204
333.03  -0.201
333.13  -0.198
333.23  -0.195
333.33  -0.192
333.43  -0.190
333.53  -0.187
333.63  -0.184
333.73  -0.182
333.82  -0.179
333.92  -0.176
334.02  -0.174
334.12  -0.171
334.22  -0.168
334.31  -0.165
334.41  -0.162
334.51  -0.160
334.61  -0.157
334.71  -0.154
334.81  -0.151
334.90  -0.148
335.00  -0.146
335.10  -0.143
335.20  -0.140
335.29  -0.137
335.40  -0.134
335.49  -0.132
335.59  -0.129
335.69  -0.126
335.79  -0.123
335.88  -0.121
335.98  -0.118
336.08  -0.115
336.18  -0.112
336.28  -0.110
336.37  -0.107
336.47  -0.104
336.57  -0.101
336.67  -0.099
336.77  -0.096
336.87  -0.093
336.96  -0.090
337.06  -0.087
337.16  -0.084
337.26  -0.080
337.36  -0.077
337.45  -0.073
337.55  -0.070
337.66  -0.066
337.75  -0.062
337.85  -0.059
337.95  -0.055
338.05  -0.051
338.14  -0.046
338.24  -0.042
338.34  -0.038
338.44  -0.034
338.54  -0.030
338.64  -0.026
338.74  -0.022
338.83  -0.018
338.93  -0.014
339.03  -0.011
339.13  -0.007
339.23  -0.003
339.32   0.000
339.42   0.004
339.52   0.008
339.62   0.011
339.72   0.015
339.82   0.018
339.91   0.022
340.01   0.025
340.11   0.028
340.21   0.032
340.31   0.035
340.41   0.038
340.51   0.041
340.60   0.044
340.70   0.048
340.80   0.051
340.90   0.054
341.00   0.056
341.10   0.059
341.19   0.062
341.29   0.065
341.39   0.068
341.49   0.071
341.59   0.073
341.69   0.076
341.79   0.079
341.88   0.081
341.98   0.084
342.08   0.087
342.18   0.089
342.28   0.092
342.38   0.094
342.48   0.097
342.57   0.099
342.68   0.102
342.77   0.104
342.87   0.107
342.97   0.109
343.07   0.112
343.17   0.115
343.26   0.117
343.36   0.120
343.46   0.122
343.56   0.125
343.66   0.128
343.76   0.130
343.86   0.133
343.95   0.136
344.05   0.138
344.16   0.141
344.25   0.144
344.35   0.147
344.45   0.149
344.54   0.152
344.64   0.155
344.74   0.158
344.84   0.161
344.94   0.164
345.04   0.166
345.14   0.169
345.24   0.172
345.33   0.175
345.43   0.178
345.53   0.180
345.63   0.183
345.73   0.186
345.83   0.189
345.92   0.191
346.02   0.194
346.12   0.197
346.22   0.200
346.32   0.203
346.41   0.206
346.51   0.208
346.61   0.211
346.71   0.214
346.81   0.217
346.91   0.219
347.00   0.222
347.10   0.225
347.20   0.228
347.30   0.230
347.40   0.233
347.50   0.236
347.59   0.239
347.69   0.241
347.79   0.244
347.89   0.247
347.98   0.250
348.09   0.252
348.18   0.255
348.28   0.258
348.38   0.260
348.48   0.263
348.57   0.265
348.67   0.268
348.77   0.271
348.87   0.273
348.96   0.276
349.06   0.278
349.17   0.281
349.26   0.284
349.36   0.286
349.46   0.289
349.56   0.291
349.66   0.294
349.76   0.296
349.85   0.299
349.95   0.302
350.05   0.304
350.15   0.307
350.25   0.309
350.35   0.312
350.45   0.314
350.55   0.317
350.64   0.319
350.74   0.322
350.84   0.324
350.94   0.327
351.03   0.329
351.13   0.332
351.24   0.334
351.33   0.336
351.43   0.339
351.53   0.341
351.63   0.343
351.73   0.345
351.83   0.347
351.92   0.349
352.02   0.352
352.12   0.354
352.22   0.356
352.32   0.358
352.42   0.360
352.51   0.362
352.61   0.364
352.71   0.366
352.82   0.368
352.91   0.370
353.01   0.372
353.11   0.374
353.21   0.376
353.31   0.378
353.41   0.380
353.51   0.381
353.60   0.383
353.70   0.385
353.80   0.387
353.90   0.389
353.99   0.391
354.09   0.393
354.29   0.396
354.38   0.398
354.48   0.400
354.58   0.402
354.67   0.404
354.77   0.406
354.87   0.408
354.96   0.410
355.06   0.412
355.16   0.414
355.25   0.416
355.35   0.417
355.44   0.419
355.53   0.421
355.62   0.423
355.72   0.425
355.81   0.427
355.90   0.429
355.99   0.430
356.09   0.432
356.18   0.434
356.28   0.436
356.37   0.438
356.46   0.440
356.56   0.442
356.65   0.444
356.75   0.446
356.84   0.448
356.94   0.450
357.03   0.452
357.13   0.454
357.22   0.456
357.32   0.458
357.41   0.460
357.50   0.462
357.60   0.464
357.69   0.467
357.79   0.469
357.88   0.471
357.98   0.473
358.08   0.475
358.17   0.478
358.27   0.480
358.36   0.482
358.45   0.484
358.55   0.486
358.64   0.488
358.74   0.491
358.83   0.493
358.93   0.495
359.02   0.497
359.12   0.499
359.21   0.501
359.31   0.503
359.40   0.505
359.49   0.507
359.59   0.509
359.68   0.511
359.78   0.513
359.87   0.515
359.97   0.517
360.06   0.519
360.16   0.521
360.25   0.523
360.35   0.525
360.44   0.527
360.54   0.529
360.64   0.531
360.73   0.533
360.83   0.535
360.92   0.537
361.02   0.539
361.11   0.541
361.20   0.543
361.30   0.545
361.39   0.547
361.49   0.549
361.58   0.551
361.68   0.553
361.77   0.555
361.87   0.557
361.96   0.559
362.06   0.561
362.15   0.563
362.25   0.565
362.34   0.567
362.44   0.568
362.53   0.570
362.63   0.572
362.73   0.574
362.82   0.576
362.92   0.577
363.01   0.579
363.11   0.581
363.20   0.583
363.30   0.584
363.39   0.586
363.49   0.588
363.58   0.590
363.68   0.592
363.77   0.593
363.87   0.595
363.96   0.597
364.06   0.599
364.16   0.601
364.25   0.603
364.35   0.605
364.44   0.607
364.53   0.609
364.63   0.611
364.73   0.613
364.82   0.616
364.92   0.618
365.01   0.620
365.11   0.622
365.20   0.624
365.30   0.626
365.39   0.628
365.49   0.630
365.59   0.632
365.68   0.634
365.78   0.637
365.87   0.639
365.97   0.641
366.06   0.643
366.16   0.645
366.25   0.647
366.35   0.649
366.44   0.651
366.54   0.654
366.63   0.656
366.72   0.658
366.82   0.660
366.92   0.663
367.01   0.665
367.11   0.667
367.20   0.669
367.30   0.672
367.39   0.674
367.49   0.676
367.59   0.679
367.68   0.681
367.78   0.684
367.87   0.686
367.97   0.688
368.06   0.691
368.16   0.693
368.25   0.696
368.35   0.698
368.45   0.700
368.54   0.703
368.64   0.705
368.73   0.707
368.83   0.709
368.92   0.712
369.02   0.714
369.11   0.716
369.21   0.718
369.30   0.721
369.40   0.723
369.49   0.725
369.59   0.727
369.69   0.730
369.78   0.732
369.87   0.735
369.97   0.737
370.07   0.740
370.16   0.742
370.26   0.745
370.35   0.747
370.45   0.750
370.54   0.753
370.64   0.756
370.73   0.758
370.83   0.761
370.92   0.764
371.02   0.767
371.11   0.770
371.21   0.773
371.30   0.775
371.40   0.778
371.50   0.781
371.59   0.783
371.69   0.786
371.78   0.789
371.88   0.791
371.97   0.794
372.07   0.797
372.16   0.799
372.26   0.802
372.35   0.805
372.45   0.807
372.54   0.810
372.64   0.813
372.73   0.816
372.83   0.818
372.92   0.821
373.02   0.823
373.11   0.826
373.21   0.829
373.30   0.831
373.40   0.834
373.49   0.836
373.59   0.839
373.68   0.842
373.78   0.844
373.87   0.847
373.97   0.850
374.07   0.852
374.16   0.855
374.26   0.857
374.35   0.860
374.45   0.863
374.54   0.866
374.64   0.868
374.73   0.871
374.83   0.874
374.92   0.877
375.02   0.879
375.11   0.882
375.21   0.885
375.30   0.888
375.40   0.891
375.50   0.893
375.59   0.896
375.68   0.899
375.78   0.902
375.87   0.904
375.97   0.907
376.07   0.910
376.16   0.913
376.25   0.915
376.35   0.918
376.45   0.921
376.54   0.923
376.64   0.926
376.73   0.929
376.83   0.931
376.93   0.934
377.02   0.937
377.12   0.939
377.21   0.942
377.31   0.945
377.41   0.947
377.50   0.950
377.60   0.953
377.69   0.955
377.79   0.958
377.88   0.960
377.98   0.963
378.07   0.965
378.17   0.968
378.27   0.971
378.36   0.973
378.46   0.976
378.55   0.978
378.65   0.981
378.74   0.983
378.84   0.986
378.93   0.988
379.03   0.991
379.13   0.993
379.22   0.996
379.32   0.998
379.42   1.001
379.51   1.003
379.60   1.006
379.70   1.008
379.80   1.010
379.89   1.013
379.99   1.015
380.08   1.018
380.18   1.020
380.27   1.022
380.37   1.025
380.46   1.027
380.56   1.029
380.65   1.031
380.75   1.033
380.84   1.036
380.94   1.038
381.03   1.040
381.13   1.042
381.22   1.044
381.32   1.046
381.41   1.048
381.51   1.050
381.60   1.052
381.70   1.054
381.79   1.056
381.88   1.058
381.97   1.060
382.06   1.062
382.15   1.064
382.25   1.066
382.34   1.068
382.43   1.070
382.52   1.072
382.61   1.073
382.70   1.075
382.79   1.077
382.97   1.081
383.07   1.083
383.16   1.085
383.25   1.087
383.35   1.089
383.44   1.091
383.53   1.093
383.62   1.095
383.71   1.097
383.80   1.100
383.90   1.102
383.99   1.104
384.08   1.106
384.17   1.108
384.27   1.111
384.35   1.113
384.45   1.115
384.54   1.117
384.63   1.120
384.72   1.122
384.81   1.124
384.91   1.127
385.00   1.129
385.09   1.132
385.19   1.134
385.28   1.136
385.37   1.139
385.46   1.141
385.55   1.144
385.65   1.146
385.74   1.148
385.83   1.151
385.92   1.153
386.01   1.155
386.10   1.158
386.20   1.160
386.29   1.162
386.38   1.164
386.47   1.167
386.57   1.169
386.66   1.171
386.75   1.173
386.84   1.175
386.94   1.177
387.03   1.179
387.12   1.181
387.21   1.183
387.30   1.185
387.39   1.187
387.49   1.189
387.58   1.191
387.67   1.193
387.77   1.195
387.86   1.197
387.95   1.199
388.04   1.201
388.13   1.203
388.22   1.205
388.32   1.206
388.41   1.208
388.50   1.210
388.59   1.212
388.68   1.214
388.78   1.216
388.87   1.218
388.96   1.220
389.05   1.222
389.14   1.224
389.23   1.226
389.32   1.228
389.42   1.230
389.51   1.232
389.60   1.234
389.69   1.236
389.78   1.238
389.87   1.240
389.97   1.243
390.06   1.245
390.15   1.247
390.24   1.249
390.34   1.251
390.43   1.254
390.52   1.256
390.61   1.258
390.70   1.260
390.79   1.262
390.88   1.265
390.98   1.267
391.07   1.269
391.16   1.271
391.25   1.274
391.35   1.276
391.44   1.278
391.53   1.280
391.62   1.283
391.71   1.285
391.80   1.287
391.90   1.290
391.99   1.292
392.08   1.294
392.17   1.297
392.26   1.299
392.36   1.301
392.45   1.304
392.54   1.306
392.63   1.308
392.72   1.311
392.82   1.313
392.91   1.316
393.00   1.318
393.09   1.320
393.18   1.323
393.28   1.325
393.37   1.328
393.46   1.330
393.55   1.333
393.65   1.335
393.74   1.338
393.83   1.340
393.92   1.343
394.02   1.345
394.10   1.348
394.20   1.350
394.29   1.353
394.38   1.355
394.47   1.358
394.56   1.360
394.66   1.363
394.75   1.365
394.84   1.368
394.93   1.370
395.03   1.373
395.12   1.375
395.21   1.378
395.30   1.380
395.40   1.383
395.49   1.385
395.58   1.387
395.67   1.390
395.77   1.392
395.86   1.395
395.95   1.397
396.04   1.399
396.14   1.402
396.23   1.404
396.32   1.406
396.41   1.409
396.50   1.411
396.59   1.413
396.69   1.416
396.78   1.418
396.87   1.421
396.97   1.423
397.06   1.425
397.15   1.428
397.24   1.430
397.33   1.433
397.42   1.435
397.52   1.437
397.61   1.440
397.70   1.442
397.80   1.445
397.89   1.447
397.98   1.449
398.07   1.452
398.16   1.454
398.26   1.457
398.35   1.459
398.44   1.461
398.54   1.464
398.63   1.466
398.72   1.468
398.81   1.471
398.91   1.473
399.00   1.475
399.09   1.478
399.18   1.480
399.28   1.483
399.37   1.485
399.46   1.488
399.55   1.490
399.65   1.492
399.74   1.495
399.83   1.497
399.92   1.500
400.02   1.502
400.11   1.505
400.20   1.507
400.29   1.510
400.38   1.512
400.48   1.515
400.56   1.518
400.66   1.520
400.75   1.523
400.84   1.525
400.94   1.528
401.03   1.531
401.12   1.534
401.21   1.537
401.30   1.539
401.40   1.542
401.49   1.545
401.58   1.548
401.68   1.551
401.77   1.554
401.86   1.557
401.95   1.560
402.05   1.562
402.14   1.565
402.23   1.568
402.33   1.571
402.42   1.574
402.51   1.577
402.60   1.580
402.70   1.582
402.79   1.585
402.88   1.588
402.97   1.590
403.07   1.593
403.16   1.596
403.25   1.599
403.35   1.601
403.44   1.604
403.53   1.606
403.62   1.609
403.72   1.612
403.81   1.614
403.90   1.617
404.00   1.620
404.09   1.622
404.19   1.625
404.28   1.628
404.37   1.630
404.47   1.633
404.56   1.636
404.66   1.639
404.75   1.641
404.84   1.644
404.94   1.647
405.03   1.650
405.13   1.652
405.22   1.655
405.32   1.658
405.41   1.661
405.51   1.663
405.60   1.666
405.69   1.669
405.78   1.671
405.88   1.674
405.97   1.676
406.06   1.679
406.15   1.681
406.25   1.684
406.34   1.686
406.43   1.688
406.52   1.691
406.61   1.693
406.70   1.695
406.79   1.698
406.88   1.700
406.96   1.702
407.05   1.705
407.14   1.707
407.23   1.709
407.32   1.712
407.40   1.714
407.49   1.716
407.57   1.719
407.66   1.721
407.75   1.724
407.84   1.726
407.93   1.728
408.02   1.731
408.11   1.733
408.20   1.735
408.29   1.738
408.38   1.740
408.47   1.743
408.56   1.745
408.65   1.747
408.73   1.750
408.82   1.752
408.91   1.755
409.00   1.757
409.09   1.759
409.18   1.762
409.27   1.764
409.36   1.767
409.45   1.769
409.54   1.772
409.63   1.774
409.72   1.776
409.81   1.779
409.90   1.781
409.98   1.783
410.07   1.786
410.16   1.788
410.25   1.790
410.34   1.792
410.43   1.795
410.52   1.797
410.60   1.799
410.69   1.801
410.78   1.804
410.87   1.806
410.96   1.808
411.05   1.810
411.14   1.813
411.23   1.815
411.32   1.817
411.41   1.820
411.50   1.822
411.59   1.824
411.68   1.826
411.77   1.829
411.86   1.831
411.95   1.833
412.04   1.836
412.13   1.838
412.22   1.840
412.31   1.842
412.40   1.845
412.49   1.847
412.58   1.849
412.67   1.851
412.76   1.853
412.85   1.856
412.94   1.858
413.03   1.860
413.12   1.862
413.20   1.864
413.29   1.866
413.38   1.868
413.47   1.870
413.56   1.873
413.65   1.875
413.73   1.877
413.82   1.879
413.91   1.881
414.00   1.883
414.09   1.885
414.18   1.887
414.27   1.889
414.36   1.891
414.45   1.893
414.54   1.895
414.63   1.897
414.72   1.899
414.81   1.901
414.90   1.903
414.99   1.905
415.08   1.907
415.17   1.909
415.26   1.911
415.35   1.913
415.43   1.915
415.52   1.917
415.61   1.919
415.70   1.921
415.79   1.923
415.88   1.925
415.97   1.926
416.06   1.928
416.15   1.930
416.24   1.932
416.33   1.934
416.42   1.936
416.51   1.938
416.59   1.940
416.68   1.942
416.77   1.944
416.86   1.946
416.95   1.948
417.04   1.950
417.13   1.952
417.22   1.954
417.30   1.956
417.39   1.958
417.48   1.960
417.57   1.962
417.66   1.964
417.75   1.966
417.84   1.968
417.93   1.970
418.02   1.972
418.11   1.974
418.20   1.976
418.29   1.978
418.38   1.980
418.47   1.982
418.55   1.984
418.64   1.986
418.73   1.988
418.82   1.990
418.91   1.992
419.00   1.994
419.09   1.995
419.18   1.997
419.27   1.999
419.35   2.001
419.44   2.003
419.53   2.005
419.62   2.006
419.71   2.008
419.80   2.010
419.89   2.012
419.98   2.014
420.07   2.016
420.15   2.018
420.24   2.019
420.33   2.021
420.42   2.023
420.51   2.025
420.60   2.027
420.69   2.029
420.78   2.031
420.87   2.033
420.96   2.035
421.05   2.037
421.14   2.039
421.22   2.041
421.31   2.043
421.40   2.045
421.49   2.047
421.58   2.049
421.67   2.051
421.76   2.053
421.85   2.055
421.94   2.057
422.03   2.059
422.12   2.061
422.21   2.064
422.29   2.066
422.38   2.068
422.47   2.070
422.56   2.072
422.65   2.074
422.74   2.077
422.84   2.079
422.92   2.081
423.01   2.083
423.10   2.086
423.19   2.088
423.28   2.090
423.37   2.092
423.46   2.094
423.55   2.097
423.64   2.099
423.73   2.101
423.82   2.103
423.91   2.105
424.00   2.108
424.09   2.110
424.18   2.112
424.27   2.114
424.35   2.116
424.45   2.118
424.53   2.120
424.62   2.122
424.71   2.124
424.80   2.126
424.89   2.128
424.98   2.130
425.07   2.132
425.16   2.134
425.25   2.136
425.34   2.138
425.42   2.140
425.52   2.142
425.60   2.144
425.69   2.146
425.78   2.148
425.87   2.149
425.96   2.151
426.05   2.153
426.14   2.155
426.22   2.157
426.31   2.159
426.40   2.161
426.49   2.162
426.58   2.164
426.67   2.166
426.76   2.168
426.85   2.170
426.94   2.172
427.03   2.174
427.12   2.176
427.20   2.178
427.29   2.180
427.38   2.183
427.47   2.185
427.56   2.187
427.65   2.189
427.74   2.191
427.83   2.194
427.92   2.196
428.01   2.198
428.10   2.200
428.19   2.203
428.28   2.205
428.37   2.207
428.46   2.210
428.55   2.212
428.64   2.214
428.73   2.217
428.82   2.219
428.91   2.222
429.00   2.224
429.09   2.226
429.18   2.229
429.27   2.231
429.35   2.234
429.44   2.236
429.53   2.239
429.62   2.241
429.71   2.244
429.80   2.246
429.89   2.248
429.98   2.251
430.07   2.253
430.16   2.256
430.25   2.258
430.34   2.260
430.43   2.263
430.52   2.265
430.61   2.268
430.70   2.270
430.79   2.273
430.87   2.275
430.97   2.277
431.06   2.280
431.15   2.282
431.24   2.285
431.33   2.287
431.41   2.290
431.50   2.292
431.58   2.295
431.67   2.297
431.75   2.300
431.84   2.303
431.93   2.305
432.02   2.308
432.10   2.310
432.19   2.313
432.28   2.315
432.37   2.318
432.45   2.320
432.54   2.322
432.62   2.325
432.71   2.328
432.80   2.330
432.88   2.333
432.97   2.335
433.06   2.338
433.15   2.340
433.23   2.342
433.32   2.344
433.40   2.347
433.49   2.348
433.58   2.350
433.66   2.352
433.75   2.354
433.84   2.356
433.92   2.358
434.01   2.360
434.10   2.362
434.18   2.364
434.27   2.366
434.36   2.368
434.44   2.370
434.53   2.372
434.62   2.375
434.70   2.377
434.79   2.379
434.88   2.382
434.96   2.384
435.05   2.387
435.13   2.389
435.22   2.392
435.31   2.395
435.39   2.397
435.48   2.400
435.57   2.402
435.65   2.405
435.74   2.407
435.83   2.410
435.91   2.412
436.00   2.415
436.09   2.417
436.17   2.419
436.26   2.422
436.35   2.424
436.43   2.426
436.52   2.428
436.61   2.430
436.69   2.433
436.78   2.435
436.86   2.437
436.95   2.439
437.03   2.441
437.12   2.444
437.21   2.446
437.29   2.448
437.38   2.450
437.46   2.452
437.55   2.454
437.63   2.456
437.72   2.459
437.81   2.461
437.89   2.463
437.98   2.465
438.06   2.467
438.15   2.470
438.23   2.472
438.32   2.474
438.41   2.477
438.49   2.479
438.58   2.482
438.66   2.484
438.75   2.487
438.84   2.489
438.92   2.492
439.01   2.494
439.10   2.497
439.18   2.499
439.27   2.502
439.35   2.504
439.44   2.507
439.53   2.509
439.61   2.512
439.70   2.514
439.79   2.517
439.87   2.519
439.96   2.522
440.05   2.524
440.14   2.527
440.22   2.529
440.31   2.531
440.40   2.533
440.48   2.535
440.57   2.538
440.65   2.540
440.74   2.542
440.83   2.544
440.92   2.546
441.00   2.548
441.09   2.550
441.17   2.552
441.26   2.555
441.35   2.557
441.44   2.559
441.52   2.561
441.61   2.563
441.70   2.566
441.79   2.568
441.88   2.570
441.96   2.572
442.05   2.575
442.14   2.577
442.23   2.579
442.31   2.582
442.40   2.584
442.49   2.587
442.57   2.589
442.66   2.591
442.75   2.594
442.83   2.596
442.92   2.599
443.01   2.601
443.10   2.604
443.19   2.606
443.27   2.608
443.36   2.611
443.45   2.613
443.53   2.616
443.62   2.618
443.70   2.620
443.79   2.622
443.88   2.625
443.96   2.627
444.05   2.629
444.14   2.631
444.23   2.633
444.31   2.635
444.40   2.637
444.49   2.639
444.58   2.642
444.66   2.644
444.75   2.646
444.83   2.648
444.92   2.650
445.01   2.652
445.09   2.654
445.18   2.656
445.27   2.658
445.35   2.660
445.44   2.662
445.53   2.664
445.62   2.666
445.70   2.668
445.79   2.670
445.88   2.672
445.96   2.674
446.05   2.676
446.14   2.678
446.22   2.680
446.31   2.682
446.40   2.685
446.49   2.687
446.57   2.689
446.66   2.692
446.74   2.694
446.83   2.697
446.92   2.699
447.01   2.702
447.09   2.704
447.18   2.707
447.27   2.709
447.35   2.712
447.44   2.715
447.53   2.717
447.61   2.720
447.70   2.723
447.79   2.725
447.87   2.728
447.96   2.731
448.05   2.734
448.13   2.736
448.22   2.739
448.30   2.742
448.39   2.745
448.48   2.748
448.57   2.750
448.65   2.753
448.73   2.756
448.82   2.759
448.91   2.762
449.00   2.765
449.08   2.767
449.17   2.770
449.26   2.773
449.34   2.775
449.43   2.778
449.52   2.781
449.60   2.783
449.70   2.786
449.78   2.789
449.87   2.791
449.96   2.794
450.04   2.797
450.13   2.799
450.22   2.802
450.31   2.804
450.39   2.807
450.48   2.809
450.56   2.812
450.65   2.815
450.74   2.817
450.83   2.820
450.91   2.822
451.00   2.825
451.09   2.828
451.18   2.830
451.26   2.833
451.35   2.835
451.43   2.838
451.52   2.841
451.61   2.843
451.69   2.846
451.78   2.848
451.86   2.851
451.95   2.854
452.04   2.856
452.13   2.859
452.21   2.862
452.30   2.865
452.38   2.867
452.47   2.870
452.56   2.873
452.64   2.876
452.73   2.879
452.82   2.882
452.91   2.884
452.99   2.887
453.08   2.890
453.16   2.893
453.25   2.896
453.31   2.899
