  
  DOI/GTN-P Deep Borehole Array, Arctic Alaska 
             U.S. Geological Survey 
            Processed Temperature Log 
                    28-Aug-2013 
________________________________________________ 
  
Temperature Log Information: 
  Well name:   Kugrua Test Well #1 
  File name:   KAG_84AUG06_c_d 
  Log date:    06-AUG-1984 
  
Contact Information: 
  Gary Clow 
  U.S. Geological Survey 
  clow@usgs.gov 
  
Definitions: 
  Depth:        Depth below local ground surface (m) 
  Temperature:  ITS-90 temperature (°C) 
________________________________________________ 
             
 Depth  Temperature 
 12.80  -9.186
 13.11  -9.156
 13.41  -9.125
 13.72  -9.096
 14.02  -9.069
 14.33  -9.044
 14.63  -9.020
 14.94  -8.996
 15.24  -8.971
 15.54  -8.946
 15.85  -8.922
 16.15  -8.898
 16.46  -8.873
 16.76  -8.849
 17.07  -8.825
 17.37  -8.801
 17.68  -8.778
 17.98  -8.755
 18.29  -8.731
 18.59  -8.707
 19.20  -8.655
 19.51  -8.629
 19.81  -8.603
 20.12  -8.577
 20.42  -8.551
 20.73  -8.526
 21.03  -8.502
 21.34  -8.479
 21.64  -8.456
 21.95  -8.435
 22.25  -8.414
 22.56  -8.394
 22.86  -8.374
 23.16  -8.355
 23.47  -8.337
 23.77  -8.319
 24.08  -8.303
 24.38  -8.287
 24.69  -8.271
 24.99  -8.256
 25.30  -8.241
 25.60  -8.227
 25.91  -8.212
 26.21  -8.198
 26.52  -8.183
 26.82  -8.168
 27.13  -8.153
 27.43  -8.139
 27.74  -8.124
 28.04  -8.109
 28.35  -8.095
 28.65  -8.080
 28.96  -8.064
 29.26  -8.049
 29.57  -8.034
 29.87  -8.020
 30.18  -8.005
 30.48  -7.991
 30.78  -7.978
 31.09  -7.966
 31.39  -7.954
 31.70  -7.943
 32.00  -7.932
 32.31  -7.922
 32.61  -7.912
 32.92  -7.903
 33.22  -7.894
 33.53  -7.887
 33.83  -7.880
 34.14  -7.873
 34.44  -7.867
 34.75  -7.861
 35.05  -7.856
 35.36  -7.851
 35.66  -7.845
 35.97  -7.840
 36.27  -7.834
 36.58  -7.828
 36.88  -7.823
 37.19  -7.817
 37.49  -7.811
 37.80  -7.806
 38.10  -7.800
 38.40  -7.794
 38.71  -7.789
 39.01  -7.783
 39.32  -7.777
 39.62  -7.771
 39.93  -7.766
 40.23  -7.760
 40.54  -7.754
 40.84  -7.749
 41.15  -7.744
 41.45  -7.739
 41.76  -7.734
 42.06  -7.729
 42.37  -7.725
 42.67  -7.720
 42.98  -7.715
 43.28  -7.710
 43.59  -7.706
 43.89  -7.701
 44.20  -7.696
 44.50  -7.692
 44.81  -7.687
 45.11  -7.682
 45.42  -7.677
 45.72  -7.672
 46.02  -7.667
 46.33  -7.662
 46.63  -7.657
 46.94  -7.652
 47.24  -7.647
 47.55  -7.641
 47.85  -7.636
 48.16  -7.630
 48.46  -7.624
 48.77  -7.619
 49.07  -7.613
 49.38  -7.607
 49.68  -7.601
 49.99  -7.595
 50.29  -7.589
 50.60  -7.583
 50.90  -7.577
 51.21  -7.571
 51.51  -7.565
 51.82  -7.559
 52.12  -7.553
 52.43  -7.547
 52.73  -7.541
 53.04  -7.535
 53.34  -7.530
 53.64  -7.524
 53.95  -7.518
 54.25  -7.512
 54.56  -7.506
 54.86  -7.500
 55.17  -7.494
 55.47  -7.488
 55.78  -7.482
 56.08  -7.475
 56.39  -7.469
 56.69  -7.462
 57.00  -7.456
 57.30  -7.449
 57.61  -7.442
 57.91  -7.435
 58.22  -7.428
 58.52  -7.421
 58.83  -7.414
 59.13  -7.406
 59.44  -7.399
 59.74  -7.392
 60.05  -7.384
 60.35  -7.377
 60.66  -7.370
 60.96  -7.362
 61.26  -7.355
 61.57  -7.348
 61.87  -7.341
 62.18  -7.334
 62.48  -7.327
 62.79  -7.320
 63.09  -7.313
 63.40  -7.306
 63.70  -7.299
 64.01  -7.292
 64.31  -7.285
 64.62  -7.279
 64.92  -7.271
 65.23  -7.264
 65.53  -7.257
 65.84  -7.249
 66.14  -7.242
 66.45  -7.234
 66.75  -7.226
 67.06  -7.218
 67.36  -7.210
 67.67  -7.202
 67.97  -7.193
 68.28  -7.185
 68.58  -7.176
 68.88  -7.167
 69.19  -7.159
 69.49  -7.150
 69.80  -7.141
 70.10  -7.132
 70.41  -7.123
 70.71  -7.115
 71.02  -7.106
 71.63  -7.088
 71.93  -7.079
 72.24  -7.070
 72.54  -7.061
 72.85  -7.053
 73.15  -7.044
 73.46  -7.035
 73.76  -7.026
 74.07  -7.017
 74.37  -7.007
 74.68  -6.998
 74.98  -6.989
 75.29  -6.980
 75.59  -6.970
 75.90  -6.961
 76.20  -6.951
 76.50  -6.942
 76.81  -6.932
 77.11  -6.922
 77.42  -6.912
 77.72  -6.902
 78.03  -6.892
 78.33  -6.882
 78.64  -6.872
 78.94  -6.862
 79.25  -6.852
 79.55  -6.842
 79.86  -6.832
 80.16  -6.822
 80.47  -6.812
 80.77  -6.802
 81.08  -6.792
 81.38  -6.782
 81.69  -6.772
 81.99  -6.762
 82.30  -6.752
 82.60  -6.742
 82.91  -6.732
 83.21  -6.722
 83.52  -6.712
 83.82  -6.702
 84.12  -6.692
 84.43  -6.682
 84.73  -6.672
 85.04  -6.662
 85.34  -6.652
 85.65  -6.642
 85.95  -6.631
 86.26  -6.621
 86.56  -6.611
 86.87  -6.600
 87.17  -6.590
 87.48  -6.579
 87.78  -6.569
 88.09  -6.558
 88.39  -6.548
 88.70  -6.537
 89.00  -6.527
 89.31  -6.516
 89.61  -6.506
 89.92  -6.495
 90.22  -6.485
 90.53  -6.475
 90.83  -6.464
 91.14  -6.454
 91.44  -6.444
 91.74  -6.434
 92.05  -6.424
 92.35  -6.415
 92.66  -6.405
 92.96  -6.395
 93.27  -6.386
 93.57  -6.376
 93.88  -6.367
 94.18  -6.357
 94.49  -6.347
 94.79  -6.337
 95.10  -6.326
 95.40  -6.316
 95.71  -6.305
 96.01  -6.295
 96.32  -6.284
 96.62  -6.273
 96.93  -6.261
 97.23  -6.250
 97.54  -6.238
 97.84  -6.226
 98.15  -6.214
 98.45  -6.202
 98.76  -6.190
 99.06  -6.178
 99.36  -6.167
 99.67  -6.155
 99.97  -6.144
100.28  -6.132
100.58  -6.121
100.89  -6.110
101.19  -6.099
101.50  -6.088
101.80  -6.077
102.11  -6.066
102.41  -6.056
102.72  -6.045
103.02  -6.035
103.33  -6.024
103.63  -6.014
103.94  -6.003
104.24  -5.992
104.55  -5.981
104.85  -5.970
105.16  -5.958
105.46  -5.947
105.77  -5.935
106.07  -5.923
106.38  -5.911
106.68  -5.899
106.98  -5.887
107.29  -5.875
107.59  -5.862
107.90  -5.850
108.20  -5.837
108.51  -5.824
108.81  -5.812
109.12  -5.799
109.42  -5.786
109.73  -5.774
110.03  -5.761
110.34  -5.748
110.64  -5.736
110.95  -5.723
111.25  -5.710
111.56  -5.697
111.86  -5.683
112.17  -5.670
112.47  -5.657
112.78  -5.643
113.08  -5.630
113.39  -5.617
113.69  -5.603
114.00  -5.590
114.30  -5.577
114.60  -5.564
114.91  -5.551
115.21  -5.538
115.52  -5.525
115.82  -5.512
116.13  -5.499
116.43  -5.487
116.74  -5.474
117.04  -5.462
117.35  -5.450
117.65  -5.438
117.96  -5.426
118.26  -5.413
118.57  -5.401
118.87  -5.389
119.18  -5.376
119.48  -5.364
119.79  -5.352
120.09  -5.339
120.40  -5.327
120.70  -5.314
121.01  -5.301
121.31  -5.289
121.62  -5.276
121.92  -5.264
122.22  -5.251
122.53  -5.238
122.83  -5.226
123.14  -5.213
123.44  -5.200
123.75  -5.188
124.05  -5.175
124.36  -5.162
124.66  -5.150
124.97  -5.137
125.27  -5.124
125.58  -5.112
125.88  -5.099
126.19  -5.086
126.49  -5.073
126.80  -5.060
127.10  -5.047
127.41  -5.035
127.71  -5.022
128.02  -5.009
128.32  -4.996
128.63  -4.983
128.93  -4.970
129.24  -4.957
129.54  -4.945
129.84  -4.932
130.15  -4.919
130.45  -4.906
130.76  -4.893
131.06  -4.880
131.37  -4.867
131.67  -4.854
131.98  -4.840
132.28  -4.827
132.59  -4.814
132.89  -4.801
133.20  -4.788
133.50  -4.775
133.81  -4.762
134.11  -4.750
134.42  -4.737
134.72  -4.724
135.03  -4.711
135.33  -4.699
135.64  -4.687
135.94  -4.675
136.25  -4.663
136.55  -4.651
136.86  -4.639
137.16  -4.627
137.46  -4.615
137.77  -4.603
138.07  -4.591
138.38  -4.579
138.68  -4.566
138.99  -4.553
139.29  -4.540
139.60  -4.527
139.90  -4.514
140.21  -4.500
140.51  -4.486
140.82  -4.471
141.12  -4.457
141.43  -4.442
141.73  -4.426
142.04  -4.411
142.34  -4.396
142.65  -4.381
142.95  -4.366
143.26  -4.351
143.56  -4.337
143.87  -4.322
144.17  -4.308
144.48  -4.294
144.78  -4.280
145.08  -4.267
145.39  -4.253
145.69  -4.240
146.00  -4.227
146.30  -4.214
146.61  -4.202
146.91  -4.189
147.22  -4.177
147.52  -4.164
147.83  -4.152
148.13  -4.139
148.44  -4.127
148.74  -4.114
149.05  -4.102
149.35  -4.089
149.66  -4.077
149.96  -4.064
150.27  -4.052
150.57  -4.040
150.88  -4.027
151.18  -4.015
151.49  -4.003
151.79  -3.990
152.10  -3.978
152.40  -3.966
152.70  -3.954
153.01  -3.942
153.31  -3.931
153.62  -3.919
153.92  -3.907
154.23  -3.896
154.53  -3.885
154.84  -3.873
155.14  -3.862
155.45  -3.852
155.75  -3.841
156.06  -3.831
156.36  -3.821
156.67  -3.810
156.97  -3.800
157.28  -3.789
157.58  -3.778
157.89  -3.767
158.19  -3.756
158.50  -3.745
158.80  -3.733
159.11  -3.721
159.41  -3.709
159.72  -3.697
160.02  -3.684
160.32  -3.671
160.63  -3.657
160.93  -3.644
161.24  -3.630
161.54  -3.616
161.85  -3.602
162.15  -3.587
162.46  -3.574
162.76  -3.560
163.07  -3.547
163.37  -3.533
163.68  -3.520
163.98  -3.507
164.29  -3.494
164.59  -3.481
164.90  -3.469
165.20  -3.456
165.51  -3.444
165.81  -3.432
166.12  -3.419
166.42  -3.407
166.73  -3.396
167.03  -3.384
167.34  -3.372
167.64  -3.360
167.94  -3.348
168.25  -3.335
168.55  -3.323
168.86  -3.311
169.16  -3.299
169.47  -3.287
169.77  -3.275
170.08  -3.263
170.38  -3.252
170.69  -3.240
170.99  -3.228
171.30  -3.216
171.60  -3.205
171.91  -3.193
172.21  -3.182
172.52  -3.170
172.82  -3.158
173.13  -3.147
173.43  -3.136
173.74  -3.124
174.04  -3.113
174.35  -3.102
174.65  -3.091
174.96  -3.080
175.26  -3.069
175.56  -3.059
175.87  -3.048
176.17  -3.037
176.48  -3.026
176.78  -3.016
177.09  -3.005
177.39  -2.994
177.70  -2.983
178.00  -2.972
178.31  -2.960
178.61  -2.949
178.92  -2.937
179.22  -2.926
179.53  -2.914
179.83  -2.902
180.14  -2.889
180.44  -2.877
180.75  -2.864
181.05  -2.851
181.36  -2.839
181.66  -2.826
181.97  -2.814
182.27  -2.802
182.58  -2.790
182.88  -2.779
183.18  -2.768
183.49  -2.756
183.79  -2.746
184.10  -2.735
184.40  -2.724
184.71  -2.714
185.01  -2.705
185.32  -2.695
185.62  -2.686
185.93  -2.676
186.23  -2.667
186.54  -2.658
186.84  -2.649
187.15  -2.640
187.45  -2.630
187.76  -2.621
188.06  -2.611
188.37  -2.602
188.67  -2.592
188.98  -2.583
189.28  -2.573
189.59  -2.564
189.89  -2.554
190.20  -2.545
190.50  -2.536
190.80  -2.526
191.11  -2.517
191.41  -2.507
191.72  -2.498
192.02  -2.488
192.33  -2.479
192.63  -2.469
192.94  -2.460
193.24  -2.450
193.55  -2.441
193.85  -2.431
194.16  -2.421
194.46  -2.411
194.77  -2.401
195.07  -2.391
195.38  -2.381
195.68  -2.371
195.99  -2.360
196.29  -2.350
196.60  -2.340
196.90  -2.330
197.21  -2.319
197.51  -2.309
197.82  -2.299
198.12  -2.289
198.42  -2.279
198.73  -2.268
199.03  -2.258
199.34  -2.248
199.64  -2.238
199.95  -2.228
200.25  -2.217
200.56  -2.207
200.86  -2.197
201.17  -2.187
201.47  -2.177
201.78  -2.166
202.08  -2.156
202.39  -2.146
202.69  -2.135
203.00  -2.125
203.30  -2.115
203.61  -2.104
203.91  -2.094
204.22  -2.084
204.52  -2.074
204.83  -2.063
205.13  -2.053
205.44  -2.043
205.74  -2.033
206.04  -2.022
206.35  -2.012
206.65  -2.002
206.96  -1.991
207.26  -1.981
207.57  -1.971
207.87  -1.960
208.18  -1.950
208.48  -1.939
208.79  -1.929
209.09  -1.918
209.40  -1.908
209.70  -1.897
210.01  -1.886
210.31  -1.876
210.62  -1.865
210.92  -1.855
211.23  -1.844
211.53  -1.834
211.84  -1.824
212.14  -1.813
212.45  -1.803
212.75  -1.793
213.06  -1.783
213.36  -1.772
213.66  -1.762
213.97  -1.752
214.27  -1.742
214.58  -1.732
214.88  -1.722
215.19  -1.712
215.49  -1.702
215.80  -1.692
216.10  -1.683
216.41  -1.673
216.71  -1.664
217.02  -1.655
217.32  -1.646
217.63  -1.638
217.93  -1.629
218.24  -1.621
218.54  -1.613
218.85  -1.605
219.15  -1.597
219.46  -1.590
219.76  -1.582
220.07  -1.575
220.37  -1.568
220.68  -1.561
220.98  -1.554
221.28  -1.547
221.59  -1.540
221.89  -1.534
222.20  -1.527
222.50  -1.520
222.81  -1.513
223.11  -1.507
223.42  -1.500
223.72  -1.494
224.03  -1.487
224.33  -1.481
224.64  -1.475
224.94  -1.469
225.25  -1.462
225.55  -1.456
225.86  -1.450
226.16  -1.443
226.47  -1.437
226.77  -1.430
227.08  -1.423
227.38  -1.417
227.69  -1.410
227.99  -1.403
228.30  -1.396
228.60  -1.389
228.90  -1.381
229.21  -1.374
229.51  -1.366
229.82  -1.358
230.12  -1.351
230.43  -1.343
230.73  -1.335
231.04  -1.327
231.34  -1.319
231.65  -1.311
231.95  -1.303
232.26  -1.295
232.56  -1.287
232.87  -1.279
233.17  -1.271
233.48  -1.263
233.78  -1.254
234.09  -1.246
234.39  -1.237
234.70  -1.229
235.00  -1.220
235.31  -1.212
235.61  -1.203
235.92  -1.194
236.22  -1.185
236.52  -1.177
236.83  -1.168
237.13  -1.159
237.44  -1.150
237.74  -1.142
238.05  -1.133
238.35  -1.124
238.66  -1.116
238.96  -1.108
239.27  -1.099
239.57  -1.091
239.88  -1.082
240.18  -1.074
240.49  -1.065
240.79  -1.056
241.10  -1.047
241.40  -1.038
241.71  -1.029
242.01  -1.020
242.32  -1.011
242.62  -1.002
242.93  -0.992
243.23  -0.983
243.54  -0.973
244.14  -0.953
244.45  -0.943
244.75  -0.933
245.06  -0.924
245.36  -0.914
245.67  -0.905
245.97  -0.896
246.28  -0.887
246.58  -0.878
246.89  -0.869
247.19  -0.861
247.50  -0.853
247.80  -0.844
248.11  -0.837
248.41  -0.829
248.72  -0.821
249.02  -0.814
249.33  -0.807
249.63  -0.800
249.94  -0.793
250.55  -0.779
250.85  -0.772
251.16  -0.766
251.46  -0.759
251.76  -0.753
252.07  -0.747
252.37  -0.740
252.68  -0.735
252.98  -0.729
253.29  -0.723
253.59  -0.718
253.90  -0.713
254.20  -0.708
254.51  -0.703
254.81  -0.697
255.12  -0.692
255.42  -0.687
255.73  -0.682
256.03  -0.677
256.34  -0.672
256.64  -0.667
256.95  -0.661
257.25  -0.656
257.56  -0.650
257.86  -0.644
258.17  -0.637
258.47  -0.631
258.78  -0.624
259.08  -0.617
259.38  -0.610
259.69  -0.604
259.99  -0.597
260.30  -0.590
260.60  -0.583
260.91  -0.576
261.21  -0.569
261.52  -0.561
261.82  -0.554
262.13  -0.548
262.43  -0.541
262.74  -0.536
263.04  -0.531
263.35  -0.526
263.65  -0.521
263.96  -0.515
264.26  -0.509
264.57  -0.502
264.87  -0.495
265.18  -0.486
265.48  -0.477
265.79  -0.466
266.09  -0.454
266.40  -0.442
266.70  -0.428
267.00  -0.414
267.31  -0.397
267.61  -0.378
267.92  -0.358
268.22  -0.336
268.53  -0.314
269.14  -0.270
269.44  -0.248
269.75  -0.227
270.05  -0.207
270.36  -0.189
270.97  -0.155
271.27  -0.139
271.58  -0.124
271.88  -0.109
272.19  -0.097
272.49  -0.085
272.80  -0.075
273.10  -0.065
273.41  -0.057
273.71  -0.049
274.02  -0.041
274.32  -0.034
274.62  -0.026
274.93  -0.018
275.23  -0.009
275.54   0.000
275.84   0.010
276.15   0.018
276.45   0.027
276.76   0.036
277.06   0.044
277.37   0.052
277.67   0.060
277.98   0.067
278.28   0.075
278.59   0.082
278.89   0.090
279.20   0.097
279.50   0.105
279.81   0.112
280.11   0.119
280.42   0.127
280.72   0.134
281.03   0.142
281.33   0.150
281.64   0.158
281.94   0.166
282.24   0.175
282.55   0.185
282.85   0.195
283.16   0.205
283.46   0.215
283.77   0.225
284.07   0.235
284.38   0.245
284.68   0.255
284.99   0.265
285.29   0.274
285.60   0.283
285.90   0.293
286.21   0.302
286.51   0.311
286.82   0.320
287.12   0.328
287.43   0.337
287.73   0.345
288.04   0.353
288.34   0.362
288.65   0.370
288.95   0.378
289.26   0.387
289.56   0.396
289.86   0.405
290.17   0.414
290.47   0.424
290.78   0.433
291.08   0.443
291.39   0.452
291.69   0.462
292.00   0.473
292.30   0.483
292.61   0.494
292.91   0.504
293.22   0.515
293.52   0.525
293.83   0.536
294.13   0.546
294.44   0.557
294.74   0.567
295.05   0.577
295.35   0.586
295.66   0.596
295.96   0.606
296.27   0.615
296.57   0.624
296.88   0.633
297.18   0.642
297.48   0.650
297.79   0.659
298.09   0.667
298.40   0.676
298.70   0.684
299.01   0.693
299.31   0.701
299.62   0.710
299.92   0.719
300.23   0.728
300.53   0.737
300.84   0.746
301.14   0.755
301.45   0.764
301.75   0.773
302.06   0.783
302.36   0.792
302.67   0.801
302.97   0.811
303.28   0.820
303.58   0.830
303.89   0.839
304.19   0.848
304.50   0.858
304.80   0.867
305.10   0.876
305.41   0.884
305.71   0.893
306.02   0.902
306.32   0.911
306.63   0.919
306.93   0.928
307.24   0.936
307.54   0.944
307.85   0.953
308.15   0.961
308.46   0.970
308.76   0.978
309.07   0.987
309.37   0.996
309.68   1.004
309.98   1.013
310.29   1.023
310.59   1.032
310.90   1.041
311.20   1.051
311.51   1.060
311.81   1.070
312.12   1.080
312.42   1.090
312.72   1.101
313.03   1.111
313.33   1.121
313.64   1.132
313.94   1.142
314.25   1.152
314.55   1.162
314.86   1.172
315.16   1.183
315.47   1.193
315.77   1.203
316.08   1.213
316.38   1.223
316.69   1.233
316.99   1.243
317.30   1.252
317.60   1.262
317.91   1.273
318.21   1.283
318.82   1.304
319.13   1.315
319.43   1.327
319.74   1.338
320.04   1.350
320.34   1.362
320.65   1.375
320.95   1.387
321.26   1.401
321.56   1.414
321.87   1.428
322.17   1.442
322.48   1.456
322.78   1.470
323.09   1.484
323.39   1.498
323.70   1.512
324.00   1.526
324.31   1.539
324.61   1.553
324.92   1.566
325.22   1.580
325.53   1.593
325.83   1.606
326.14   1.619
326.44   1.632
326.75   1.645
327.05   1.657
327.36   1.670
327.66   1.682
327.96   1.695
328.27   1.707
328.57   1.719
328.88   1.732
329.18   1.744
329.49   1.757
329.79   1.769
330.10   1.781
330.40   1.793
330.71   1.805
331.01   1.817
331.32   1.829
331.62   1.840
331.93   1.852
332.23   1.863
332.54   1.874
332.84   1.886
333.15   1.897
333.45   1.909
333.76   1.920
334.06   1.931
334.37   1.943
334.67   1.954
334.98   1.966
335.28   1.977
335.58   1.988
335.89   2.000
336.19   2.011
336.50   2.022
336.80   2.034
337.11   2.045
337.41   2.057
337.72   2.068
338.02   2.080
338.33   2.091
338.63   2.103
338.94   2.114
339.24   2.126
339.55   2.138
339.85   2.149
340.16   2.161
340.46   2.173
340.77   2.185
341.07   2.198
341.38   2.210
341.68   2.222
341.99   2.235
342.29   2.247
342.60   2.260
342.90   2.272
343.20   2.284
343.51   2.296
343.81   2.308
344.12   2.319
344.42   2.331
344.73   2.343
345.03   2.354
345.34   2.365
345.64   2.376
345.95   2.386
346.25   2.397
346.56   2.407
346.86   2.418
347.17   2.428
347.47   2.438
347.78   2.449
348.08   2.460
348.39   2.470
348.69   2.481
349.00   2.492
349.30   2.503
349.61   2.514
349.91   2.525
350.22   2.536
350.52   2.547
350.82   2.559
351.13   2.570
351.43   2.582
351.74   2.593
352.04   2.605
352.35   2.616
352.65   2.628
352.96   2.639
353.26   2.650
353.57   2.661
353.87   2.672
354.18   2.683
354.48   2.694
354.79   2.705
355.09   2.716
355.40   2.727
355.70   2.738
356.01   2.749
356.31   2.760
356.62   2.771
356.92   2.782
357.23   2.793
357.53   2.804
357.84   2.815
358.14   2.827
358.44   2.838
358.75   2.849
359.05   2.860
359.36   2.871
359.66   2.882
359.97   2.893
360.27   2.903
360.58   2.913
360.88   2.923
361.19   2.934
361.49   2.944
361.80   2.955
362.10   2.965
362.41   2.976
362.71   2.988
363.02   2.999
363.32   3.011
363.63   3.024
363.93   3.036
364.24   3.049
364.54   3.062
364.85   3.076
365.15   3.091
365.46   3.106
365.76   3.122
366.06   3.138
366.37   3.154
366.98   3.185
367.28   3.201
367.59   3.216
367.89   3.230
368.20   3.245
368.50   3.259
368.81   3.273
369.11   3.286
369.42   3.299
369.72   3.312
370.03   3.324
370.33   3.336
370.64   3.348
370.94   3.359
371.25   3.370
371.55   3.381
371.86   3.392
372.16   3.404
372.47   3.415
372.77   3.427
373.08   3.439
373.38   3.452
373.68   3.464
373.99   3.476
374.29   3.489
374.60   3.501
374.90   3.514
375.21   3.526
375.51   3.538
375.82   3.551
376.12   3.564
376.43   3.576
376.73   3.589
377.04   3.602
377.34   3.615
377.65   3.629
377.95   3.642
378.26   3.656
378.56   3.670
378.87   3.683
379.17   3.697
379.48   3.712
