  
  DOI/GTN-P Deep Borehole Array, Arctic Alaska 
             U.S. Geological Survey 
            Processed Temperature Log 
                    28-Aug-2013 
________________________________________________ 
  
Temperature Log Information: 
  Well name:   Koluktak Test Well #1 
  File name:   KOL_84JUL30_c_d 
  Log date:    30-JUL-1984 
  
Contact Information: 
  Gary Clow 
  U.S. Geological Survey 
  clow@usgs.gov 
  
Definitions: 
  Depth:        Depth below local ground surface (m) 
  Temperature:  ITS-90 temperature (°C) 
________________________________________________ 
             
 Depth  Temperature 
 14.02  -7.499
 14.33  -7.481
 14.63  -7.462
 14.94  -7.446
 15.24  -7.432
 15.54  -7.421
 15.85  -7.411
 16.15  -7.402
 16.46  -7.393
 16.76  -7.384
 17.07  -7.376
 17.37  -7.368
 17.68  -7.360
 17.98  -7.353
 18.29  -7.347
 18.59  -7.341
 18.90  -7.336
 19.20  -7.332
 19.51  -7.328
 19.81  -7.326
 20.12  -7.325
 20.42  -7.325
 20.73  -7.325
 21.03  -7.325
 21.34  -7.326
 21.64  -7.326
 21.95  -7.326
 22.25  -7.327
 22.56  -7.326
 22.86  -7.326
 23.16  -7.326
 23.47  -7.326
 23.77  -7.326
 24.08  -7.327
 24.38  -7.328
 24.69  -7.330
 24.99  -7.333
 25.30  -7.335
 25.60  -7.339
 25.91  -7.342
 26.21  -7.345
 26.52  -7.349
 26.82  -7.353
 27.13  -7.356
 27.43  -7.360
 27.74  -7.364
 28.04  -7.367
 28.35  -7.370
 28.65  -7.373
 28.96  -7.376
 29.26  -7.378
 29.57  -7.380
 29.87  -7.381
 30.18  -7.381
 30.48  -7.381
 30.78  -7.381
 31.09  -7.380
 31.39  -7.380
 31.70  -7.380
 32.00  -7.379
 32.31  -7.379
 32.61  -7.379
 32.92  -7.379
 33.22  -7.378
 33.53  -7.378
 33.83  -7.377
 34.14  -7.377
 34.44  -7.376
 34.75  -7.375
 35.05  -7.373
 35.36  -7.371
 35.66  -7.369
 35.97  -7.368
 36.27  -7.365
 36.58  -7.363
 36.88  -7.361
 37.19  -7.358
 37.49  -7.356
 37.80  -7.353
 38.10  -7.350
 38.40  -7.347
 38.71  -7.344
 39.01  -7.341
 39.32  -7.338
 39.62  -7.334
 39.93  -7.331
 40.23  -7.328
 40.54  -7.324
 40.84  -7.320
 41.15  -7.317
 41.45  -7.313
 41.76  -7.309
 42.06  -7.305
 42.37  -7.301
 42.67  -7.296
 42.98  -7.292
 43.28  -7.287
 43.59  -7.283
 43.89  -7.278
 44.20  -7.274
 44.50  -7.269
 44.81  -7.264
 45.11  -7.259
 45.42  -7.254
 45.72  -7.249
 46.02  -7.244
 46.33  -7.239
 46.63  -7.234
 46.94  -7.229
 47.24  -7.223
 47.55  -7.217
 47.85  -7.212
 48.16  -7.206
 48.46  -7.200
 48.77  -7.194
 49.07  -7.188
 49.38  -7.181
 49.68  -7.174
 49.99  -7.168
 50.29  -7.161
 50.60  -7.154
 50.90  -7.147
 51.21  -7.140
 51.51  -7.133
 51.82  -7.126
 52.12  -7.119
 52.43  -7.112
 52.73  -7.105
 53.04  -7.098
 53.34  -7.091
 53.64  -7.084
 53.95  -7.077
 54.25  -7.070
 54.56  -7.062
 54.86  -7.055
 55.17  -7.048
 55.47  -7.041
 55.78  -7.034
 56.08  -7.026
 56.39  -7.018
 56.69  -7.010
 57.00  -7.001
 57.30  -6.992
 57.61  -6.983
 57.91  -6.974
 58.22  -6.966
 58.52  -6.957
 58.83  -6.949
 59.13  -6.941
 59.44  -6.934
 59.74  -6.926
 60.05  -6.918
 60.35  -6.910
 60.66  -6.900
 60.96  -6.890
 61.26  -6.880
 61.57  -6.868
 61.87  -6.856
 62.18  -6.843
 62.48  -6.830
 62.79  -6.817
 63.09  -6.804
 63.40  -6.791
 63.70  -6.777
 64.01  -6.763
 64.31  -6.748
 64.62  -6.734
 64.92  -6.721
 65.23  -6.708
 65.53  -6.696
 65.84  -6.685
 66.14  -6.676
 66.45  -6.668
 66.75  -6.661
 67.06  -6.655
 67.36  -6.648
 67.67  -6.641
 67.97  -6.633
 68.28  -6.625
 68.58  -6.617
 68.88  -6.608
 69.19  -6.599
 69.49  -6.590
 69.80  -6.581
 70.10  -6.573
 70.41  -6.565
 70.71  -6.558
 71.02  -6.551
 71.32  -6.544
 71.63  -6.538
 71.93  -6.532
 72.24  -6.525
 72.54  -6.517
 72.85  -6.509
 73.15  -6.500
 73.46  -6.490
 73.76  -6.480
 74.07  -6.469
 74.37  -6.457
 74.68  -6.445
 74.98  -6.434
 75.29  -6.422
 75.59  -6.411
 75.90  -6.400
 76.20  -6.389
 76.50  -6.379
 77.11  -6.360
 77.42  -6.351
 77.72  -6.342
 78.03  -6.335
 78.33  -6.328
 78.64  -6.322
 78.94  -6.316
 79.25  -6.311
 79.55  -6.306
 79.86  -6.300
 80.16  -6.294
 80.47  -6.288
 80.77  -6.281
 81.08  -6.273
 81.38  -6.265
 81.69  -6.257
 81.99  -6.248
 82.30  -6.240
 82.60  -6.232
 82.91  -6.223
 83.21  -6.215
 83.52  -6.206
 83.82  -6.198
 84.12  -6.190
 84.43  -6.181
 84.73  -6.173
 85.04  -6.164
 85.34  -6.156
 85.65  -6.148
 85.95  -6.139
 86.26  -6.130
 86.56  -6.122
 86.87  -6.113
 87.17  -6.104
 87.48  -6.096
 87.78  -6.087
 88.09  -6.079
 88.39  -6.071
 88.70  -6.064
 89.00  -6.056
 89.31  -6.049
 89.61  -6.041
 89.92  -6.033
 90.22  -6.026
 90.53  -6.018
 90.83  -6.009
 91.14  -6.001
 91.44  -5.992
 91.74  -5.983
 92.05  -5.974
 92.35  -5.965
 92.66  -5.956
 92.96  -5.947
 93.27  -5.938
 93.57  -5.929
 93.88  -5.921
 94.18  -5.912
 94.49  -5.903
 94.79  -5.895
 95.10  -5.886
 95.40  -5.877
 95.71  -5.868
 96.01  -5.858
 96.32  -5.849
 96.62  -5.839
 96.93  -5.830
 97.23  -5.821
 97.54  -5.811
 97.84  -5.802
 98.15  -5.791
 98.45  -5.781
 99.06  -5.759
 99.36  -5.749
 99.67  -5.739
 99.97  -5.729
100.28  -5.720
100.58  -5.712
100.89  -5.703
101.19  -5.695
101.50  -5.687
101.80  -5.678
102.11  -5.669
102.41  -5.659
102.72  -5.649
103.02  -5.639
103.33  -5.628
103.63  -5.616
103.94  -5.605
104.24  -5.594
104.55  -5.582
104.85  -5.571
105.16  -5.560
105.46  -5.549
105.77  -5.538
106.07  -5.528
106.38  -5.518
106.68  -5.507
106.98  -5.497
107.29  -5.487
107.59  -5.477
107.90  -5.468
108.20  -5.458
108.51  -5.449
108.81  -5.440
109.12  -5.431
109.42  -5.421
109.73  -5.412
110.03  -5.403
110.34  -5.393
110.64  -5.384
110.95  -5.374
111.25  -5.364
111.56  -5.354
111.86  -5.344
112.17  -5.334
112.47  -5.323
112.78  -5.313
113.08  -5.302
113.39  -5.291
113.69  -5.281
114.00  -5.270
114.30  -5.259
114.60  -5.249
114.91  -5.238
115.21  -5.227
115.52  -5.216
115.82  -5.205
116.13  -5.194
116.43  -5.184
116.74  -5.174
117.04  -5.164
117.35  -5.154
117.65  -5.146
117.96  -5.137
118.26  -5.129
118.57  -5.120
118.87  -5.112
119.18  -5.103
119.48  -5.094
119.79  -5.084
120.09  -5.073
120.40  -5.061
120.70  -5.050
121.01  -5.037
121.31  -5.022
121.62  -5.007
121.92  -4.991
122.22  -4.978
122.53  -4.967
122.83  -4.957
123.14  -4.948
123.44  -4.939
123.75  -4.928
124.05  -4.917
124.36  -4.906
124.66  -4.895
124.97  -4.886
125.27  -4.877
125.58  -4.868
125.88  -4.859
126.19  -4.850
126.49  -4.839
126.80  -4.828
127.10  -4.817
127.41  -4.805
127.71  -4.792
128.02  -4.779
128.32  -4.766
128.63  -4.754
128.93  -4.742
129.24  -4.730
129.54  -4.718
129.84  -4.707
130.15  -4.696
130.45  -4.685
130.76  -4.674
131.06  -4.663
131.37  -4.652
131.67  -4.641
131.98  -4.630
132.28  -4.619
132.59  -4.607
132.89  -4.596
133.20  -4.585
133.50  -4.574
133.81  -4.563
134.11  -4.552
134.42  -4.541
134.72  -4.530
135.03  -4.519
135.33  -4.508
135.64  -4.498
135.94  -4.487
136.25  -4.477
136.55  -4.466
136.86  -4.456
137.16  -4.447
137.46  -4.437
137.77  -4.428
138.07  -4.419
138.38  -4.409
138.68  -4.400
138.99  -4.391
139.29  -4.381
139.60  -4.372
139.90  -4.362
140.21  -4.352
140.51  -4.342
140.82  -4.332
141.12  -4.322
141.43  -4.312
141.73  -4.302
142.04  -4.292
142.34  -4.281
142.65  -4.270
142.95  -4.260
143.26  -4.250
143.56  -4.239
143.87  -4.229
144.17  -4.218
144.48  -4.208
144.78  -4.198
145.08  -4.188
145.39  -4.178
145.69  -4.168
146.00  -4.158
146.30  -4.148
146.61  -4.139
146.91  -4.132
147.22  -4.124
147.52  -4.117
147.83  -4.109
148.13  -4.101
148.44  -4.092
148.74  -4.083
149.05  -4.073
149.35  -4.063
149.66  -4.052
149.96  -4.040
150.27  -4.029
150.57  -4.018
150.88  -4.008
151.18  -3.998
151.49  -3.988
151.79  -3.978
152.10  -3.969
152.40  -3.960
152.70  -3.951
153.01  -3.942
153.31  -3.932
153.62  -3.923
153.92  -3.913
154.23  -3.903
154.53  -3.892
154.84  -3.882
155.14  -3.871
155.45  -3.860
155.75  -3.849
156.06  -3.838
156.36  -3.827
156.67  -3.815
156.97  -3.804
157.28  -3.792
157.58  -3.780
157.89  -3.768
158.19  -3.756
158.50  -3.744
158.80  -3.733
159.11  -3.723
159.41  -3.713
159.72  -3.703
160.02  -3.693
160.32  -3.682
160.63  -3.671
160.93  -3.659
161.24  -3.648
161.54  -3.636
161.85  -3.625
162.15  -3.613
162.46  -3.602
162.76  -3.590
163.07  -3.579
163.37  -3.567
163.68  -3.556
163.98  -3.545
164.29  -3.534
164.59  -3.524
164.90  -3.514
165.20  -3.504
165.51  -3.495
165.81  -3.485
166.12  -3.476
166.42  -3.467
166.73  -3.459
167.03  -3.450
167.34  -3.442
167.64  -3.434
167.94  -3.425
168.25  -3.417
168.55  -3.409
168.86  -3.401
169.16  -3.393
169.47  -3.384
169.77  -3.376
170.08  -3.367
170.38  -3.359
170.69  -3.350
170.99  -3.341
171.30  -3.332
171.60  -3.322
171.91  -3.312
172.21  -3.303
172.52  -3.293
172.82  -3.283
173.13  -3.273
173.43  -3.264
173.74  -3.255
174.04  -3.246
174.35  -3.237
174.65  -3.228
174.96  -3.219
175.26  -3.210
175.56  -3.201
175.87  -3.193
176.17  -3.184
176.48  -3.175
176.78  -3.166
177.09  -3.158
177.39  -3.149
177.70  -3.141
178.00  -3.132
178.31  -3.124
178.61  -3.115
178.92  -3.107
179.22  -3.099
179.53  -3.090
179.83  -3.082
180.14  -3.074
180.44  -3.066
180.75  -3.058
181.05  -3.051
181.36  -3.043
181.66  -3.035
181.97  -3.028
182.27  -3.020
182.58  -3.013
182.88  -3.006
183.18  -2.998
183.49  -2.991
183.79  -2.983
184.10  -2.975
184.40  -2.968
184.71  -2.960
185.01  -2.952
185.32  -2.944
185.62  -2.936
185.93  -2.929
186.23  -2.921
186.54  -2.913
186.84  -2.905
187.15  -2.897
187.45  -2.889
187.76  -2.880
188.06  -2.872
188.37  -2.863
188.67  -2.855
188.98  -2.846
189.28  -2.837
189.59  -2.828
189.89  -2.819
190.20  -2.810
190.50  -2.802
190.80  -2.793
191.11  -2.784
191.72  -2.767
192.02  -2.758
192.33  -2.749
192.63  -2.741
192.94  -2.732
193.24  -2.723
193.55  -2.714
193.85  -2.705
194.16  -2.696
194.46  -2.687
194.77  -2.678
195.07  -2.669
195.38  -2.661
195.68  -2.652
195.99  -2.644
196.29  -2.635
196.60  -2.627
196.90  -2.619
197.21  -2.610
197.51  -2.602
197.82  -2.594
198.12  -2.585
198.42  -2.577
198.73  -2.568
199.03  -2.559
199.34  -2.550
199.64  -2.541
199.95  -2.532
200.25  -2.523
200.56  -2.514
200.86  -2.505
201.17  -2.495
201.47  -2.485
201.78  -2.476
202.08  -2.466
202.39  -2.457
202.69  -2.448
203.00  -2.438
203.30  -2.429
203.61  -2.421
203.91  -2.412
204.52  -2.395
204.83  -2.386
205.13  -2.378
205.44  -2.370
205.74  -2.363
206.04  -2.355
206.35  -2.348
206.65  -2.340
206.96  -2.333
207.26  -2.326
207.57  -2.318
207.87  -2.310
208.18  -2.302
208.48  -2.294
208.79  -2.286
209.09  -2.277
209.40  -2.269
209.70  -2.261
210.01  -2.252
210.31  -2.243
210.62  -2.234
210.92  -2.225
211.23  -2.215
211.53  -2.206
211.84  -2.197
212.14  -2.187
212.45  -2.178
212.75  -2.169
213.06  -2.160
213.36  -2.152
213.66  -2.143
213.97  -2.135
214.58  -2.118
214.88  -2.110
215.19  -2.101
215.49  -2.093
215.80  -2.085
216.10  -2.077
216.41  -2.068
216.71  -2.060
217.02  -2.053
217.32  -2.045
217.63  -2.038
217.93  -2.031
218.24  -2.025
218.54  -2.018
218.85  -2.011
219.15  -2.005
219.46  -1.998
219.76  -1.990
220.07  -1.983
220.37  -1.974
220.68  -1.966
220.98  -1.957
221.28  -1.948
221.59  -1.939
221.89  -1.931
