  
  DOI/GTN-P Deep Borehole Array, Arctic Alaska 
             U.S. Geological Survey 
            Processed Temperature Log 
                    28-Aug-2013 
________________________________________________ 
  
Temperature Log Information: 
  Well name:   Kuyanak Test Well #1 
  File name:   KUY_84AUG02_c_d 
  Log date:    02-AUG-1984 
  
Contact Information: 
  Gary Clow 
  U.S. Geological Survey 
  clow@usgs.gov 
  
Definitions: 
  Depth:        Depth below local ground surface (m) 
  Temperature:  ITS-90 temperature (°C) 
________________________________________________ 
             
 Depth  Temperature 
 15.54  -8.874
 15.85  -8.861
 16.15  -8.847
 16.46  -8.835
 16.76  -8.825
 17.07  -8.816
 17.37  -8.807
 17.68  -8.800
 17.98  -8.792
 18.29  -8.784
 18.59  -8.777
 18.90  -8.770
 19.20  -8.763
 19.51  -8.756
 19.81  -8.749
 20.12  -8.743
 20.42  -8.737
 20.73  -8.731
 21.03  -8.726
 21.34  -8.721
 21.64  -8.717
 21.95  -8.712
 22.25  -8.708
 22.56  -8.704
 22.86  -8.700
 23.16  -8.696
 23.47  -8.692
 23.77  -8.689
 24.08  -8.685
 24.38  -8.682
 24.69  -8.679
 24.99  -8.675
 25.30  -8.672
 25.60  -8.669
 25.91  -8.665
 26.21  -8.662
 26.52  -8.658
 26.82  -8.654
 27.13  -8.650
 27.43  -8.646
 27.74  -8.642
 28.04  -8.639
 28.35  -8.635
 28.65  -8.631
 28.96  -8.627
 29.26  -8.624
 29.57  -8.620
 29.87  -8.617
 30.18  -8.614
 30.48  -8.611
 30.78  -8.607
 31.09  -8.604
 31.39  -8.601
 31.70  -8.598
 32.00  -8.595
 32.31  -8.592
 32.61  -8.588
 32.92  -8.585
 33.22  -8.582
 33.53  -8.579
 33.83  -8.576
 34.14  -8.573
 34.44  -8.569
 34.75  -8.566
 35.05  -8.563
 35.36  -8.559
 35.66  -8.556
 35.97  -8.552
 36.27  -8.549
 36.58  -8.546
 36.88  -8.542
 37.19  -8.539
 37.49  -8.535
 37.80  -8.532
 38.10  -8.528
 38.40  -8.524
 38.71  -8.521
 39.01  -8.517
 39.32  -8.514
 39.62  -8.510
 39.93  -8.506
 40.23  -8.502
 40.54  -8.499
 40.84  -8.495
 41.15  -8.491
 41.45  -8.487
 41.76  -8.484
 42.06  -8.480
 42.37  -8.476
 42.67  -8.472
 42.98  -8.468
 43.28  -8.464
 43.59  -8.461
 43.89  -8.457
 44.20  -8.453
 44.50  -8.449
 44.81  -8.445
 45.11  -8.442
 45.42  -8.438
 45.72  -8.434
 46.02  -8.430
 46.33  -8.426
 46.63  -8.423
 46.94  -8.419
 47.24  -8.415
 47.55  -8.411
 47.85  -8.408
 48.16  -8.404
 48.46  -8.400
 48.77  -8.397
 49.07  -8.393
 49.38  -8.389
 49.68  -8.386
 49.99  -8.382
 50.29  -8.379
 50.60  -8.375
 50.90  -8.372
 51.21  -8.369
 51.51  -8.366
 51.82  -8.363
 52.12  -8.360
 52.43  -8.356
 52.73  -8.353
 53.04  -8.350
 53.34  -8.347
 53.64  -8.343
 53.95  -8.340
 54.25  -8.336
 54.56  -8.332
 54.86  -8.329
 55.17  -8.325
 55.47  -8.321
 55.78  -8.317
 56.08  -8.313
 56.39  -8.308
 56.69  -8.304
 57.00  -8.299
 57.30  -8.295
 57.61  -8.291
 57.91  -8.286
 58.22  -8.282
 58.52  -8.278
 58.83  -8.273
 59.13  -8.269
 59.44  -8.265
 59.74  -8.261
 60.05  -8.257
 60.35  -8.253
 60.66  -8.249
 60.96  -8.245
 61.26  -8.241
 61.57  -8.238
 61.87  -8.234
 62.18  -8.230
 62.48  -8.226
 62.79  -8.222
 63.09  -8.218
 63.40  -8.214
 63.70  -8.210
 64.01  -8.206
 64.31  -8.201
 64.62  -8.197
 64.92  -8.193
 65.23  -8.188
 65.53  -8.183
 65.84  -8.179
 66.14  -8.174
 66.45  -8.169
 66.75  -8.165
 67.06  -8.160
 67.36  -8.155
 67.67  -8.150
 67.97  -8.145
 68.28  -8.141
 68.58  -8.136
 68.88  -8.132
 69.19  -8.127
 69.49  -8.122
 69.80  -8.118
 70.10  -8.113
 70.41  -8.109
 70.71  -8.105
 71.02  -8.101
 71.32  -8.096
 71.63  -8.092
 71.93  -8.088
 72.24  -8.084
 72.54  -8.079
 72.85  -8.075
 73.15  -8.070
 73.46  -8.066
 73.76  -8.061
 74.07  -8.056
 74.37  -8.051
 74.68  -8.046
 74.98  -8.041
 75.29  -8.036
 75.59  -8.030
 75.90  -8.024
 76.20  -8.019
 76.50  -8.013
 76.81  -8.007
 77.11  -8.001
 77.42  -7.995
 77.72  -7.990
 78.03  -7.984
 78.33  -7.979
 78.64  -7.974
 78.94  -7.968
 79.25  -7.963
 79.55  -7.957
 79.86  -7.952
 80.16  -7.947
 80.47  -7.942
 80.77  -7.937
 81.08  -7.932
 81.38  -7.927
 81.69  -7.922
 81.99  -7.917
 82.30  -7.911
 82.60  -7.905
 82.91  -7.899
 83.21  -7.892
 83.52  -7.886
 83.82  -7.879
 84.12  -7.872
 84.43  -7.865
 84.73  -7.857
 85.04  -7.850
 85.34  -7.843
 85.65  -7.835
 85.95  -7.827
 86.26  -7.819
 86.56  -7.811
 86.87  -7.802
 87.17  -7.793
 87.48  -7.784
 87.78  -7.774
 88.09  -7.765
 88.39  -7.755
 88.70  -7.744
 89.00  -7.734
 89.31  -7.722
 89.61  -7.711
 89.92  -7.698
 90.22  -7.684
 90.53  -7.670
 90.83  -7.656
 91.14  -7.642
 92.05  -7.601
 92.35  -7.589
 92.66  -7.576
 92.96  -7.565
 93.27  -7.554
 93.57  -7.543
 93.88  -7.532
 94.18  -7.522
 94.49  -7.513
 94.79  -7.505
 95.10  -7.497
 95.40  -7.490
 95.71  -7.483
 96.01  -7.477
 96.32  -7.471
 96.62  -7.465
 96.93  -7.459
 97.23  -7.452
 97.54  -7.445
 97.84  -7.438
 98.15  -7.430
 98.45  -7.423
 98.76  -7.416
 99.06  -7.408
 99.36  -7.401
 99.67  -7.393
 99.97  -7.386
100.28  -7.378
100.58  -7.370
100.89  -7.363
101.19  -7.355
101.50  -7.347
101.80  -7.340
102.11  -7.333
102.41  -7.326
102.72  -7.319
103.02  -7.313
103.33  -7.306
103.63  -7.300
103.94  -7.293
104.24  -7.287
104.55  -7.281
104.85  -7.274
105.16  -7.268
105.46  -7.262
105.77  -7.256
106.07  -7.250
106.38  -7.244
106.68  -7.237
106.98  -7.231
107.29  -7.225
107.59  -7.218
107.90  -7.212
108.20  -7.205
108.51  -7.199
108.81  -7.192
109.12  -7.186
109.42  -7.179
109.73  -7.172
110.03  -7.166
110.34  -7.159
110.64  -7.152
110.95  -7.145
111.25  -7.138
111.56  -7.131
111.86  -7.125
112.17  -7.118
112.47  -7.111
112.78  -7.104
113.08  -7.097
113.39  -7.090
113.69  -7.083
114.00  -7.076
114.30  -7.069
114.60  -7.061
114.91  -7.054
115.21  -7.047
115.52  -7.040
115.82  -7.033
116.13  -7.025
116.43  -7.018
116.74  -7.011
117.04  -7.003
117.35  -6.996
117.65  -6.989
117.96  -6.981
118.26  -6.974
118.57  -6.967
118.87  -6.959
119.18  -6.952
119.48  -6.945
119.79  -6.937
120.09  -6.930
120.40  -6.923
120.70  -6.915
121.01  -6.908
121.31  -6.900
121.62  -6.893
121.92  -6.885
122.22  -6.878
122.53  -6.870
122.83  -6.863
123.14  -6.855
123.44  -6.848
123.75  -6.840
124.05  -6.832
124.36  -6.825
124.66  -6.817
124.97  -6.810
125.27  -6.802
125.58  -6.794
125.88  -6.787
126.19  -6.779
126.49  -6.771
126.80  -6.763
127.10  -6.755
127.41  -6.747
127.71  -6.738
128.02  -6.730
128.32  -6.721
128.63  -6.713
128.93  -6.704
129.24  -6.696
129.54  -6.687
129.84  -6.678
130.15  -6.669
130.45  -6.660
130.76  -6.651
131.06  -6.642
131.37  -6.633
131.67  -6.623
131.98  -6.614
132.28  -6.604
132.59  -6.594
132.89  -6.585
133.20  -6.575
133.50  -6.565
133.81  -6.554
134.11  -6.544
134.42  -6.533
134.72  -6.523
135.03  -6.512
135.33  -6.501
135.64  -6.491
135.94  -6.480
136.25  -6.469
136.55  -6.459
136.86  -6.448
137.16  -6.437
137.46  -6.427
137.77  -6.416
138.07  -6.406
138.38  -6.395
138.68  -6.385
138.99  -6.374
139.29  -6.364
139.60  -6.353
139.90  -6.343
140.21  -6.333
140.51  -6.323
140.82  -6.312
141.12  -6.302
141.43  -6.292
141.73  -6.281
142.04  -6.271
142.34  -6.261
142.65  -6.251
142.95  -6.241
143.26  -6.231
143.56  -6.221
143.87  -6.211
144.17  -6.201
144.48  -6.191
144.78  -6.182
145.08  -6.172
145.39  -6.162
145.69  -6.153
146.00  -6.144
146.30  -6.134
146.61  -6.125
146.91  -6.116
147.22  -6.107
147.52  -6.098
147.83  -6.090
148.13  -6.081
148.44  -6.072
148.74  -6.063
149.05  -6.054
149.35  -6.046
149.66  -6.037
149.96  -6.029
150.27  -6.021
150.57  -6.013
150.88  -6.005
151.18  -5.997
151.49  -5.989
151.79  -5.982
152.10  -5.975
152.40  -5.967
153.01  -5.954
153.31  -5.948
153.62  -5.942
153.92  -5.936
154.23  -5.931
154.53  -5.925
154.84  -5.919
155.14  -5.914
155.45  -5.907
155.75  -5.901
156.06  -5.894
156.36  -5.887
156.67  -5.880
156.97  -5.873
157.28  -5.865
157.58  -5.857
157.89  -5.848
158.19  -5.839
158.50  -5.830
158.80  -5.820
159.11  -5.810
159.41  -5.800
159.72  -5.790
160.02  -5.779
160.32  -5.769
160.63  -5.759
160.93  -5.748
161.24  -5.738
161.54  -5.728
161.85  -5.718
162.15  -5.708
162.46  -5.698
162.76  -5.688
163.07  -5.678
163.37  -5.668
163.68  -5.658
163.98  -5.648
164.29  -5.638
164.59  -5.628
164.90  -5.617
165.20  -5.607
165.51  -5.596
165.81  -5.585
166.12  -5.574
166.42  -5.563
166.73  -5.552
167.03  -5.541
167.34  -5.529
167.64  -5.518
167.94  -5.506
168.25  -5.494
168.55  -5.482
168.86  -5.470
169.16  -5.458
169.47  -5.446
169.77  -5.434
170.08  -5.423
170.38  -5.411
170.69  -5.399
170.99  -5.388
171.30  -5.377
171.60  -5.366
171.91  -5.355
172.21  -5.344
172.52  -5.334
172.82  -5.324
173.13  -5.314
173.43  -5.304
173.74  -5.294
174.04  -5.284
174.35  -5.275
174.65  -5.265
174.96  -5.256
175.26  -5.246
175.56  -5.237
175.87  -5.228
176.17  -5.218
176.48  -5.209
176.78  -5.200
177.09  -5.190
177.39  -5.181
177.70  -5.172
178.00  -5.163
178.31  -5.154
178.61  -5.145
178.92  -5.136
179.22  -5.127
179.53  -5.118
179.83  -5.110
180.14  -5.102
180.44  -5.093
180.75  -5.085
181.05  -5.078
181.36  -5.070
181.66  -5.062
181.97  -5.055
182.27  -5.048
182.58  -5.041
182.88  -5.033
183.49  -5.020
183.79  -5.013
184.10  -5.006
184.40  -5.000
184.71  -4.993
185.01  -4.986
185.32  -4.980
185.62  -4.973
185.93  -4.967
186.23  -4.960
186.54  -4.954
186.84  -4.948
187.15  -4.941
187.45  -4.935
187.76  -4.929
188.06  -4.923
188.37  -4.917
188.67  -4.911
188.98  -4.905
189.28  -4.899
189.59  -4.893
189.89  -4.886
190.20  -4.879
190.50  -4.872
190.80  -4.865
191.11  -4.857
191.41  -4.850
191.72  -4.842
192.02  -4.834
192.33  -4.825
192.63  -4.816
192.94  -4.807
193.24  -4.798
193.55  -4.788
193.85  -4.779
194.16  -4.769
194.46  -4.759
194.77  -4.750
195.07  -4.740
195.38  -4.730
195.68  -4.721
195.99  -4.711
196.29  -4.701
196.60  -4.691
196.90  -4.681
197.21  -4.671
197.51  -4.661
197.82  -4.651
198.12  -4.641
198.42  -4.630
198.73  -4.620
199.03  -4.610
199.34  -4.600
199.64  -4.589
199.95  -4.579
200.25  -4.569
200.56  -4.558
200.86  -4.548
201.17  -4.538
201.47  -4.528
201.78  -4.517
202.08  -4.507
202.39  -4.497
202.69  -4.487
203.00  -4.478
203.30  -4.468
203.61  -4.458
203.91  -4.448
204.22  -4.438
204.52  -4.428
204.83  -4.419
205.13  -4.409
205.44  -4.399
205.74  -4.389
206.04  -4.379
206.35  -4.369
206.65  -4.359
206.96  -4.349
207.26  -4.340
207.57  -4.330
207.87  -4.320
208.18  -4.310
208.48  -4.300
208.79  -4.290
209.09  -4.281
209.40  -4.271
209.70  -4.261
210.01  -4.252
210.31  -4.242
210.62  -4.232
210.92  -4.223
211.23  -4.213
211.53  -4.204
211.84  -4.195
212.14  -4.185
212.45  -4.176
212.75  -4.167
213.06  -4.158
213.36  -4.149
213.66  -4.139
213.97  -4.130
214.27  -4.121
214.58  -4.111
214.88  -4.102
215.19  -4.092
215.49  -4.082
215.80  -4.073
216.10  -4.063
216.41  -4.053
216.71  -4.043
217.02  -4.033
217.32  -4.022
217.63  -4.012
217.93  -4.002
218.24  -3.991
218.54  -3.981
218.85  -3.970
219.15  -3.960
219.46  -3.950
219.76  -3.939
220.07  -3.929
220.37  -3.919
220.68  -3.909
220.98  -3.899
221.28  -3.889
221.59  -3.879
221.89  -3.869
222.20  -3.859
222.50  -3.849
222.81  -3.839
223.11  -3.829
223.42  -3.819
223.72  -3.809
224.03  -3.799
224.33  -3.789
224.64  -3.778
224.94  -3.768
225.25  -3.757
225.55  -3.747
225.86  -3.736
226.16  -3.725
226.47  -3.713
226.77  -3.702
227.08  -3.690
227.38  -3.678
227.69  -3.667
227.99  -3.655
228.30  -3.643
228.60  -3.632
228.90  -3.621
229.21  -3.610
229.51  -3.599
229.82  -3.588
230.12  -3.577
230.43  -3.567
230.73  -3.557
231.04  -3.547
231.34  -3.537
231.65  -3.528
231.95  -3.519
232.26  -3.510
232.56  -3.501
232.87  -3.492
233.17  -3.483
233.48  -3.473
233.78  -3.463
234.09  -3.453
234.39  -3.442
234.70  -3.432
235.00  -3.421
235.31  -3.410
235.61  -3.399
235.92  -3.387
236.22  -3.376
236.52  -3.364
236.83  -3.353
237.13  -3.341
237.44  -3.329
237.74  -3.316
238.05  -3.304
238.35  -3.291
238.66  -3.279
238.96  -3.266
239.27  -3.254
239.57  -3.241
239.88  -3.228
240.18  -3.215
240.49  -3.202
240.79  -3.188
241.10  -3.172
241.40  -3.156
241.71  -3.140
242.01  -3.124
242.32  -3.108
242.62  -3.093
242.93  -3.077
243.23  -3.063
243.54  -3.049
243.84  -3.036
244.75  -3.002
245.06  -2.992
245.36  -2.983
245.67  -2.975
245.97  -2.970
246.28  -2.966
246.58  -2.962
246.89  -2.959
247.19  -2.956
247.50  -2.954
247.80  -2.951
248.11  -2.947
248.41  -2.942
248.72  -2.936
249.02  -2.929
249.33  -2.922
249.63  -2.915
249.94  -2.906
250.24  -2.898
250.55  -2.888
250.85  -2.877
251.16  -2.865
251.46  -2.852
251.76  -2.839
252.07  -2.826
252.37  -2.812
252.68  -2.798
252.98  -2.784
253.29  -2.771
253.59  -2.759
253.90  -2.746
254.20  -2.734
254.51  -2.722
254.81  -2.709
255.12  -2.696
255.42  -2.684
255.73  -2.671
256.03  -2.658
256.34  -2.645
256.64  -2.632
256.95  -2.619
257.25  -2.606
257.56  -2.593
257.86  -2.580
258.17  -2.566
258.47  -2.553
258.78  -2.540
259.08  -2.526
259.38  -2.513
259.69  -2.500
259.99  -2.486
260.30  -2.473
260.60  -2.460
260.91  -2.448
261.21  -2.435
261.52  -2.423
261.82  -2.410
262.13  -2.398
262.43  -2.385
262.74  -2.373
263.04  -2.361
263.35  -2.348
263.65  -2.336
263.96  -2.324
264.26  -2.312
264.57  -2.299
264.87  -2.287
265.18  -2.276
265.48  -2.264
265.79  -2.252
266.09  -2.241
266.40  -2.229
266.70  -2.218
267.00  -2.206
267.31  -2.195
267.61  -2.183
267.92  -2.171
268.22  -2.159
268.53  -2.147
268.83  -2.135
269.14  -2.123
269.44  -2.110
269.75  -2.097
270.05  -2.084
270.36  -2.072
270.66  -2.059
270.97  -2.046
271.27  -2.032
271.58  -2.020
271.88  -2.007
272.19  -1.993
272.49  -1.979
272.80  -1.964
273.10  -1.948
273.41  -1.932
273.71  -1.917
274.02  -1.901
274.62  -1.873
274.93  -1.861
275.23  -1.852
275.54  -1.845
275.84  -1.839
276.15  -1.834
276.45  -1.829
276.76  -1.823
277.06  -1.818
277.37  -1.812
277.67  -1.804
277.98  -1.794
278.28  -1.784
278.59  -1.774
278.89  -1.763
279.20  -1.752
279.50  -1.740
279.81  -1.729
280.11  -1.717
280.42  -1.705
280.72  -1.693
281.03  -1.680
281.33  -1.668
281.64  -1.655
281.94  -1.642
282.24  -1.629
282.55  -1.616
282.85  -1.604
283.16  -1.592
283.46  -1.580
283.77  -1.567
284.07  -1.555
284.38  -1.543
284.68  -1.531
284.99  -1.518
285.29  -1.506
285.60  -1.494
285.90  -1.482
286.21  -1.469
286.51  -1.457
286.82  -1.445
287.12  -1.432
287.43  -1.420
287.73  -1.408
288.04  -1.395
288.34  -1.383
288.65  -1.371
288.95  -1.358
289.26  -1.346
289.56  -1.333
289.86  -1.321
290.17  -1.309
290.47  -1.297
290.78  -1.284
291.08  -1.272
291.39  -1.260
291.69  -1.248
292.00  -1.236
292.30  -1.224
292.61  -1.212
292.91  -1.199
293.22  -1.187
293.52  -1.175
293.83  -1.163
294.13  -1.151
294.44  -1.139
294.74  -1.127
295.05  -1.116
295.35  -1.104
295.66  -1.093
295.96  -1.081
296.27  -1.069
296.57  -1.057
296.88  -1.044
297.18  -1.031
297.48  -1.018
297.79  -1.004
298.09  -0.990
298.40  -0.976
298.70  -0.961
299.01  -0.947
299.31  -0.932
299.62  -0.917
299.92  -0.902
300.23  -0.886
300.53  -0.871
300.84  -0.855
301.14  -0.839
301.45  -0.822
301.75  -0.806
302.06  -0.790
302.36  -0.773
302.67  -0.757
302.97  -0.740
303.28  -0.723
303.58  -0.706
303.89  -0.689
304.19  -0.670
304.50  -0.650
306.02  -0.544
306.32  -0.525
306.63  -0.508
306.93  -0.494
307.24  -0.482
307.54  -0.471
307.85  -0.462
308.15  -0.453
308.46  -0.444
308.76  -0.436
309.07  -0.427
309.37  -0.417
309.68  -0.406
309.98  -0.396
310.29  -0.385
310.59  -0.374
310.90  -0.364
311.20  -0.354
311.51  -0.345
311.81  -0.337
312.12  -0.329
312.42  -0.322
312.72  -0.315
313.03  -0.309
313.33  -0.301
313.64  -0.294
313.94  -0.286
314.25  -0.276
314.55  -0.266
314.86  -0.256
315.16  -0.245
315.47  -0.234
315.77  -0.223
316.08  -0.212
316.38  -0.202
316.69  -0.192
316.99  -0.182
317.30  -0.173
317.60  -0.164
317.91  -0.154
318.21  -0.145
318.52  -0.136
318.82  -0.126
319.13  -0.117
319.43  -0.107
319.74  -0.097
320.04  -0.087
320.34  -0.077
320.65  -0.068
320.95  -0.058
321.26  -0.048
321.56  -0.038
321.87  -0.028
322.17  -0.017
322.48  -0.007
322.78   0.003
323.09   0.014
323.39   0.024
323.70   0.035
324.00   0.046
324.31   0.057
324.61   0.068
324.92   0.079
325.22   0.090
325.53   0.101
325.83   0.112
326.14   0.122
326.44   0.133
326.75   0.143
327.05   0.154
327.36   0.164
327.66   0.174
327.96   0.183
328.27   0.193
328.57   0.203
328.88   0.212
329.18   0.221
329.49   0.229
329.79   0.238
330.10   0.247
330.40   0.255
330.71   0.263
331.01   0.272
331.32   0.281
331.62   0.289
331.93   0.298
332.23   0.307
332.54   0.316
332.84   0.324
333.15   0.333
333.45   0.342
333.76   0.351
334.06   0.360
334.37   0.368
334.67   0.377
334.98   0.386
335.28   0.395
335.58   0.404
335.89   0.413
336.19   0.422
336.50   0.431
336.80   0.440
337.11   0.449
337.41   0.458
337.72   0.468
338.02   0.477
338.33   0.487
338.63   0.497
338.94   0.507
339.24   0.517
339.55   0.527
339.85   0.537
340.16   0.547
340.46   0.558
340.77   0.568
341.07   0.578
341.38   0.589
341.68   0.599
341.99   0.610
342.29   0.620
342.60   0.630
342.90   0.641
343.20   0.651
343.51   0.662
343.81   0.672
344.12   0.683
344.42   0.693
344.73   0.703
345.03   0.714
345.34   0.724
345.64   0.735
345.95   0.745
346.25   0.756
346.56   0.767
346.86   0.777
347.17   0.788
347.47   0.799
347.78   0.810
348.08   0.821
348.39   0.832
348.69   0.843
349.00   0.854
349.30   0.865
349.61   0.876
349.91   0.887
350.22   0.898
350.52   0.908
350.82   0.919
351.13   0.929
351.43   0.939
351.74   0.949
352.04   0.959
352.35   0.969
352.65   0.978
352.96   0.987
353.26   0.996
353.57   1.005
353.87   1.014
354.18   1.022
354.48   1.030
354.79   1.039
355.09   1.047
355.40   1.055
355.70   1.063
356.01   1.072
356.31   1.080
356.62   1.089
356.92   1.097
357.23   1.105
357.53   1.114
357.84   1.122
358.14   1.130
358.44   1.138
358.75   1.146
359.05   1.154
359.36   1.163
359.66   1.171
359.97   1.179
360.27   1.188
360.58   1.196
360.88   1.204
361.19   1.213
361.49   1.222
361.80   1.231
362.10   1.239
362.41   1.249
362.71   1.258
363.02   1.268
363.32   1.278
363.63   1.288
363.93   1.298
364.24   1.308
364.54   1.319
364.85   1.329
365.15   1.339
365.46   1.349
365.76   1.359
366.67   1.388
366.98   1.397
367.28   1.406
367.59   1.415
367.89   1.424
368.20   1.433
368.50   1.441
368.81   1.450
369.11   1.458
369.42   1.467
369.72   1.475
370.03   1.484
370.33   1.493
370.64   1.502
370.94   1.511
371.25   1.520
371.55   1.530
371.86   1.539
372.16   1.548
372.47   1.558
372.77   1.568
373.08   1.578
373.38   1.587
373.68   1.597
373.99   1.607
374.29   1.618
374.60   1.628
374.90   1.638
375.21   1.648
375.51   1.659
375.82   1.669
376.12   1.680
376.43   1.690
376.73   1.701
377.04   1.712
377.34   1.723
377.65   1.734
377.95   1.745
378.26   1.757
378.56   1.768
378.87   1.779
379.17   1.791
379.48   1.803
379.78   1.814
380.09   1.826
380.39   1.838
380.70   1.849
381.00   1.861
381.30   1.873
381.61   1.885
381.91   1.897
382.22   1.909
382.52   1.921
382.83   1.933
383.13   1.945
383.44   1.957
383.74   1.969
384.05   1.981
384.35   1.993
384.66   2.005
384.96   2.017
385.27   2.029
385.57   2.041
385.88   2.054
386.18   2.066
386.49   2.078
386.79   2.090
387.10   2.102
387.40   2.114
387.71   2.126
388.01   2.138
388.32   2.150
388.62   2.161
388.92   2.173
389.23   2.185
389.53   2.197
389.84   2.209
390.14   2.221
390.45   2.233
390.75   2.245
391.06   2.257
391.36   2.269
391.67   2.281
391.97   2.293
392.28   2.305
392.58   2.318
392.89   2.330
393.19   2.342
393.50   2.354
393.80   2.367
394.11   2.379
394.41   2.391
394.72   2.403
395.02   2.415
395.33   2.427
395.63   2.439
395.94   2.451
396.24   2.463
396.54   2.475
396.85   2.486
397.15   2.498
397.46   2.510
397.76   2.521
398.07   2.533
398.37   2.544
398.68   2.556
398.98   2.567
399.29   2.579
399.59   2.590
399.90   2.602
400.20   2.614
400.51   2.625
400.81   2.637
401.12   2.648
401.42   2.659
401.73   2.671
402.03   2.682
402.34   2.694
402.64   2.705
402.95   2.716
403.25   2.728
403.56   2.739
403.86   2.751
404.16   2.762
404.47   2.773
404.77   2.785
405.08   2.796
405.38   2.808
405.69   2.819
405.99   2.831
406.30   2.842
406.60   2.854
406.91   2.865
407.21   2.877
407.52   2.889
407.82   2.900
408.13   2.912
408.43   2.924
408.74   2.935
409.04   2.947
409.35   2.959
409.65   2.970
409.96   2.982
410.26   2.994
410.57   3.005
410.87   3.017
411.18   3.029
411.48   3.041
411.78   3.053
412.09   3.065
412.39   3.076
412.70   3.088
413.00   3.100
413.31   3.112
413.61   3.124
413.92   3.136
414.22   3.147
414.53   3.159
414.83   3.171
415.14   3.182
415.44   3.194
415.75   3.205
416.05   3.217
416.36   3.228
416.66   3.240
416.97   3.251
417.27   3.262
417.58   3.274
417.88   3.285
418.19   3.296
418.49   3.307
418.80   3.318
419.10   3.329
419.40   3.340
419.71   3.351
420.01   3.361
420.32   3.372
420.62   3.383
420.93   3.393
421.23   3.404
421.54   3.414
421.84   3.424
422.15   3.434
422.45   3.444
422.76   3.454
423.06   3.464
423.37   3.474
423.67   3.485
423.98   3.495
424.28   3.505
424.59   3.515
424.89   3.526
425.20   3.536
425.50   3.547
425.81   3.558
426.11   3.568
426.42   3.579
426.72   3.590
427.02   3.601
427.33   3.612
427.63   3.623
427.94   3.634
428.24   3.645
428.55   3.657
428.85   3.668
429.16   3.679
429.46   3.691
429.77   3.702
430.07   3.714
430.38   3.725
430.68   3.737
430.99   3.749
431.29   3.761
431.60   3.773
431.90   3.785
432.21   3.797
432.51   3.809
432.82   3.821
433.12   3.833
433.43   3.846
433.73   3.858
434.04   3.870
434.34   3.882
434.64   3.895
434.95   3.907
435.25   3.919
435.56   3.932
435.86   3.945
436.17   3.957
436.47   3.970
436.78   3.983
437.08   3.996
437.39   4.009
437.69   4.022
438.00   4.035
438.30   4.047
438.61   4.059
438.91   4.071
439.22   4.083
439.52   4.095
439.83   4.107
440.13   4.118
440.44   4.129
440.74   4.140
441.05   4.150
441.35   4.160
441.66   4.170
441.96   4.179
442.26   4.189
442.57   4.198
442.87   4.208
443.18   4.218
443.48   4.227
443.79   4.238
444.09   4.248
444.40   4.258
444.70   4.269
445.01   4.279
445.31   4.290
445.62   4.300
445.92   4.311
446.23   4.322
446.53   4.333
446.84   4.344
447.14   4.355
447.75   4.378
448.06   4.390
448.36   4.401
448.67   4.413
448.97   4.425
449.28   4.436
449.58   4.448
449.88   4.460
450.19   4.473
450.49   4.485
450.80   4.498
451.10   4.510
451.41   4.523
451.71   4.537
452.02   4.550
452.32   4.563
452.63   4.576
452.93   4.590
453.24   4.603
453.54   4.617
453.85   4.630
454.15   4.644
454.46   4.657
454.76   4.671
455.07   4.684
455.37   4.698
455.68   4.711
455.98   4.725
456.29   4.738
456.59   4.752
456.90   4.766
457.20   4.779
457.50   4.793
457.81   4.806
458.11   4.820
458.42   4.834
458.72   4.848
459.03   4.862
459.33   4.876
459.64   4.890
459.94   4.904
460.25   4.918
460.55   4.932
460.86   4.946
461.16   4.960
461.47   4.974
461.77   4.988
462.08   5.002
462.38   5.016
462.69   5.030
462.99   5.044
463.30   5.058
463.60   5.071
463.91   5.085
464.21   5.099
464.52   5.113
464.82   5.127
465.12   5.140
465.43   5.154
465.73   5.168
466.04   5.182
466.34   5.195
466.65   5.209
466.95   5.222
467.26   5.236
467.56   5.249
467.87   5.263
468.17   5.276
468.48   5.289
468.78   5.302
469.09   5.315
469.39   5.328
469.70   5.341
470.00   5.354
470.31   5.367
470.61   5.380
470.92   5.392
471.22   5.405
471.53   5.417
471.83   5.430
472.14   5.442
472.44   5.454
472.74   5.467
473.05   5.479
473.35   5.491
473.66   5.503
473.96   5.515
474.27   5.528
474.57   5.540
474.88   5.552
475.18   5.564
475.49   5.576
475.79   5.588
476.10   5.600
476.40   5.611
476.71   5.623
477.01   5.635
477.32   5.647
477.62   5.659
477.93   5.671
478.23   5.683
478.54   5.695
478.84   5.707
479.15   5.719
479.45   5.731
479.76   5.743
480.06   5.755
480.36   5.767
480.67   5.780
480.97   5.792
481.28   5.804
481.58   5.816
481.89   5.828
482.19   5.841
482.50   5.853
482.80   5.866
483.11   5.879
483.41   5.891
483.72   5.904
484.02   5.917
484.33   5.930
484.63   5.944
484.94   5.958
485.24   5.971
485.55   5.986
485.85   6.000
486.16   6.014
486.46   6.028
486.77   6.042
487.07   6.056
487.38   6.070
487.98   6.098
488.29   6.112
488.59   6.126
488.90   6.140
489.20   6.153
489.51   6.167
489.81   6.180
490.12   6.193
490.42   6.205
490.73   6.218
491.03   6.231
491.34   6.244
491.64   6.256
491.95   6.270
492.25   6.283
492.56   6.296
492.86   6.310
493.17   6.324
493.47   6.338
493.78   6.352
494.08   6.367
494.39   6.382
494.69   6.397
495.00   6.413
495.30   6.429
495.60   6.445
495.91   6.461
496.21   6.477
496.52   6.493
496.82   6.508
497.13   6.523
497.43   6.538
497.74   6.552
498.04   6.565
498.35   6.579
498.65   6.592
498.96   6.605
499.26   6.617
499.57   6.629
499.87   6.640
500.18   6.651
500.48   6.662
500.79   6.672
501.09   6.682
501.40   6.693
501.70   6.703
502.01   6.714
502.31   6.725
502.62   6.736
502.92   6.747
503.22   6.758
503.53   6.770
503.83   6.781
504.14   6.792
504.44   6.804
504.75   6.816
505.05   6.828
505.36   6.839
505.66   6.851
505.97   6.863
506.27   6.875
506.58   6.887
506.88   6.899
507.19   6.910
507.49   6.922
507.80   6.933
508.10   6.945
508.41   6.956
508.71   6.967
509.02   6.979
509.32   6.990
509.63   7.002
509.93   7.014
510.24   7.025
510.54   7.037
510.84   7.049
511.15   7.060
511.45   7.072
511.76   7.084
512.06   7.095
512.37   7.107
512.67   7.119
512.98   7.131
513.28   7.142
513.59   7.154
513.89   7.166
514.20   7.177
514.50   7.189
514.81   7.200
515.11   7.212
515.42   7.224
515.72   7.235
516.03   7.247
516.33   7.258
516.64   7.270
516.94   7.282
517.25   7.293
517.55   7.305
517.86   7.317
518.16   7.328
518.46   7.340
518.77   7.352
519.07   7.363
519.38   7.375
519.68   7.387
519.99   7.398
520.29   7.410
520.60   7.422
520.90   7.434
521.21   7.445
521.51   7.457
521.82   7.469
522.12   7.480
522.43   7.492
522.73   7.504
523.04   7.515
523.34   7.527
523.65   7.539
523.95   7.551
524.26   7.562
524.56   7.574
524.87   7.586
525.17   7.597
525.48   7.609
525.78   7.621
526.08   7.633
526.39   7.644
526.69   7.656
527.00   7.668
527.30   7.679
527.61   7.691
527.91   7.703
528.22   7.715
528.52   7.726
528.83   7.738
529.13   7.750
529.44   7.762
529.74   7.773
530.05   7.785
530.35   7.797
530.66   7.809
530.96   7.820
531.27   7.832
531.57   7.844
531.88   7.856
532.18   7.867
532.49   7.879
532.79   7.891
533.10   7.903
533.40   7.915
533.70   7.926
534.01   7.938
534.31   7.950
534.62   7.961
534.92   7.973
535.23   7.985
535.53   7.997
535.84   8.008
536.14   8.020
536.45   8.032
536.75   8.044
537.06   8.056
537.36   8.067
537.67   8.079
537.97   8.091
538.28   8.103
538.58   8.115
538.89   8.127
539.19   8.139
539.50   8.150
539.80   8.162
540.11   8.174
540.41   8.186
540.72   8.198
541.02   8.210
541.32   8.222
541.63   8.234
541.93   8.245
542.24   8.257
542.54   8.269
542.85   8.281
543.15   8.292
543.46   8.304
543.76   8.316
544.07   8.328
544.37   8.339
544.68   8.351
544.98   8.363
545.29   8.375
545.59   8.386
545.90   8.398
546.20   8.410
546.51   8.422
546.81   8.434
547.12   8.446
547.73   8.469
548.03   8.481
548.34   8.493
548.94   8.516
549.25   8.527
549.55   8.539
549.86   8.551
550.16   8.563
550.47   8.575
551.08   8.599
551.38   8.611
551.69   8.624
551.99   8.637
552.30   8.649
552.60   8.662
552.91   8.675
553.21   8.689
553.52   8.703
553.82   8.717
554.13   8.731
554.43   8.744
554.74   8.758
555.04   8.772
555.35   8.786
555.96   8.813
556.26   8.827
556.56   8.840
556.87   8.853
557.17   8.866
557.48   8.879
557.78   8.892
558.09   8.905
558.39   8.917
558.70   8.930
559.00   8.942
559.31   8.954
559.61   8.966
559.92   8.978
560.22   8.991
560.53   9.003
560.83   9.015
561.14   9.027
561.75   9.051
562.05   9.063
562.36   9.075
562.66   9.087
562.97   9.098
563.27   9.110
563.58   9.121
563.88   9.133
564.18   9.144
564.49   9.156
564.79   9.167
565.10   9.178
565.40   9.190
565.71   9.201
566.01   9.212
566.32   9.224
566.62   9.235
566.93   9.246
567.23   9.257
567.54   9.269
567.84   9.280
568.15   9.292
568.45   9.303
568.76   9.314
569.06   9.326
569.37   9.337
569.67   9.349
569.98   9.360
570.28   9.371
570.59   9.383
570.89   9.394
571.20   9.405
571.50   9.416
571.80   9.428
572.11   9.439
572.41   9.450
572.72   9.461
573.02   9.473
573.33   9.484
573.63   9.495
573.94   9.506
574.24   9.518
574.55   9.529
574.85   9.540
575.16   9.551
575.46   9.563
575.77   9.574
576.07   9.585
576.38   9.597
576.68   9.608
576.99   9.619
577.29   9.630
577.60   9.642
577.90   9.653
578.21   9.664
578.51   9.676
578.82   9.687
579.12   9.698
579.42   9.710
579.73   9.721
580.03   9.733
580.34   9.744
580.64   9.756
580.95   9.767
581.25   9.778
581.56   9.790
581.86   9.801
582.17   9.813
582.47   9.825
582.78   9.836
583.08   9.848
583.39   9.859
583.69   9.871
584.00   9.883
584.30   9.894
584.61   9.906
584.91   9.918
585.22   9.929
585.52   9.941
585.83   9.953
586.13   9.965
586.44   9.977
586.74   9.988
587.04  10.000
587.35  10.012
587.65  10.024
587.96  10.036
588.26  10.048
588.57  10.060
588.87  10.072
589.18  10.085
589.48  10.097
589.79  10.109
590.09  10.121
590.40  10.133
590.70  10.146
591.01  10.158
591.31  10.170
591.62  10.183
591.92  10.195
592.23  10.208
592.53  10.220
592.84  10.233
593.14  10.246
593.45  10.258
593.75  10.271
594.06  10.284
594.36  10.297
594.66  10.309
594.97  10.322
595.27  10.335
595.58  10.348
595.88  10.361
596.19  10.374
596.49  10.388
596.80  10.401
597.10  10.414
597.41  10.427
597.71  10.440
598.02  10.453
598.32  10.466
598.63  10.480
598.93  10.493
599.24  10.507
599.54  10.520
599.85  10.534
600.15  10.547
600.46  10.561
600.76  10.575
601.07  10.589
601.37  10.603
601.68  10.618
601.98  10.632
602.28  10.647
602.59  10.662
602.89  10.676
603.20  10.691
603.50  10.706
603.81  10.721
604.11  10.736
604.42  10.750
604.72  10.765
605.03  10.780
605.33  10.794
605.64  10.808
605.94  10.823
606.25  10.837
606.55  10.851
606.86  10.865
607.16  10.879
607.47  10.893
607.77  10.907
608.08  10.920
608.38  10.934
608.69  10.948
608.99  10.962
609.30  10.976
609.60  10.990
610.21  11.018
610.51  11.032
610.82  11.047
611.12  11.061
611.43  11.076
611.73  11.090
612.04  11.105
612.34  11.120
612.65  11.134
612.95  11.149
613.26  11.164
613.56  11.179
613.87  11.193
614.17  11.208
614.48  11.223
614.78  11.238
615.09  11.252
615.39  11.267
615.70  11.282
616.00  11.297
616.31  11.311
616.61  11.326
616.92  11.341
617.22  11.356
617.52  11.371
617.83  11.386
618.13  11.401
618.44  11.416
618.74  11.430
619.05  11.445
619.35  11.460
619.66  11.475
619.96  11.490
620.27  11.504
620.57  11.519
620.88  11.534
621.18  11.548
621.49  11.563
621.79  11.577
622.10  11.592
622.40  11.606
622.71  11.620
623.01  11.635
623.32  11.649
623.62  11.663
623.93  11.678
624.23  11.692
624.54  11.707
624.84  11.721
625.14  11.736
625.45  11.750
625.75  11.765
626.06  11.779
626.36  11.794
626.67  11.808
626.97  11.823
627.28  11.837
627.58  11.852
627.89  11.867
628.19  11.881
628.50  11.896
628.80  11.910
629.11  11.925
629.41  11.939
629.72  11.953
630.02  11.968
630.33  11.982
630.63  11.997
630.94  12.011
631.24  12.025
631.55  12.039
631.85  12.053
632.16  12.067
632.46  12.081
632.76  12.095
633.07  12.109
633.37  12.123
633.68  12.137
633.98  12.152
634.29  12.166
634.59  12.180
634.90  12.194
635.20  12.209
635.51  12.223
635.81  12.238
636.12  12.253
636.42  12.268
636.73  12.283
637.03  12.298
637.34  12.313
637.64  12.329
637.95  12.344
638.25  12.358
638.56  12.373
638.86  12.388
639.17  12.402
639.47  12.416
639.78  12.431
640.08  12.445
640.38  12.459
640.69  12.472
640.99  12.485
641.30  12.498
641.60  12.511
641.91  12.523
642.21  12.536
642.52  12.549
642.82  12.562
643.13  12.574
643.43  12.588
643.74  12.601
644.04  12.615
644.35  12.629
644.65  12.643
644.96  12.657
645.26  12.672
645.57  12.686
645.87  12.702
646.18  12.717
646.48  12.733
646.79  12.749
647.09  12.765
647.40  12.781
647.70  12.797
648.00  12.812
648.31  12.828
648.92  12.858
649.22  12.872
649.53  12.887
649.83  12.902
650.14  12.916
650.44  12.930
650.75  12.944
651.05  12.958
651.36  12.972
651.66  12.986
651.97  12.999
652.27  13.012
652.58  13.026
652.88  13.039
653.19  13.052
653.49  13.066
653.80  13.079
654.10  13.093
654.41  13.106
654.71  13.119
655.02  13.132
655.32  13.145
655.62  13.158
655.93  13.171
656.23  13.183
656.54  13.196
656.84  13.208
657.15  13.221
657.45  13.233
657.76  13.246
658.06  13.258
658.37  13.270
658.67  13.283
658.98  13.295
659.28  13.308
659.59  13.320
659.89  13.333
660.20  13.345
660.50  13.358
660.81  13.372
661.11  13.385
661.42  13.398
661.72  13.411
662.03  13.424
662.33  13.437
662.64  13.450
662.94  13.463
663.24  13.475
663.55  13.488
663.85  13.500
664.16  13.512
664.46  13.524
664.77  13.536
665.07  13.547
665.38  13.558
665.68  13.569
665.99  13.580
666.29  13.591
666.60  13.602
666.90  13.612
667.21  13.623
667.51  13.634
667.82  13.646
668.12  13.657
668.43  13.669
668.73  13.681
669.04  13.693
669.34  13.705
669.65  13.718
669.95  13.730
670.26  13.743
670.56  13.757
670.86  13.770
671.17  13.784
671.47  13.797
671.78  13.811
672.08  13.825
672.39  13.839
672.69  13.853
673.00  13.866
673.30  13.880
673.91  13.907
674.22  13.920
674.52  13.934
674.83  13.947
675.13  13.961
675.44  13.974
675.74  13.988
676.05  14.002
676.35  14.015
676.66  14.029
676.96  14.042
677.27  14.056
677.57  14.070
677.88  14.083
678.18  14.097
678.48  14.111
678.79  14.125
679.09  14.139
679.40  14.153
679.70  14.167
680.01  14.181
680.31  14.195
680.62  14.209
680.92  14.223
681.23  14.237
681.53  14.251
681.84  14.265
682.14  14.278
682.45  14.292
682.75  14.306
683.06  14.320
683.36  14.333
683.67  14.347
683.97  14.361
684.28  14.374
684.58  14.388
684.89  14.402
685.19  14.416
685.50  14.430
686.10  14.457
686.41  14.470
686.71  14.484
687.02  14.497
687.32  14.511
687.63  14.524
687.93  14.537
688.24  14.549
688.54  14.562
688.85  14.575
689.15  14.587
689.46  14.599
689.76  14.611
690.07  14.622
690.37  14.633
690.68  14.644
690.98  14.655
691.29  14.667
691.59  14.678
691.90  14.689
692.20  14.701
692.51  14.713
692.81  14.725
693.12  14.737
693.42  14.749
693.72  14.762
694.03  14.775
694.33  14.788
694.64  14.802
694.94  14.816
695.25  14.830
695.55  14.845
695.86  14.859
696.16  14.874
696.47  14.888
696.77  14.903
697.08  14.917
697.38  14.931
697.69  14.944
697.99  14.958
698.30  14.971
698.60  14.984
698.91  14.997
699.21  15.010
699.52  15.022
699.82  15.035
700.13  15.047
700.43  15.059
700.74  15.070
701.04  15.082
701.34  15.094
701.65  15.106
701.95  15.119
702.26  15.132
702.56  15.145
702.87  15.158
703.17  15.171
703.48  15.184
703.78  15.198
704.09  15.212
704.39  15.226
704.70  15.240
705.00  15.254
705.31  15.269
705.61  15.284
705.92  15.298
706.22  15.313
706.53  15.327
706.83  15.341
707.14  15.355
707.44  15.369
707.75  15.383
708.05  15.397
708.36  15.410
708.66  15.424
708.96  15.437
709.27  15.450
709.57  15.463
709.88  15.476
710.18  15.489
710.49  15.502
710.79  15.515
711.10  15.527
711.40  15.540
711.71  15.553
712.01  15.566
712.32  15.579
712.62  15.592
712.93  15.606
713.23  15.619
713.54  15.632
713.84  15.645
714.15  15.658
714.45  15.671
714.76  15.684
715.06  15.698
715.37  15.711
715.67  15.724
715.98  15.737
716.28  15.750
716.58  15.764
716.89  15.777
717.19  15.790
717.50  15.803
717.80  15.817
718.11  15.830
718.41  15.843
718.72  15.857
719.02  15.870
719.33  15.884
719.63  15.898
719.94  15.911
720.24  15.925
720.55  15.939
720.85  15.952
721.16  15.966
721.46  15.980
721.77  15.993
722.07  16.007
722.38  16.020
722.68  16.034
722.99  16.047
723.29  16.061
723.60  16.074
723.90  16.088
724.20  16.101
724.51  16.115
724.81  16.128
725.12  16.141
725.42  16.155
725.73  16.168
726.03  16.181
726.34  16.195
726.64  16.208
726.95  16.221
727.25  16.235
727.56  16.248
727.86  16.262
728.17  16.275
728.47  16.288
728.78  16.302
729.08  16.316
729.39  16.329
729.69  16.343
730.00  16.357
730.30  16.370
730.61  16.384
730.91  16.397
731.22  16.410
731.52  16.424
731.82  16.437
732.13  16.450
732.43  16.463
732.74  16.475
733.04  16.488
733.35  16.501
733.65  16.513
733.96  16.525
734.26  16.537
734.57  16.548
734.87  16.560
735.18  16.572
735.48  16.584
735.79  16.596
736.09  16.608
736.40  16.621
736.70  16.633
737.01  16.646
737.31  16.659
737.62  16.672
737.92  16.685
738.23  16.698
738.53  16.712
738.84  16.725
739.14  16.739
739.44  16.753
739.75  16.767
740.05  16.781
740.36  16.795
740.66  16.810
740.97  16.824
741.27  16.837
741.88  16.865
742.19  16.879
742.49  16.893
742.80  16.907
743.10  16.921
743.41  16.935
743.71  16.949
744.02  16.963
744.32  16.977
744.63  16.991
744.93  17.005
745.24  17.019
745.54  17.033
745.85  17.047
746.15  17.061
746.46  17.076
746.76  17.090
747.06  17.104
747.37  17.118
747.67  17.132
747.98  17.146
748.28  17.160
748.59  17.174
748.89  17.188
749.20  17.202
749.50  17.216
749.81  17.230
750.11  17.244
750.42  17.258
750.72  17.272
751.03  17.286
751.33  17.300
751.64  17.314
751.94  17.328
752.25  17.342
752.55  17.356
752.86  17.370
753.16  17.385
753.47  17.399
753.77  17.413
754.08  17.427
754.38  17.441
754.68  17.456
754.99  17.470
755.29  17.484
755.60  17.499
755.90  17.513
756.21  17.527
756.51  17.541
756.82  17.556
757.12  17.570
757.43  17.584
757.73  17.599
758.04  17.613
758.34  17.627
758.65  17.642
758.95  17.656
759.26  17.671
759.56  17.685
759.87  17.700
760.17  17.714
760.48  17.729
760.78  17.743
761.09  17.758
761.39  17.772
761.70  17.787
762.00  17.801
762.30  17.816
762.61  17.830
762.91  17.844
763.22  17.858
763.52  17.872
763.83  17.887
764.13  17.901
764.44  17.915
764.74  17.929
765.05  17.944
765.35  17.958
765.66  17.973
765.96  17.987
766.27  18.002
766.57  18.017
766.88  18.032
767.18  18.047
767.49  18.062
767.79  18.077
768.10  18.093
768.40  18.108
768.71  18.124
769.01  18.139
769.32  18.155
769.62  18.170
769.92  18.186
770.23  18.201
770.53  18.216
770.84  18.231
771.14  18.246
771.45  18.260
771.75  18.275
772.06  18.289
772.36  18.304
772.97  18.332
773.28  18.346
773.58  18.360
773.89  18.374
774.19  18.388
774.50  18.401
774.80  18.415
775.11  18.429
775.41  18.442
775.72  18.456
776.02  18.469
776.33  18.483
776.63  18.496
776.94  18.509
777.24  18.522
777.54  18.535
777.85  18.547
778.15  18.559
778.46  18.571
778.76  18.583
779.07  18.596
779.37  18.608
779.68  18.620
779.98  18.633
780.29  18.646
780.59  18.659
780.90  18.672
781.20  18.686
781.51  18.699
781.81  18.713
782.12  18.727
782.42  18.742
782.73  18.758
783.03  18.774
783.34  18.789
783.64  18.805
783.95  18.821
784.25  18.837
784.56  18.852
784.86  18.867
785.16  18.882
785.47  18.896
785.77  18.911
786.08  18.925
786.38  18.938
786.69  18.952
786.99  18.965
787.30  18.978
787.60  18.990
787.91  19.002
788.21  19.013
788.52  19.025
788.82  19.037
789.13  19.048
789.43  19.060
789.74  19.072
790.04  19.085
790.35  19.098
790.65  19.111
790.96  19.124
791.26  19.137
791.57  19.151
791.87  19.165
792.18  19.179
792.48  19.193
792.78  19.208
793.09  19.222
793.39  19.237
793.70  19.252
794.00  19.266
794.31  19.281
794.61  19.295
794.92  19.309
795.22  19.323
795.53  19.337
795.83  19.351
796.14  19.365
796.44  19.379
796.75  19.393
797.05  19.407
797.36  19.420
797.66  19.434
797.97  19.447
798.27  19.461
798.58  19.474
798.88  19.488
799.19  19.502
799.49  19.515
799.80  19.529
800.10  19.543
800.40  19.557
800.71  19.571
801.01  19.585
801.32  19.598
801.62  19.612
801.93  19.626
802.23  19.640
802.54  19.654
802.84  19.668
803.15  19.683
803.76  19.711
804.06  19.725
804.37  19.738
804.67  19.752
804.98  19.766
805.28  19.780
805.59  19.794
805.89  19.807
806.20  19.821
806.50  19.835
806.81  19.849
807.11  19.862
807.42  19.876
807.72  19.890
808.02  19.903
808.33  19.917
808.63  19.930
808.94  19.944
809.24  19.957
809.55  19.971
809.85  19.984
810.16  19.998
810.46  20.011
810.77  20.024
811.07  20.038
811.38  20.051
811.68  20.064
811.99  20.077
812.29  20.091
812.60  20.104
812.90  20.117
813.21  20.130
813.51  20.143
813.82  20.156
814.12  20.169
814.43  20.182
814.73  20.195
815.04  20.209
815.34  20.222
815.64  20.235
815.95  20.248
816.25  20.261
816.56  20.274
816.86  20.287
817.17  20.301
817.47  20.314
817.78  20.327
818.08  20.340
818.39  20.353
818.69  20.366
819.00  20.380
819.30  20.393
819.61  20.406
819.91  20.419
