  
  DOI/GTN-P Deep Borehole Array, Arctic Alaska 
             U.S. Geological Survey 
            Processed Temperature Log 
                    28-Aug-2013 
________________________________________________ 
  
Temperature Log Information: 
  Well name:   Kuyanak 
  File name:   KUY_07AUG11_c_d 
  Log date:    11-AUG-2007 
  
Contact Information: 
  Gary Clow 
  U.S. Geological Survey 
  clow@usgs.gov 
  
Definitions: 
  Depth:        Depth below local ground surface (m) 
  Temperature:  ITS-90 temperature (°C) 
________________________________________________ 
             
 Depth  Temperature 
  6.98  -7.150
  6.99  -7.150
  7.02  -7.150
  7.05  -7.151
  7.09  -7.151
  7.14  -7.151
  7.20  -7.152
  7.25  -7.152
  7.30  -7.152
  7.35  -7.153
  7.40  -7.153
  7.46  -7.154
  7.51  -7.155
  7.56  -7.155
  7.61  -7.156
  7.66  -7.157
  7.71  -7.158
  7.76  -7.159
  7.82  -7.160
  7.87  -7.161
  7.92  -7.162
  7.98  -7.163
  8.03  -7.164
  8.08  -7.165
  8.13  -7.166
  8.19  -7.168
  8.24  -7.169
  8.29  -7.170
  8.34  -7.172
  8.40  -7.173
  8.45  -7.175
  8.50  -7.177
  8.56  -7.179
  8.61  -7.181
  8.66  -7.183
  8.72  -7.185
  8.77  -7.187
  8.81  -7.189
  8.87  -7.192
  8.92  -7.194
  8.97  -7.197
  9.03  -7.199
  9.08  -7.202
  9.13  -7.205
  9.19  -7.208
  9.24  -7.210
  9.29  -7.213
  9.35  -7.216
  9.40  -7.219
  9.45  -7.222
  9.50  -7.225
  9.56  -7.229
  9.61  -7.232
  9.66  -7.235
  9.71  -7.238
  9.77  -7.241
  9.82  -7.245
  9.87  -7.248
  9.93  -7.251
  9.98  -7.255
 10.03  -7.258
 10.08  -7.262
 10.13  -7.265
 10.18  -7.269
 10.24  -7.272
 10.29  -7.276
 10.34  -7.279
 10.40  -7.283
 10.45  -7.286
 10.50  -7.290
 10.55  -7.294
 10.61  -7.297
 10.66  -7.301
 10.71  -7.305
 10.77  -7.308
 10.82  -7.312
 10.87  -7.316
 10.93  -7.320
 10.98  -7.323
 11.03  -7.327
 11.09  -7.331
 11.13  -7.335
 11.18  -7.339
 11.24  -7.343
 11.29  -7.347
 11.34  -7.351
 11.40  -7.355
 11.45  -7.360
 11.50  -7.364
 11.56  -7.368
 11.61  -7.372
 11.66  -7.377
 11.72  -7.381
 11.77  -7.386
 11.82  -7.390
 11.88  -7.394
 11.93  -7.399
 11.98  -7.404
 12.03  -7.408
 12.09  -7.413
 12.14  -7.417
 12.20  -7.422
 12.25  -7.427
 12.30  -7.432
 12.35  -7.437
 12.40  -7.441
 12.45  -7.446
 12.51  -7.451
 12.56  -7.456
 12.61  -7.461
 12.66  -7.466
 12.72  -7.471
 12.77  -7.476
 12.82  -7.481
 12.88  -7.486
 12.93  -7.491
 12.98  -7.496
 13.04  -7.501
 13.09  -7.505
 13.14  -7.510
 13.20  -7.515
 13.25  -7.520
 13.30  -7.525
 13.35  -7.530
 13.41  -7.535
 13.46  -7.539
 13.51  -7.544
 13.56  -7.549
 13.61  -7.554
 13.66  -7.559
 13.72  -7.564
 13.77  -7.568
 13.82  -7.573
 13.88  -7.578
 13.93  -7.583
 13.98  -7.588
 14.04  -7.593
 14.09  -7.598
 14.14  -7.602
 14.20  -7.607
 14.25  -7.612
 14.30  -7.617
 14.36  -7.621
 14.41  -7.626
 14.46  -7.631
 14.52  -7.636
 14.57  -7.640
 14.62  -7.645
 14.67  -7.650
 14.72  -7.654
 14.77  -7.659
 14.82  -7.664
 14.88  -7.668
 14.93  -7.673
 14.98  -7.677
 15.04  -7.682
 15.09  -7.687
 15.14  -7.691
 15.20  -7.696
 15.25  -7.700
 15.30  -7.704
 15.36  -7.709
 15.41  -7.713
 15.46  -7.717
 15.52  -7.722
 15.57  -7.726
 15.62  -7.730
 15.68  -7.734
 15.73  -7.738
 15.78  -7.742
 15.84  -7.746
 15.89  -7.750
 15.93  -7.754
 15.99  -7.758
 16.04  -7.762
 16.09  -7.766
 16.15  -7.769
 16.20  -7.773
 16.25  -7.777
 16.31  -7.781
 16.36  -7.785
 16.41  -7.789
 16.47  -7.793
 16.52  -7.797
 16.57  -7.801
 16.63  -7.805
 16.68  -7.809
 16.73  -7.813
 16.79  -7.816
 16.84  -7.820
 16.89  -7.824
 16.95  -7.828
 17.00  -7.832
 17.05  -7.836
 17.10  -7.841
 17.15  -7.845
 17.20  -7.849
 17.25  -7.853
 17.31  -7.857
 17.36  -7.862
 17.42  -7.866
 17.47  -7.870
 17.52  -7.875
 17.58  -7.879
 17.63  -7.884
 17.68  -7.888
 17.74  -7.892
 17.79  -7.897
 17.84  -7.901
 17.89  -7.905
 17.95  -7.910
 18.00  -7.914
 18.05  -7.918
 18.11  -7.923
 18.16  -7.927
 18.21  -7.931
 18.26  -7.936
 18.31  -7.940
 18.37  -7.944
 18.42  -7.948
 18.47  -7.952
 18.53  -7.957
 18.58  -7.961
 18.63  -7.965
 18.69  -7.969
 18.74  -7.973
 18.79  -7.977
 18.85  -7.981
 18.90  -7.985
 18.95  -7.989
 19.01  -7.992
 19.06  -7.996
 19.11  -8.000
 19.17  -8.004
 19.22  -8.007
 19.27  -8.011
 19.33  -8.015
 19.38  -8.019
 19.42  -8.022
 19.48  -8.026
 19.53  -8.030
 19.58  -8.034
 19.64  -8.038
 19.69  -8.042
 19.74  -8.046
 19.80  -8.050
 19.85  -8.054
 19.90  -8.058
 19.96  -8.062
 20.01  -8.067
 20.06  -8.071
 20.12  -8.075
 20.17  -8.080
 20.23  -8.084
 20.28  -8.089
 20.34  -8.093
 20.40  -8.098
 20.48  -8.103
 20.58  -8.108
 20.68  -8.113
 20.78  -8.118
 20.88  -8.124
 20.99  -8.129
 21.10  -8.135
 21.20  -8.141
 21.31  -8.147
 21.41  -8.153
 21.52  -8.159
 21.62  -8.164
 21.73  -8.170
 21.83  -8.176
 21.94  -8.182
 22.03  -8.187
 22.14  -8.193
 22.24  -8.199
 22.35  -8.204
 22.45  -8.210
 22.56  -8.215
 22.66  -8.221
 22.76  -8.226
 22.87  -8.231
 22.97  -8.237
 23.07  -8.242
 23.17  -8.247
 23.27  -8.252
 23.37  -8.258
 23.48  -8.263
 23.58  -8.268
 23.68  -8.274
 23.79  -8.279
 23.89  -8.284
 23.99  -8.289
 24.10  -8.295
 24.20  -8.300
 24.30  -8.306
 24.40  -8.311
 24.50  -8.316
 24.60  -8.322
 24.71  -8.327
 24.81  -8.332
 24.91  -8.336
 25.02  -8.341
 25.12  -8.345
 25.22  -8.350
 25.32  -8.354
 25.43  -8.358
 25.52  -8.362
 25.63  -8.365
 25.73  -8.369
 25.84  -8.372
 25.94  -8.374
 26.04  -8.377
 26.14  -8.380
 26.25  -8.383
 26.35  -8.385
 26.46  -8.388
 26.55  -8.391
 26.65  -8.394
 26.76  -8.396
 26.86  -8.399
 26.96  -8.402
 27.07  -8.405
 27.17  -8.408
 27.27  -8.411
 27.38  -8.415
 27.48  -8.418
 27.58  -8.421
 27.68  -8.425
 27.78  -8.428
 27.88  -8.431
 27.99  -8.434
 28.09  -8.438
 28.19  -8.440
 28.30  -8.443
 28.40  -8.446
 28.50  -8.449
 28.60  -8.451
 28.70  -8.454
 28.79  -8.456
 28.90  -8.458
 28.99  -8.460
 29.10  -8.462
 29.20  -8.464
 29.30  -8.466
 29.40  -8.468
 29.50  -8.470
 29.60  -8.472
 29.70  -8.473
 29.79  -8.475
 29.89  -8.477
 29.99  -8.478
 30.10  -8.480
 30.20  -8.482
 30.30  -8.483
 30.40  -8.485
 30.50  -8.487
 30.60  -8.488
 30.69  -8.490
 30.79  -8.492
 30.89  -8.493
 31.00  -8.495
 31.09  -8.496
 31.20  -8.498
 31.30  -8.499
 31.40  -8.501
 31.50  -8.502
 31.59  -8.504
 31.69  -8.505
 31.79  -8.507
 31.89  -8.508
 31.99  -8.509
 32.10  -8.511
 32.20  -8.512
 32.30  -8.513
 32.40  -8.514
 32.50  -8.515
 32.60  -8.516
 32.69  -8.517
 32.79  -8.518
 32.89  -8.518
 32.99  -8.519
 33.09  -8.520
 33.20  -8.521
 33.30  -8.521
 33.40  -8.522
 33.50  -8.523
 33.60  -8.523
 33.70  -8.524
 33.79  -8.524
 33.89  -8.525
 33.99  -8.525
 34.09  -8.525
 34.19  -8.526
 34.30  -8.526
 34.40  -8.526
 34.50  -8.526
 34.60  -8.527
 34.70  -8.527
 34.80  -8.527
 34.89  -8.527
 34.99  -8.527
 35.10  -8.527
 35.19  -8.527
 35.30  -8.528
 35.40  -8.528
 35.50  -8.528
 35.60  -8.528
 35.70  -8.528
 35.80  -8.528
 35.90  -8.528
 36.00  -8.528
 36.09  -8.528
 36.20  -8.528
 36.29  -8.528
 36.39  -8.528
 36.50  -8.528
 36.60  -8.528
 36.70  -8.528
 36.80  -8.528
 36.90  -8.528
 37.00  -8.528
 37.10  -8.528
 37.20  -8.528
 37.29  -8.528
 37.40  -8.528
 37.50  -8.527
 37.59  -8.527
 37.70  -8.527
 37.80  -8.527
 37.90  -8.527
 38.00  -8.527
 38.10  -8.527
 38.20  -8.527
 38.30  -8.527
 38.39  -8.527
 38.49  -8.527
 38.60  -8.527
 38.70  -8.526
 38.80  -8.526
 38.90  -8.526
 39.00  -8.526
 39.10  -8.525
 39.20  -8.525
 39.30  -8.525
 39.40  -8.525
 39.50  -8.524
 39.60  -8.524
 39.69  -8.524
 39.79  -8.523
 39.89  -8.523
 40.00  -8.523
 40.10  -8.522
 40.20  -8.522
 40.30  -8.522
 40.40  -8.521
 40.50  -8.521
 40.60  -8.521
 40.69  -8.520
 40.79  -8.520
 40.89  -8.519
 41.00  -8.519
 41.10  -8.519
 41.20  -8.518
 41.30  -8.518
 41.40  -8.517
 41.50  -8.517
 41.60  -8.516
 41.70  -8.516
 41.80  -8.515
 41.89  -8.515
 41.99  -8.514
 42.09  -8.514
 42.20  -8.513
 42.30  -8.513
 42.40  -8.512
 42.50  -8.512
 42.60  -8.511
 42.70  -8.511
 42.80  -8.510
 42.90  -8.510
 42.99  -8.509
 43.09  -8.508
 43.19  -8.508
 43.30  -8.507
 43.39  -8.507
 43.50  -8.506
 43.60  -8.505
 43.70  -8.505
 43.80  -8.504
 43.90  -8.503
 44.00  -8.503
 44.10  -8.502
 44.19  -8.501
 44.29  -8.501
 44.40  -8.500
 44.50  -8.499
 44.60  -8.498
 44.70  -8.498
 44.80  -8.497
 44.90  -8.496
 45.00  -8.496
 45.10  -8.495
 45.20  -8.494
 45.29  -8.493
 45.40  -8.493
 45.49  -8.492
 45.60  -8.491
 45.70  -8.490
 45.80  -8.490
 45.90  -8.489
 46.00  -8.488
 46.10  -8.487
 46.20  -8.487
 46.30  -8.486
 46.40  -8.485
 46.50  -8.484
 46.60  -8.484
 46.70  -8.483
 46.80  -8.482
 46.91  -8.481
 47.00  -8.481
 47.10  -8.480
 47.20  -8.479
 47.30  -8.478
 47.41  -8.478
 47.50  -8.477
 47.60  -8.476
 47.71  -8.475
 47.80  -8.475
 47.90  -8.474
 48.00  -8.473
 48.10  -8.472
 48.21  -8.471
 48.31  -8.471
 48.41  -8.470
 48.51  -8.469
 48.60  -8.468
 48.70  -8.467
 48.80  -8.466
 48.90  -8.465
 49.00  -8.464
 49.10  -8.464
 49.21  -8.463
 49.31  -8.462
 49.41  -8.461
 49.51  -8.460
 49.60  -8.459
 49.70  -8.458
 49.80  -8.457
 49.90  -8.456
 50.00  -8.455
 50.10  -8.454
 50.20  -8.453
 50.31  -8.452
 50.41  -8.451
 50.50  -8.449
 50.60  -8.448
 50.71  -8.447
 50.80  -8.446
 50.90  -8.445
 51.00  -8.444
 51.10  -8.443
 51.20  -8.442
 51.30  -8.441
 51.40  -8.440
 51.51  -8.438
 51.61  -8.437
 51.71  -8.436
 51.81  -8.435
 51.90  -8.434
 52.00  -8.433
 52.10  -8.432
 52.20  -8.431
 52.30  -8.430
 52.40  -8.429
 52.50  -8.427
 52.60  -8.426
 52.70  -8.425
 52.80  -8.424
 52.91  -8.423
 53.01  -8.422
 53.10  -8.421
 53.20  -8.420
 53.30  -8.419
 53.40  -8.417
 53.50  -8.416
 53.60  -8.415
 53.70  -8.414
 53.80  -8.413
 53.90  -8.412
 54.00  -8.411
 54.10  -8.410
 54.20  -8.409
 54.30  -8.407
 54.41  -8.406
 54.51  -8.405
 54.61  -8.404
 54.71  -8.403
 54.80  -8.402
 54.90  -8.401
 55.00  -8.400
 55.11  -8.399
 55.21  -8.398
 55.31  -8.397
 55.41  -8.396
 55.51  -8.394
 55.61  -8.393
 55.71  -8.392
 55.81  -8.391
 55.91  -8.390
 56.01  -8.389
 56.11  -8.388
 56.21  -8.387
 56.31  -8.386
 56.41  -8.385
 56.51  -8.384
 56.61  -8.384
 56.71  -8.383
 56.82  -8.382
 56.92  -8.381
 57.02  -8.380
 57.11  -8.379
 57.21  -8.378
 57.31  -8.377
 57.41  -8.376
 57.52  -8.375
 57.61  -8.374
 57.72  -8.373
 57.82  -8.372
 57.92  -8.371
 58.02  -8.370
 58.12  -8.369
 58.21  -8.368
 58.32  -8.367
 58.42  -8.366
 58.52  -8.365
 58.62  -8.364
 58.72  -8.363
 58.82  -8.362
 58.92  -8.361
 59.02  -8.360
 59.12  -8.359
 59.22  -8.358
 59.32  -8.357
 59.42  -8.356
 59.52  -8.355
 59.62  -8.354
 59.72  -8.352
 59.82  -8.351
 59.93  -8.350
 60.02  -8.349
 60.12  -8.348
 60.22  -8.346
 60.32  -8.345
 60.42  -8.344
 60.53  -8.343
 60.62  -8.341
 60.72  -8.340
 60.83  -8.339
 60.93  -8.338
 61.02  -8.336
 61.12  -8.335
 61.22  -8.334
 61.33  -8.333
 61.42  -8.331
 61.53  -8.330
 61.63  -8.329
 61.73  -8.328
 61.83  -8.326
 61.93  -8.325
 62.03  -8.324
 62.13  -8.322
 62.23  -8.321
 62.33  -8.320
 62.43  -8.318
 62.53  -8.317
 62.63  -8.316
 62.74  -8.314
 62.84  -8.313
 62.94  -8.312
 63.04  -8.310
 63.14  -8.309
 63.24  -8.307
 63.33  -8.306
 63.43  -8.305
 63.53  -8.303
 63.64  -8.302
 63.74  -8.300
 63.84  -8.299
 63.94  -8.297
 64.04  -8.296
 64.14  -8.295
 64.24  -8.293
 64.34  -8.292
 64.44  -8.290
 64.54  -8.289
 64.64  -8.287
 64.74  -8.286
 64.84  -8.284
 65.04  -8.281
 65.14  -8.280
 65.24  -8.278
 65.35  -8.277
 65.45  -8.275
 65.55  -8.274
 65.64  -8.272
 65.74  -8.271
 65.84  -8.270
 65.94  -8.268
 66.05  -8.267
 66.14  -8.265
 66.25  -8.264
 66.35  -8.262
 66.45  -8.261
 66.55  -8.259
 66.65  -8.258
 66.75  -8.257
 66.84  -8.255
 66.94  -8.254
 67.04  -8.252
 67.15  -8.251
 67.25  -8.249
 67.35  -8.248
 67.45  -8.246
 67.55  -8.245
 67.65  -8.243
 67.75  -8.241
 67.85  -8.240
 67.95  -8.238
 68.04  -8.236
 68.14  -8.235
 68.24  -8.233
 68.34  -8.231
 68.44  -8.230
 68.53  -8.228
 68.63  -8.226
 68.73  -8.225
 68.83  -8.223
 68.93  -8.222
 69.02  -8.220
 69.12  -8.219
 69.22  -8.217
 69.32  -8.216
 69.41  -8.215
 69.51  -8.213
 69.61  -8.212
 69.71  -8.211
 69.81  -8.210
 69.91  -8.208
 70.00  -8.207
 70.10  -8.206
 70.19  -8.205
 70.29  -8.203
 70.39  -8.202
 70.49  -8.201
 70.59  -8.199
 70.69  -8.198
 70.79  -8.196
 70.89  -8.195
 70.98  -8.194
 71.08  -8.192
 71.17  -8.191
 71.27  -8.189
 71.37  -8.188
 71.47  -8.186
 71.57  -8.185
 71.67  -8.184
 71.77  -8.182
 71.86  -8.181
 71.96  -8.179
 72.06  -8.178
 72.16  -8.177
 72.26  -8.175
 72.35  -8.174
 72.45  -8.173
 72.55  -8.171
 72.65  -8.170
 72.75  -8.169
 72.84  -8.167
 72.94  -8.166
 73.04  -8.165
 73.14  -8.164
 73.24  -8.162
 73.34  -8.161
 73.43  -8.160
 73.53  -8.158
 73.63  -8.157
 73.73  -8.156
 73.83  -8.154
 73.93  -8.153
 74.02  -8.151
 74.12  -8.150
 74.22  -8.149
 74.32  -8.147
 74.42  -8.146
 74.51  -8.144
 74.61  -8.143
 74.71  -8.142
 74.81  -8.140
 74.91  -8.139
 75.00  -8.137
 75.10  -8.136
 75.20  -8.134
 75.30  -8.133
 75.40  -8.131
 75.50  -8.130
 75.60  -8.128
 75.69  -8.127
 75.79  -8.125
 75.89  -8.123
 75.99  -8.122
 76.09  -8.120
 76.19  -8.119
 76.28  -8.117
 76.38  -8.115
 76.48  -8.114
 76.58  -8.112
 76.68  -8.111
 76.78  -8.109
 76.87  -8.107
 76.97  -8.106
 77.07  -8.104
 77.16  -8.103
 77.26  -8.101
 77.36  -8.099
 77.46  -8.098
 77.56  -8.096
 77.66  -8.095
 77.76  -8.093
 77.85  -8.092
 77.94  -8.090
 78.05  -8.088
 78.15  -8.087
 78.24  -8.085
 78.34  -8.084
 78.44  -8.082
 78.54  -8.080
 78.64  -8.079
 78.74  -8.077
 78.84  -8.076
 78.94  -8.074
 79.04  -8.072
 79.13  -8.071
 79.22  -8.069
 79.32  -8.068
 79.42  -8.066
 79.52  -8.064
 79.62  -8.063
 79.72  -8.061
 79.82  -8.059
 79.91  -8.058
 80.01  -8.056
 80.11  -8.054
 80.21  -8.053
 80.30  -8.051
 80.40  -8.049
 80.50  -8.048
 80.60  -8.046
 80.70  -8.044
 80.80  -8.042
 80.90  -8.041
 81.00  -8.039
 81.10  -8.037
 81.20  -8.035
 81.29  -8.033
 81.39  -8.032
 81.48  -8.030
 81.58  -8.028
 81.68  -8.026
 81.78  -8.024
 81.88  -8.023
 81.98  -8.021
 82.08  -8.019
 82.18  -8.017
 82.28  -8.015
 82.38  -8.013
 82.47  -8.011
 82.56  -8.009
 82.66  -8.008
 82.76  -8.006
 82.86  -8.004
 82.96  -8.002
 83.06  -8.000
 83.16  -7.998
 83.25  -7.996
 83.35  -7.994
 83.45  -7.992
 83.55  -7.990
 83.65  -7.987
 83.74  -7.985
 83.84  -7.983
 83.94  -7.981
 84.04  -7.979
 84.14  -7.977
 84.24  -7.975
 84.33  -7.973
 84.43  -7.970
 84.54  -7.968
 84.63  -7.966
 84.73  -7.964
 84.82  -7.962
 84.92  -7.960
 85.02  -7.957
 85.12  -7.955
 85.22  -7.953
 85.32  -7.951
 85.42  -7.949
 85.51  -7.946
 85.61  -7.944
 85.71  -7.942
 85.81  -7.939
 85.91  -7.937
 86.00  -7.935
 86.10  -7.932
 86.20  -7.930
 86.30  -7.927
 86.40  -7.925
 86.50  -7.922
 86.60  -7.920
 86.69  -7.917
 86.79  -7.915
 86.89  -7.912
 86.99  -7.909
 87.09  -7.907
 87.18  -7.904
 87.28  -7.902
 87.38  -7.899
 87.48  -7.896
 87.58  -7.893
 87.68  -7.891
 87.77  -7.888
 87.87  -7.885
 87.97  -7.881
 88.07  -7.878
 88.17  -7.875
 88.26  -7.872
 88.36  -7.868
 88.46  -7.865
 88.55  -7.861
 88.66  -7.858
 88.76  -7.855
 88.85  -7.852
 88.95  -7.848
 89.05  -7.845
 89.15  -7.842
 89.25  -7.839
 89.35  -7.835
 89.44  -7.833
 89.54  -7.830
 89.64  -7.827
 89.74  -7.825
 89.84  -7.822
 89.93  -7.819
 90.03  -7.817
 90.13  -7.814
 90.23  -7.811
 90.33  -7.807
 90.43  -7.804
 90.52  -7.800
 90.62  -7.797
 90.72  -7.793
 90.82  -7.790
 90.92  -7.786
 91.02  -7.783
 91.12  -7.780
 91.21  -7.777
 91.31  -7.774
 91.41  -7.771
 91.51  -7.769
 91.61  -7.766
 91.70  -7.763
 91.80  -7.760
 91.90  -7.757
 92.00  -7.753
 92.10  -7.750
 92.19  -7.747
 92.29  -7.744
 92.39  -7.741
 92.49  -7.738
 92.59  -7.735
 92.69  -7.732
 92.79  -7.728
 92.88  -7.725
 92.98  -7.722
 93.08  -7.719
 93.17  -7.716
 93.27  -7.713
 93.37  -7.710
 93.47  -7.707
 93.57  -7.704
 93.67  -7.701
 93.77  -7.697
 93.87  -7.694
 93.96  -7.691
 94.05  -7.688
 94.15  -7.685
 94.25  -7.682
 94.35  -7.678
 94.45  -7.675
 94.55  -7.672
 94.65  -7.669
 94.75  -7.665
 94.85  -7.662
 94.95  -7.659
 95.05  -7.655
 95.14  -7.652
 95.24  -7.649
 95.33  -7.646
 95.43  -7.642
 95.53  -7.639
 95.63  -7.636
 95.73  -7.633
 95.83  -7.630
 95.93  -7.627
 96.02  -7.625
 96.12  -7.622
 96.21  -7.619
 96.31  -7.616
 96.41  -7.613
 96.51  -7.610
 96.61  -7.607
 96.71  -7.604
 96.81  -7.601
 96.91  -7.598
 97.01  -7.594
 97.11  -7.591
 97.21  -7.588
 97.31  -7.585
 97.40  -7.583
 97.49  -7.580
 97.59  -7.577
 97.69  -7.575
 97.79  -7.572
 97.89  -7.570
 97.99  -7.568
 98.09  -7.566
 98.19  -7.564
 98.29  -7.562
 98.39  -7.560
 98.49  -7.558
 98.58  -7.557
 98.68  -7.555
 98.78  -7.553
 98.87  -7.550
 98.97  -7.548
 99.07  -7.545
 99.17  -7.542
 99.27  -7.540
 99.37  -7.537
 99.47  -7.534
 99.57  -7.532
 99.66  -7.529
 99.75  -7.527
 99.86  -7.525
 99.96  -7.523
100.05  -7.521
100.15  -7.519
100.26  -7.517
100.35  -7.515
100.45  -7.513
100.55  -7.511
100.65  -7.508
100.75  -7.506
100.84  -7.504
100.94  -7.502
101.04  -7.499
101.14  -7.497
101.24  -7.495
101.34  -7.493
101.44  -7.491
101.54  -7.489
101.64  -7.487
101.73  -7.485
101.83  -7.483
101.92  -7.481
102.02  -7.478
102.12  -7.476
102.22  -7.474
102.32  -7.472
102.42  -7.470
102.52  -7.468
102.61  -7.466
102.72  -7.464
102.81  -7.462
102.91  -7.460
103.02  -7.458
103.11  -7.456
103.20  -7.454
103.30  -7.452
103.40  -7.450
103.50  -7.448
103.60  -7.447
103.70  -7.445
103.80  -7.444
103.90  -7.442
104.00  -7.441
104.10  -7.439
104.20  -7.438
104.29  -7.437
104.39  -7.435
104.49  -7.434
104.58  -7.432
104.68  -7.430
104.78  -7.429
104.88  -7.427
104.98  -7.425
105.08  -7.423
105.18  -7.421
105.28  -7.418
105.37  -7.416
105.47  -7.414
105.57  -7.411
105.67  -7.409
105.77  -7.406
105.87  -7.404
105.96  -7.401
106.06  -7.399
106.16  -7.397
106.26  -7.395
106.36  -7.393
106.46  -7.391
106.55  -7.388
106.65  -7.387
106.75  -7.385
106.84  -7.383
106.94  -7.381
107.04  -7.380
107.14  -7.378
107.24  -7.376
107.33  -7.375
107.42  -7.373
107.52  -7.372
107.62  -7.370
107.71  -7.369
107.80  -7.367
107.90  -7.365
108.00  -7.364
108.09  -7.362
108.19  -7.360
108.29  -7.358
108.38  -7.357
108.48  -7.355
108.57  -7.353
108.67  -7.351
108.76  -7.349
108.86  -7.347
108.95  -7.345
109.15  -7.341
109.24  -7.339
109.34  -7.337
109.44  -7.335
109.54  -7.333
109.63  -7.331
109.73  -7.328
109.82  -7.327
109.92  -7.325
110.01  -7.323
110.11  -7.321
110.20  -7.319
110.30  -7.317
110.40  -7.315
110.49  -7.313
110.59  -7.311
110.69  -7.309
110.78  -7.307
110.88  -7.305
110.98  -7.303
111.07  -7.301
111.17  -7.299
111.26  -7.297
111.36  -7.295
111.45  -7.293
111.55  -7.291
111.65  -7.289
111.74  -7.287
111.84  -7.285
111.94  -7.283
112.04  -7.280
112.13  -7.278
112.22  -7.276
112.32  -7.274
112.41  -7.272
112.51  -7.270
112.61  -7.268
112.71  -7.266
112.80  -7.264
112.90  -7.262
112.99  -7.260
113.09  -7.258
113.19  -7.255
113.28  -7.253
113.37  -7.251
113.47  -7.249
113.57  -7.247
113.66  -7.245
113.76  -7.243
113.86  -7.241
113.95  -7.239
114.05  -7.237
114.14  -7.235
114.24  -7.233
114.33  -7.230
114.42  -7.228
114.52  -7.226
114.62  -7.224
114.72  -7.222
114.82  -7.220
114.91  -7.218
115.01  -7.216
115.10  -7.214
115.20  -7.212
115.30  -7.210
115.39  -7.208
115.49  -7.206
115.58  -7.204
115.67  -7.202
115.77  -7.200
115.86  -7.198
115.96  -7.196
116.06  -7.194
116.16  -7.192
116.25  -7.190
116.35  -7.188
116.45  -7.186
116.54  -7.184
116.64  -7.182
116.73  -7.180
116.82  -7.178
116.92  -7.176
117.02  -7.174
117.11  -7.172
117.21  -7.170
117.31  -7.168
117.40  -7.166
117.50  -7.164
117.59  -7.162
117.69  -7.160
117.78  -7.158
117.88  -7.156
117.98  -7.154
118.07  -7.152
118.17  -7.150
118.26  -7.148
118.36  -7.146
118.46  -7.144
118.55  -7.142
118.65  -7.139
118.75  -7.137
118.84  -7.135
118.94  -7.133
119.03  -7.131
119.13  -7.129
119.22  -7.127
119.32  -7.125
119.42  -7.122
119.51  -7.120
119.61  -7.118
119.71  -7.116
119.80  -7.114
119.90  -7.111
119.99  -7.109
120.08  -7.107
120.18  -7.105
120.28  -7.103
120.37  -7.100
120.47  -7.098
120.57  -7.096
120.66  -7.094
120.76  -7.091
120.86  -7.089
120.95  -7.087
121.05  -7.085
121.14  -7.083
121.23  -7.080
121.33  -7.078
121.43  -7.076
121.52  -7.074
121.62  -7.071
121.71  -7.069
121.81  -7.067
121.91  -7.064
122.00  -7.062
122.10  -7.060
122.20  -7.057
122.30  -7.055
122.39  -7.052
122.48  -7.050
122.58  -7.047
122.67  -7.045
122.77  -7.042
122.87  -7.039
122.96  -7.037
123.06  -7.034
123.16  -7.032
123.25  -7.029
123.35  -7.027
123.44  -7.024
123.54  -7.022
123.63  -7.020
123.73  -7.018
123.83  -7.015
123.92  -7.013
124.02  -7.011
124.12  -7.009
124.22  -7.007
124.31  -7.005
124.41  -7.003
124.50  -7.000
124.59  -6.998
124.69  -6.996
124.79  -6.994
124.88  -6.991
124.98  -6.989
125.08  -6.987
125.17  -6.984
125.27  -6.982
125.36  -6.980
125.46  -6.977
125.56  -6.975
125.65  -6.972
125.75  -6.970
125.84  -6.967
125.94  -6.964
126.03  -6.961
126.13  -6.958
126.23  -6.955
126.33  -6.953
126.42  -6.950
126.52  -6.947
126.61  -6.944
126.71  -6.941
126.80  -6.939
126.90  -6.937
126.99  -6.934
127.09  -6.932
127.19  -6.930
127.29  -6.927
127.38  -6.925
127.48  -6.923
127.58  -6.920
127.67  -6.918
127.77  -6.915
127.86  -6.913
127.95  -6.910
128.05  -6.908
128.15  -6.905
128.25  -6.903
128.34  -6.901
128.44  -6.898
128.53  -6.896
128.63  -6.894
128.73  -6.891
128.82  -6.889
128.92  -6.887
129.02  -6.884
129.11  -6.882
129.21  -6.880
129.30  -6.877
129.40  -6.875
129.50  -6.872
129.59  -6.870
129.69  -6.867
129.79  -6.865
129.88  -6.862
129.98  -6.860
130.07  -6.857
130.17  -6.854
130.26  -6.852
130.36  -6.849
130.46  -6.846
130.55  -6.844
130.65  -6.841
130.75  -6.838
130.84  -6.835
130.94  -6.832
131.04  -6.829
131.13  -6.826
131.23  -6.823
131.32  -6.820
131.41  -6.817
131.51  -6.814
131.61  -6.811
131.71  -6.808
131.80  -6.805
131.90  -6.802
132.00  -6.799
132.10  -6.796
132.19  -6.793
132.29  -6.789
132.39  -6.786
132.48  -6.783
132.57  -6.779
132.67  -6.776
132.77  -6.772
132.86  -6.768
132.96  -6.763
133.06  -6.759
133.16  -6.754
133.25  -6.749
133.35  -6.745
133.45  -6.740
133.54  -6.736
133.63  -6.732
133.73  -6.729
133.83  -6.725
133.92  -6.722
134.02  -6.718
134.12  -6.715
134.21  -6.712
134.31  -6.709
134.41  -6.706
134.50  -6.703
134.60  -6.701
134.69  -6.698
134.78  -6.695
134.88  -6.692
134.98  -6.689
135.08  -6.686
135.18  -6.683
135.27  -6.679
135.37  -6.675
135.46  -6.671
135.56  -6.667
135.66  -6.663
135.76  -6.659
135.84  -6.655
135.94  -6.652
136.04  -6.649
136.13  -6.646
136.23  -6.643
136.33  -6.640
136.42  -6.637
136.52  -6.634
136.62  -6.631
136.72  -6.628
136.81  -6.625
136.91  -6.621
137.00  -6.618
137.10  -6.615
137.19  -6.611
137.29  -6.608
137.39  -6.605
137.48  -6.602
137.58  -6.598
137.68  -6.595
137.78  -6.592
137.88  -6.589
137.97  -6.586
138.06  -6.583
138.16  -6.580
138.25  -6.577
138.35  -6.574
138.45  -6.570
138.55  -6.567
138.64  -6.564
138.74  -6.561
138.84  -6.558
138.93  -6.555
139.03  -6.552
139.13  -6.549
139.22  -6.546
139.31  -6.542
139.41  -6.539
139.51  -6.536
139.60  -6.533
139.70  -6.530
139.80  -6.527
139.89  -6.523
139.99  -6.520
140.09  -6.517
140.19  -6.514
140.28  -6.511
140.37  -6.507
140.47  -6.504
140.57  -6.502
140.66  -6.499
140.76  -6.496
140.86  -6.494
140.95  -6.491
141.05  -6.488
141.15  -6.486
141.25  -6.483
141.35  -6.480
141.44  -6.477
141.53  -6.475
141.62  -6.472
141.72  -6.468
141.82  -6.465
141.92  -6.462
142.01  -6.458
142.11  -6.455
142.21  -6.451
142.30  -6.446
142.40  -6.442
142.50  -6.438
142.59  -6.433
142.68  -6.429
142.78  -6.425
142.88  -6.421
142.97  -6.417
143.07  -6.413
143.17  -6.409
143.27  -6.406
143.36  -6.402
143.46  -6.399
143.56  -6.395
143.65  -6.392
143.74  -6.389
143.84  -6.386
143.94  -6.383
144.03  -6.381
144.13  -6.378
144.23  -6.375
144.32  -6.373
144.42  -6.370
144.52  -6.367
144.61  -6.364
144.71  -6.362
144.80  -6.359
144.89  -6.356
144.98  -6.353
145.07  -6.351
145.17  -6.348
145.26  -6.345
145.36  -6.342
145.46  -6.340
145.55  -6.337
145.64  -6.334
145.74  -6.331
145.83  -6.329
145.92  -6.326
146.01  -6.323
146.11  -6.321
146.20  -6.318
146.30  -6.315
146.39  -6.313
146.49  -6.310
146.58  -6.308
146.68  -6.305
146.77  -6.303
146.87  -6.300
146.96  -6.298
147.05  -6.296
147.14  -6.293
147.23  -6.291
147.33  -6.289
147.43  -6.286
147.52  -6.284
147.62  -6.281
147.71  -6.279
147.80  -6.277
147.90  -6.274
148.00  -6.271
148.08  -6.269
148.18  -6.266
148.27  -6.263
148.37  -6.260
148.46  -6.257
148.55  -6.254
148.65  -6.251
148.74  -6.248
148.84  -6.245
148.94  -6.243
149.03  -6.240
149.13  -6.237
149.21  -6.234
149.30  -6.231
149.40  -6.228
149.49  -6.226
149.59  -6.223
149.68  -6.221
149.78  -6.218
149.87  -6.216
149.97  -6.214
150.06  -6.212
150.16  -6.209
150.25  -6.207
150.34  -6.205
150.43  -6.203
150.53  -6.201
150.62  -6.198
150.72  -6.196
150.81  -6.194
150.91  -6.192
151.00  -6.189
151.10  -6.187
151.19  -6.185
151.29  -6.182
151.38  -6.180
151.47  -6.178
151.56  -6.175
151.66  -6.173
151.75  -6.170
151.85  -6.168
151.94  -6.165
152.03  -6.163
152.13  -6.161
152.23  -6.158
152.32  -6.156
152.41  -6.154
152.50  -6.151
152.60  -6.149
152.69  -6.147
152.79  -6.145
152.88  -6.143
152.98  -6.141
153.07  -6.139
153.16  -6.137
153.26  -6.135
153.45  -6.131
153.55  -6.129
153.63  -6.127
153.72  -6.125
153.82  -6.123
153.91  -6.121
154.01  -6.119
154.10  -6.117
154.20  -6.115
154.30  -6.113
154.39  -6.111
154.48  -6.109
154.58  -6.107
154.67  -6.105
154.76  -6.103
154.85  -6.101
154.95  -6.099
155.04  -6.096
155.14  -6.094
155.23  -6.092
155.32  -6.090
155.42  -6.088
155.52  -6.085
155.61  -6.083
155.71  -6.081
155.80  -6.079
155.89  -6.076
155.98  -6.074
156.08  -6.072
156.17  -6.069
156.26  -6.067
156.36  -6.064
156.45  -6.062
156.55  -6.060
156.64  -6.057
156.74  -6.055
156.83  -6.052
156.92  -6.050
157.01  -6.047
157.11  -6.045
157.20  -6.042
157.30  -6.040
157.39  -6.037
157.49  -6.034
157.58  -6.032
157.68  -6.029
157.77  -6.027
157.87  -6.024
157.96  -6.022
158.04  -6.019
158.14  -6.016
158.24  -6.014
158.33  -6.011
158.42  -6.008
158.52  -6.006
158.61  -6.003
158.71  -6.000
158.80  -5.997
158.90  -5.994
158.99  -5.991
159.08  -5.988
159.17  -5.985
159.27  -5.982
159.36  -5.979
159.46  -5.976
159.55  -5.973
159.65  -5.970
159.74  -5.967
159.84  -5.964
159.93  -5.961
160.02  -5.958
160.12  -5.955
160.21  -5.952
160.30  -5.949
160.39  -5.946
160.49  -5.943
160.58  -5.940
160.68  -5.937
160.77  -5.934
160.87  -5.931
160.96  -5.928
161.06  -5.925
161.15  -5.922
161.24  -5.919
161.34  -5.916
161.43  -5.913
161.52  -5.910
161.62  -5.908
161.71  -5.905
161.81  -5.902
161.90  -5.899
161.99  -5.896
162.09  -5.894
162.19  -5.891
162.28  -5.888
162.37  -5.886
162.46  -5.883
162.56  -5.880
162.65  -5.877
162.75  -5.875
162.84  -5.872
162.93  -5.869
163.03  -5.866
163.12  -5.864
163.22  -5.861
163.31  -5.858
163.40  -5.855
163.49  -5.852
163.59  -5.849
163.68  -5.846
163.78  -5.843
163.87  -5.841
163.97  -5.838
164.06  -5.835
164.16  -5.832
164.25  -5.829
164.35  -5.825
164.44  -5.822
164.53  -5.819
164.62  -5.816
164.72  -5.813
164.81  -5.809
164.91  -5.806
165.00  -5.803
165.10  -5.799
165.19  -5.796
165.29  -5.792
165.38  -5.789
165.47  -5.785
165.57  -5.782
165.66  -5.778
165.75  -5.775
165.85  -5.771
165.94  -5.767
166.04  -5.764
166.13  -5.760
166.23  -5.757
166.32  -5.753
166.42  -5.750
166.51  -5.746
166.60  -5.743
166.69  -5.739
166.79  -5.736
166.88  -5.732
166.98  -5.729
167.07  -5.725
167.17  -5.722
167.26  -5.718
167.35  -5.715
167.45  -5.711
167.55  -5.707
167.64  -5.704
167.73  -5.700
167.82  -5.696
167.92  -5.693
168.01  -5.689
168.10  -5.685
168.20  -5.681
168.29  -5.678
168.39  -5.674
168.48  -5.670
168.58  -5.667
168.67  -5.663
168.77  -5.660
168.86  -5.656
168.95  -5.653
169.04  -5.649
169.14  -5.646
169.23  -5.641
169.33  -5.637
169.42  -5.633
169.52  -5.629
169.62  -5.624
169.71  -5.620
169.80  -5.616
169.90  -5.612
169.99  -5.609
170.08  -5.605
170.18  -5.602
170.27  -5.599
170.37  -5.596
170.46  -5.594
170.56  -5.591
170.65  -5.588
170.75  -5.585
170.84  -5.582
170.93  -5.579
171.02  -5.576
171.12  -5.573
171.21  -5.570
171.30  -5.567
171.40  -5.565
171.49  -5.562
171.59  -5.559
171.69  -5.557
171.78  -5.554
171.87  -5.551
171.97  -5.549
172.06  -5.546
172.15  -5.542
172.25  -5.539
172.34  -5.535
172.44  -5.531
172.53  -5.527
172.63  -5.523
172.72  -5.519
172.82  -5.514
172.91  -5.510
173.00  -5.507
173.10  -5.503
173.19  -5.499
173.28  -5.495
173.38  -5.492
173.47  -5.488
173.57  -5.485
173.66  -5.481
173.76  -5.478
173.85  -5.475
173.95  -5.472
174.04  -5.469
174.13  -5.466
174.23  -5.464
174.32  -5.461
174.41  -5.458
174.51  -5.455
174.60  -5.452
174.70  -5.449
174.79  -5.446
174.89  -5.442
174.99  -5.439
175.08  -5.436
175.17  -5.433
175.26  -5.430
175.36  -5.427
175.45  -5.423
175.55  -5.420
175.64  -5.417
175.74  -5.413
175.83  -5.410
175.93  -5.407
176.02  -5.403
176.11  -5.400
176.21  -5.397
176.30  -5.393
176.39  -5.390
176.49  -5.387
176.58  -5.383
176.68  -5.380
176.77  -5.377
176.87  -5.373
176.97  -5.370
177.06  -5.367
177.15  -5.363
177.25  -5.360
177.34  -5.357
177.43  -5.354
177.53  -5.351
177.62  -5.347
177.72  -5.344
177.81  -5.341
177.91  -5.338
178.00  -5.335
178.09  -5.332
178.19  -5.328
178.29  -5.325
178.38  -5.322
178.47  -5.319
178.57  -5.316
178.66  -5.313
178.75  -5.310
178.85  -5.307
179.04  -5.301
179.13  -5.298
179.23  -5.296
179.32  -5.293
179.42  -5.290
179.51  -5.287
179.61  -5.285
179.70  -5.282
179.80  -5.280
179.89  -5.277
179.98  -5.275
180.08  -5.272
180.17  -5.270
180.26  -5.268
180.36  -5.266
180.45  -5.264
180.55  -5.261
180.64  -5.259
180.73  -5.257
180.83  -5.255
180.93  -5.253
181.02  -5.251
181.12  -5.249
181.21  -5.247
181.30  -5.245
181.40  -5.243
181.49  -5.241
181.58  -5.239
181.67  -5.237
181.76  -5.234
181.85  -5.232
181.95  -5.230
182.04  -5.228
182.13  -5.226
182.22  -5.224
182.31  -5.222
182.41  -5.220
182.50  -5.218
182.59  -5.216
182.68  -5.214
182.77  -5.212
182.86  -5.210
182.96  -5.208
183.05  -5.206
183.14  -5.203
183.24  -5.201
183.33  -5.199
183.42  -5.197
183.51  -5.195
183.60  -5.193
183.69  -5.191
183.79  -5.188
183.88  -5.186
183.97  -5.184
184.06  -5.182
184.16  -5.180
184.25  -5.178
184.34  -5.176
184.43  -5.174
184.53  -5.172
184.61  -5.170
184.70  -5.168
184.80  -5.166
184.89  -5.164
184.98  -5.162
185.07  -5.160
185.17  -5.158
185.26  -5.156
185.35  -5.154
185.44  -5.152
185.54  -5.150
185.63  -5.148
185.71  -5.146
185.81  -5.144
185.90  -5.142
185.99  -5.140
186.09  -5.138
186.18  -5.135
186.27  -5.133
186.36  -5.131
186.46  -5.129
186.55  -5.127
186.64  -5.125
186.73  -5.123
186.82  -5.121
186.91  -5.119
187.01  -5.117
187.10  -5.115
187.19  -5.112
187.28  -5.110
187.37  -5.108
187.46  -5.106
187.56  -5.104
187.65  -5.102
187.74  -5.100
187.83  -5.098
187.92  -5.096
188.01  -5.094
188.11  -5.091
188.20  -5.089
188.29  -5.087
188.38  -5.085
188.48  -5.083
188.57  -5.081
188.65  -5.079
188.75  -5.077
188.84  -5.075
188.93  -5.073
189.02  -5.071
189.12  -5.070
189.21  -5.068
189.30  -5.066
189.39  -5.064
189.49  -5.062
189.58  -5.060
189.67  -5.058
189.76  -5.056
189.85  -5.054
189.94  -5.052
190.04  -5.050
190.13  -5.048
190.22  -5.046
190.32  -5.044
190.41  -5.042
190.50  -5.040
190.59  -5.038
190.68  -5.036
190.78  -5.034
190.86  -5.031
190.95  -5.029
191.04  -5.027
191.14  -5.025
191.23  -5.023
191.32  -5.020
191.41  -5.018
191.51  -5.016
191.60  -5.013
191.69  -5.011
191.78  -5.009
191.87  -5.006
191.96  -5.004
192.06  -5.001
192.15  -4.999
192.24  -4.996
192.33  -4.994
192.42  -4.991
192.52  -4.989
192.61  -4.986
192.70  -4.983
192.79  -4.981
192.88  -4.978
192.97  -4.976
193.07  -4.973
193.16  -4.971
193.25  -4.968
193.35  -4.966
193.44  -4.963
193.53  -4.961
193.62  -4.958
193.71  -4.956
193.80  -4.953
193.89  -4.950
193.99  -4.948
194.08  -4.945
194.17  -4.943
194.26  -4.940
194.35  -4.937
194.44  -4.935
194.54  -4.932
194.63  -4.929
194.72  -4.927
194.82  -4.924
194.90  -4.921
194.99  -4.919
195.08  -4.916
195.18  -4.913
195.27  -4.910
195.37  -4.908
195.46  -4.905
195.55  -4.902
195.64  -4.900
195.73  -4.897
195.82  -4.894
195.91  -4.892
196.01  -4.888
196.10  -4.885
196.19  -4.882
196.28  -4.879
196.38  -4.876
196.47  -4.872
196.56  -4.869
196.65  -4.866
196.83  -4.861
196.92  -4.858
197.01  -4.856
197.11  -4.853
197.20  -4.851
197.29  -4.848
197.38  -4.846
197.48  -4.843
197.57  -4.841
197.66  -4.838
197.75  -4.836
197.85  -4.834
197.93  -4.831
198.02  -4.829
198.12  -4.826
198.21  -4.823
198.30  -4.821
198.39  -4.818
198.48  -4.815
198.58  -4.812
198.67  -4.808
198.76  -4.805
198.85  -4.802
198.94  -4.799
199.03  -4.795
199.12  -4.792
199.22  -4.788
199.31  -4.785
199.40  -4.781
199.49  -4.778
199.59  -4.774
199.68  -4.770
199.76  -4.767
199.86  -4.763
199.95  -4.759
200.04  -4.756
200.14  -4.752
200.23  -4.748
200.32  -4.745
200.41  -4.742
200.50  -4.738
200.60  -4.735
200.69  -4.732
200.78  -4.729
200.86  -4.726
200.96  -4.723
201.05  -4.720
201.14  -4.717
201.24  -4.714
