  
  DOI/GTN-P Deep Borehole Array, Arctic Alaska 
             U.S. Geological Survey 
            Processed Temperature Log 
                    28-Aug-2013 
________________________________________________ 
  
Temperature Log Information: 
  Well name:   Kuyanak Test Well #1 
  File name:   KUY_02AUG25_c_d 
  Log date:    25-AUG-2002 
  
Contact Information: 
  Gary Clow 
  U.S. Geological Survey 
  clow@usgs.gov 
  
Definitions: 
  Depth:        Depth below local ground surface (m) 
  Temperature:  ITS-90 temperature (°C) 
________________________________________________ 
             
 Depth  Temperature 
 10.63  -8.175
 10.76  -8.176
 10.89  -8.178
 11.03  -8.179
 11.16  -8.179
 11.30  -8.180
 11.44  -8.180
 11.57  -8.180
 11.71  -8.181
 11.84  -8.181
 11.98  -8.182
 12.12  -8.183
 12.24  -8.184
 12.37  -8.185
 12.49  -8.186
 12.63  -8.188
 12.76  -8.190
 12.88  -8.192
 13.00  -8.194
 13.12  -8.196
 13.25  -8.200
 13.38  -8.203
 13.51  -8.206
 13.63  -8.210
 13.75  -8.214
 13.88  -8.219
 14.01  -8.223
 14.14  -8.227
 14.26  -8.231
 14.39  -8.236
 14.51  -8.240
 14.63  -8.244
 14.77  -8.249
 14.89  -8.254
 15.01  -8.258
 15.14  -8.263
 15.26  -8.268
 15.40  -8.273
 15.53  -8.277
 15.65  -8.282
 15.77  -8.287
 15.89  -8.293
 16.02  -8.298
 16.15  -8.303
 16.27  -8.308
 16.40  -8.314
 16.52  -8.319
 16.65  -8.325
 16.78  -8.330
 16.91  -8.336
 17.03  -8.341
 17.15  -8.347
 17.28  -8.353
 17.41  -8.359
 17.54  -8.365
 17.66  -8.371
 17.79  -8.377
 17.91  -8.383
 18.04  -8.389
 18.18  -8.395
 18.30  -8.401
 18.42  -8.407
 18.55  -8.413
 18.67  -8.419
 18.80  -8.425
 18.93  -8.430
 19.05  -8.436
 19.17  -8.441
 19.30  -8.447
 19.43  -8.452
 19.57  -8.458
 19.69  -8.463
 19.81  -8.468
 19.94  -8.473
 20.07  -8.478
 20.20  -8.483
 20.33  -8.488
 20.45  -8.493
 20.57  -8.498
 20.71  -8.502
 20.84  -8.507
 20.96  -8.512
 21.09  -8.516
 21.21  -8.521
 21.34  -8.525
 21.47  -8.530
 21.60  -8.534
 21.73  -8.539
 21.85  -8.543
 21.97  -8.548
 22.10  -8.552
 22.23  -8.556
 22.36  -8.560
 22.48  -8.564
 22.61  -8.568
 22.74  -8.572
 22.87  -8.576
 23.00  -8.580
 23.12  -8.584
 23.24  -8.587
 23.37  -8.590
 23.50  -8.594
 23.63  -8.597
 23.76  -8.600
 23.88  -8.603
 24.01  -8.606
 24.13  -8.609
 24.26  -8.611
 24.39  -8.614
 24.52  -8.617
 24.64  -8.619
 24.77  -8.622
 24.90  -8.624
 25.03  -8.626
 25.15  -8.628
 25.28  -8.631
 25.41  -8.633
 25.54  -8.635
 25.66  -8.637
 25.79  -8.639
 25.92  -8.641
 26.04  -8.643
 26.17  -8.644
 26.30  -8.646
 26.43  -8.648
 26.55  -8.649
 26.68  -8.651
 26.81  -8.652
 26.94  -8.654
 27.07  -8.655
 27.19  -8.656
 27.32  -8.657
 27.45  -8.658
 27.58  -8.659
 27.70  -8.660
 27.83  -8.661
 27.96  -8.662
 28.08  -8.663
 28.21  -8.664
 28.34  -8.665
 28.47  -8.665
 28.59  -8.666
 28.71  -8.667
 28.84  -8.667
 28.96  -8.668
 29.09  -8.668
 29.21  -8.668
 29.33  -8.669
 29.46  -8.669
 29.58  -8.669
 29.71  -8.670
 29.83  -8.670
 29.95  -8.670
 30.08  -8.670
 30.20  -8.670
 30.33  -8.670
 30.45  -8.671
 30.57  -8.671
 30.70  -8.671
 30.82  -8.671
 30.95  -8.671
 31.07  -8.671
 31.20  -8.671
 31.32  -8.670
 31.45  -8.670
 31.57  -8.670
 31.70  -8.670
 31.82  -8.670
 31.94  -8.670
 32.07  -8.670
 32.19  -8.670
 32.32  -8.670
 32.44  -8.670
 32.57  -8.670
 32.69  -8.670
 32.81  -8.670
 32.94  -8.670
 33.07  -8.669
 33.19  -8.669
 33.31  -8.669
 33.44  -8.669
 33.56  -8.668
 33.69  -8.668
 33.81  -8.667
 33.94  -8.667
 34.06  -8.666
 34.19  -8.666
 34.31  -8.665
 34.44  -8.665
 34.56  -8.664
 34.68  -8.663
 34.81  -8.663
 34.94  -8.662
 35.06  -8.661
 35.19  -8.661
 35.31  -8.660
 35.43  -8.659
 35.56  -8.658
 35.69  -8.658
 35.81  -8.657
 35.93  -8.656
 36.06  -8.655
 36.18  -8.654
 36.31  -8.653
 36.43  -8.652
 36.55  -8.651
 36.68  -8.650
 36.80  -8.649
 36.93  -8.648
 37.06  -8.647
 37.18  -8.646
 37.30  -8.645
 37.43  -8.644
 37.56  -8.643
 37.68  -8.642
 37.81  -8.641
 37.93  -8.640
 38.05  -8.639
 38.18  -8.637
 38.31  -8.636
 38.43  -8.635
 38.55  -8.634
 38.68  -8.633
 38.81  -8.632
 38.93  -8.631
 39.06  -8.630
 39.18  -8.628
 39.30  -8.627
 39.43  -8.626
 39.56  -8.625
 39.69  -8.624
 39.81  -8.622
 39.93  -8.621
 40.06  -8.620
 40.19  -8.619
 40.31  -8.618
 40.43  -8.616
 40.55  -8.615
 40.68  -8.614
 40.81  -8.613
 40.94  -8.611
 41.06  -8.610
 41.18  -8.609
 41.30  -8.608
 41.43  -8.606
 41.56  -8.605
 41.69  -8.604
 41.81  -8.602
 41.93  -8.601
 42.06  -8.600
 42.19  -8.599
 42.31  -8.597
 42.44  -8.596
 42.56  -8.595
 42.68  -8.593
 42.81  -8.592
 42.94  -8.590
 43.06  -8.589
 43.18  -8.588
 43.31  -8.586
 43.44  -8.585
 43.57  -8.584
 43.69  -8.582
 43.81  -8.581
 43.94  -8.579
 44.07  -8.578
 44.19  -8.577
 44.32  -8.575
 44.44  -8.574
 44.57  -8.572
 44.69  -8.571
 44.82  -8.569
 44.94  -8.568
 45.07  -8.566
 45.19  -8.565
 45.32  -8.564
 45.44  -8.562
 45.57  -8.561
 45.70  -8.559
 45.82  -8.558
 45.94  -8.556
 46.08  -8.555
 46.20  -8.553
 46.33  -8.552
 46.45  -8.550
 46.57  -8.549
 46.70  -8.547
 46.83  -8.546
 46.95  -8.544
 47.07  -8.543
 47.20  -8.541
 47.33  -8.539
 47.45  -8.538
 47.58  -8.536
 47.70  -8.534
 47.83  -8.533
 47.95  -8.531
 48.08  -8.529
 48.21  -8.528
 48.33  -8.526
 48.45  -8.524
 48.58  -8.523
 48.71  -8.521
 48.84  -8.519
 48.96  -8.517
 49.09  -8.516
 49.21  -8.514
 49.34  -8.512
 49.46  -8.510
 49.59  -8.509
 49.72  -8.507
 49.84  -8.505
 49.97  -8.504
 50.09  -8.502
 50.22  -8.500
 50.34  -8.498
 50.47  -8.497
 50.59  -8.495
 50.72  -8.493
 50.85  -8.492
 50.97  -8.490
 51.09  -8.488
 51.22  -8.487
 51.35  -8.485
 51.47  -8.483
 51.60  -8.482
 51.73  -8.480
 51.85  -8.479
 51.98  -8.477
 52.11  -8.476
 52.23  -8.474
 52.35  -8.473
 52.48  -8.472
 52.60  -8.470
 52.73  -8.469
 52.86  -8.467
 52.98  -8.466
 53.10  -8.464
 53.23  -8.463
 53.36  -8.461
 53.49  -8.460
 53.61  -8.458
 53.73  -8.457
 53.86  -8.455
 53.99  -8.454
 54.11  -8.452
 54.24  -8.450
 54.36  -8.449
 54.49  -8.447
 54.61  -8.445
 54.74  -8.444
 54.87  -8.442
 54.99  -8.441
 55.12  -8.439
 55.25  -8.437
 55.37  -8.436
 55.50  -8.434
 55.62  -8.432
 55.75  -8.430
 55.87  -8.429
 56.00  -8.427
 56.13  -8.425
 56.25  -8.423
 56.38  -8.422
 56.50  -8.420
 56.63  -8.418
 56.76  -8.416
 56.88  -8.414
 57.01  -8.413
 57.13  -8.411
 57.26  -8.409
 57.39  -8.407
 57.51  -8.405
 57.64  -8.404
 57.76  -8.402
 57.89  -8.400
 58.02  -8.398
 58.14  -8.397
 58.26  -8.395
 58.39  -8.393
 58.51  -8.391
 58.64  -8.390
 58.77  -8.388
 58.89  -8.386
 59.02  -8.384
 59.14  -8.383
 59.27  -8.381
 59.40  -8.379
 59.52  -8.378
 59.65  -8.376
 59.77  -8.375
 59.90  -8.373
 60.03  -8.371
 60.15  -8.370
 60.28  -8.368
 60.40  -8.367
 60.53  -8.365
 60.65  -8.364
 60.78  -8.362
 60.90  -8.361
 61.03  -8.359
 61.16  -8.358
 61.28  -8.356
 61.41  -8.354
 61.53  -8.353
 61.66  -8.351
 61.78  -8.350
 61.91  -8.348
 62.03  -8.347
 62.16  -8.345
 62.28  -8.343
 62.41  -8.342
 62.53  -8.340
 62.66  -8.338
 62.78  -8.337
 62.91  -8.335
 63.04  -8.333
 63.16  -8.331
 63.29  -8.330
 63.41  -8.328
 63.54  -8.326
 63.66  -8.324
 63.79  -8.322
 63.92  -8.320
 64.04  -8.318
 64.17  -8.316
 64.29  -8.314
 64.42  -8.312
 64.54  -8.310
 64.67  -8.308
 64.80  -8.306
 64.92  -8.304
 65.05  -8.302
 65.17  -8.300
 65.29  -8.298
 65.42  -8.296
 65.54  -8.295
 65.66  -8.293
 65.79  -8.291
 65.91  -8.289
 66.03  -8.287
 66.15  -8.285
 66.27  -8.283
 66.40  -8.281
 66.52  -8.279
 66.64  -8.277
 66.76  -8.275
 66.89  -8.274
 67.01  -8.272
 67.13  -8.270
 67.25  -8.268
 67.38  -8.266
 67.50  -8.265
 67.62  -8.263
 67.74  -8.261
 67.87  -8.260
 67.99  -8.258
 68.11  -8.256
 68.24  -8.255
 68.36  -8.253
 68.48  -8.252
 68.60  -8.250
 68.73  -8.248
 68.85  -8.247
 68.97  -8.245
 69.10  -8.244
 69.22  -8.242
 69.34  -8.240
 69.46  -8.239
 69.59  -8.237
 69.71  -8.235
 69.83  -8.234
 69.96  -8.232
 70.08  -8.230
 70.20  -8.228
 70.33  -8.226
 70.45  -8.225
 70.57  -8.223
 70.70  -8.221
 70.82  -8.219
 70.95  -8.217
 71.07  -8.215
 71.19  -8.214
 71.31  -8.212
 71.44  -8.210
 71.56  -8.208
 71.69  -8.206
 71.81  -8.204
 71.93  -8.202
 72.06  -8.200
 72.18  -8.198
 72.30  -8.196
 72.43  -8.194
 72.55  -8.192
 72.67  -8.189
 72.80  -8.187
 72.92  -8.185
 73.04  -8.183
 73.17  -8.181
 73.29  -8.179
 73.42  -8.177
 73.54  -8.175
 73.66  -8.173
 73.78  -8.171
 73.91  -8.169
 74.03  -8.167
 74.16  -8.165
 74.28  -8.163
 74.40  -8.161
 74.53  -8.159
 74.65  -8.157
 74.78  -8.154
 74.90  -8.152
 75.02  -8.150
 75.14  -8.148
 75.27  -8.146
 75.39  -8.144
 75.51  -8.142
 75.64  -8.140
 75.76  -8.138
 75.88  -8.136
 76.01  -8.134
 76.13  -8.132
 76.25  -8.130
 76.38  -8.127
 76.50  -8.125
 76.63  -8.123
 76.75  -8.121
 76.87  -8.119
 76.99  -8.117
 77.12  -8.115
 77.25  -8.113
 77.37  -8.111
 77.49  -8.109
 77.62  -8.106
 77.74  -8.104
 77.86  -8.102
 77.99  -8.100
 78.11  -8.098
 78.23  -8.096
 78.36  -8.093
 78.48  -8.091
 78.61  -8.089
 78.73  -8.087
 78.85  -8.085
 78.98  -8.083
 79.10  -8.080
 79.22  -8.078
 79.35  -8.076
 79.47  -8.074
 79.59  -8.072
 79.72  -8.070
 79.84  -8.067
 79.97  -8.065
 80.09  -8.063
 80.21  -8.061
 80.34  -8.059
 80.46  -8.056
 80.59  -8.054
 80.71  -8.052
 80.83  -8.050
 80.96  -8.048
 81.08  -8.045
 81.21  -8.043
 81.33  -8.041
 81.45  -8.039
 81.58  -8.036
 81.70  -8.034
 81.83  -8.032
 81.95  -8.029
 82.07  -8.027
 82.20  -8.025
 82.32  -8.022
 82.44  -8.020
 82.57  -8.018
 82.69  -8.015
 82.82  -8.013
 82.94  -8.010
 83.07  -8.008
 83.19  -8.006
 83.31  -8.003
 83.44  -8.001
 83.56  -7.999
 83.69  -7.996
 83.81  -7.994
 83.93  -7.991
 84.05  -7.989
 84.18  -7.987
 84.31  -7.984
 84.43  -7.982
 84.56  -7.979
 84.68  -7.976
 84.80  -7.974
 84.93  -7.971
 85.05  -7.968
 85.17  -7.966
 85.30  -7.963
 85.42  -7.961
 85.55  -7.958
 85.67  -7.956
 85.79  -7.953
 85.92  -7.951
 86.04  -7.948
 86.17  -7.945
 86.29  -7.942
 86.41  -7.939
 86.54  -7.936
 86.66  -7.932
 86.79  -7.929
 86.91  -7.926
 87.03  -7.922
 87.15  -7.919
 87.28  -7.915
 87.41  -7.912
 87.53  -7.908
 87.65  -7.905
 87.77  -7.901
 87.90  -7.897
 88.03  -7.894
 88.15  -7.890
 88.27  -7.886
 88.39  -7.882
 88.52  -7.878
 88.64  -7.874
 88.77  -7.871
 88.89  -7.867
 89.01  -7.863
 89.14  -7.859
 89.26  -7.855
 89.39  -7.851
 89.51  -7.847
 89.63  -7.843
 89.76  -7.840
 89.88  -7.836
 90.01  -7.832
 90.13  -7.828
 90.25  -7.824
 90.38  -7.821
 90.50  -7.817
 90.63  -7.813
 90.75  -7.809
 90.88  -7.805
 91.00  -7.801
 91.12  -7.797
 91.25  -7.793
 91.37  -7.790
 91.50  -7.786
 91.62  -7.782
 91.75  -7.778
 91.87  -7.774
 92.00  -7.770
 92.12  -7.766
 92.24  -7.762
 92.36  -7.758
 92.49  -7.754
 92.62  -7.750
 92.74  -7.746
 92.86  -7.742
 92.99  -7.738
 93.11  -7.734
 93.24  -7.730
 93.36  -7.726
 93.48  -7.722
 93.61  -7.718
 93.73  -7.715
 93.86  -7.711
 93.98  -7.707
 94.10  -7.703
 94.23  -7.699
 94.35  -7.696
 94.48  -7.692
 94.60  -7.688
 94.72  -7.684
 94.85  -7.681
 94.97  -7.677
 95.10  -7.673
 95.22  -7.669
 95.34  -7.665
 95.47  -7.662
 95.59  -7.658
 95.71  -7.654
 95.84  -7.651
 95.96  -7.647
 96.08  -7.643
 96.21  -7.639
 96.33  -7.636
 96.46  -7.632
 96.58  -7.629
 96.70  -7.625
 96.83  -7.621
 96.95  -7.618
 97.07  -7.614
 97.20  -7.611
 97.32  -7.607
 97.44  -7.604
 97.57  -7.600
 97.69  -7.597
 97.81  -7.593
 97.94  -7.590
 98.06  -7.586
 98.19  -7.583
 98.31  -7.580
 98.43  -7.576
 98.56  -7.573
 98.68  -7.570
 98.81  -7.567
 98.93  -7.563
 99.05  -7.560
 99.18  -7.557
 99.30  -7.554
 99.42  -7.551
 99.55  -7.548
 99.67  -7.545
 99.79  -7.542
 99.92  -7.539
100.04  -7.536
100.17  -7.533
100.29  -7.530
100.41  -7.528
100.53  -7.525
100.66  -7.522
100.78  -7.519
100.91  -7.517
101.03  -7.514
101.15  -7.511
101.27  -7.508
101.39  -7.505
101.51  -7.503
101.63  -7.500
101.75  -7.497
101.87  -7.495
101.99  -7.492
102.11  -7.489
102.23  -7.487
102.35  -7.484
102.47  -7.481
102.59  -7.479
102.71  -7.476
102.83  -7.474
102.95  -7.471
103.07  -7.469
103.19  -7.466
103.31  -7.464
103.43  -7.461
103.55  -7.459
103.67  -7.456
103.79  -7.454
103.91  -7.452
104.03  -7.449
104.15  -7.447
104.27  -7.445
104.39  -7.442
104.51  -7.440
104.63  -7.438
104.75  -7.435
104.87  -7.433
104.99  -7.430
105.11  -7.428
105.23  -7.425
105.35  -7.423
105.47  -7.420
105.59  -7.418
105.71  -7.415
105.83  -7.413
105.95  -7.410
106.07  -7.408
106.19  -7.405
106.31  -7.402
106.43  -7.400
106.55  -7.397
106.67  -7.395
106.79  -7.392
106.91  -7.390
107.03  -7.388
107.15  -7.385
107.27  -7.383
107.39  -7.380
107.51  -7.378
107.63  -7.376
107.75  -7.373
107.88  -7.371
108.00  -7.369
108.12  -7.366
108.24  -7.364
108.36  -7.361
108.48  -7.359
108.60  -7.357
108.72  -7.354
108.84  -7.352
108.96  -7.349
109.08  -7.347
109.20  -7.344
109.32  -7.342
109.44  -7.339
109.56  -7.337
109.68  -7.334
109.80  -7.331
109.92  -7.329
110.04  -7.326
110.16  -7.324
110.29  -7.321
110.41  -7.319
110.52  -7.316
110.64  -7.314
110.77  -7.311
110.89  -7.308
111.01  -7.306
111.13  -7.303
111.25  -7.301
111.37  -7.298
111.49  -7.296
111.61  -7.293
111.73  -7.291
111.85  -7.288
111.97  -7.286
112.09  -7.283
112.21  -7.281
112.33  -7.278
112.45  -7.275
112.57  -7.273
112.69  -7.270
112.82  -7.268
112.94  -7.265
113.06  -7.263
113.18  -7.260
113.30  -7.257
113.42  -7.255
113.54  -7.252
113.66  -7.250
113.78  -7.247
113.90  -7.245
114.02  -7.242
114.14  -7.239
114.26  -7.237
114.39  -7.234
114.50  -7.232
114.63  -7.229
114.75  -7.227
114.87  -7.224
114.99  -7.221
115.11  -7.219
115.23  -7.216
115.35  -7.214
115.47  -7.211
115.59  -7.209
115.71  -7.206
115.83  -7.203
115.95  -7.201
116.07  -7.198
116.20  -7.196
116.32  -7.193
116.44  -7.190
116.56  -7.188
116.68  -7.185
116.80  -7.182
116.92  -7.180
117.04  -7.177
117.16  -7.174
117.28  -7.172
117.40  -7.169
117.52  -7.166
117.65  -7.163
117.77  -7.161
117.89  -7.158
118.01  -7.155
118.13  -7.153
118.25  -7.150
118.37  -7.147
118.49  -7.144
118.61  -7.142
118.73  -7.139
118.85  -7.136
118.97  -7.133
119.09  -7.131
119.21  -7.128
119.33  -7.125
119.45  -7.122
119.58  -7.120
119.70  -7.117
119.82  -7.114
119.94  -7.111
120.06  -7.108
120.18  -7.106
120.30  -7.103
120.42  -7.100
120.54  -7.097
120.66  -7.094
120.79  -7.092
120.90  -7.089
121.03  -7.086
121.14  -7.083
121.27  -7.080
121.39  -7.077
121.51  -7.074
121.63  -7.071
121.75  -7.068
121.87  -7.065
121.99  -7.062
122.11  -7.059
122.24  -7.056
122.35  -7.053
122.47  -7.050
122.59  -7.046
122.72  -7.043
122.84  -7.039
122.95  -7.036
123.08  -7.033
123.20  -7.029
123.32  -7.026
123.44  -7.022
123.56  -7.019
123.68  -7.015
123.80  -7.012
123.92  -7.008
124.04  -7.005
124.16  -7.001
124.28  -6.998
124.40  -6.995
124.52  -6.991
124.64  -6.988
124.76  -6.984
124.88  -6.981
125.00  -6.978
125.12  -6.975
125.24  -6.971
125.36  -6.968
125.48  -6.965
125.60  -6.962
125.72  -6.959
125.84  -6.955
125.96  -6.952
126.08  -6.949
126.20  -6.946
126.32  -6.943
126.44  -6.940
126.56  -6.938
126.68  -6.935
126.80  -6.932
126.92  -6.929
127.04  -6.926
127.16  -6.923
127.28  -6.921
127.40  -6.918
127.53  -6.915
127.65  -6.912
127.77  -6.910
127.89  -6.907
128.01  -6.904
128.13  -6.901
128.25  -6.899
128.37  -6.896
128.49  -6.893
128.60  -6.891
128.73  -6.888
128.85  -6.885
128.97  -6.883
129.09  -6.880
129.21  -6.877
129.33  -6.874
129.45  -6.871
129.57  -6.868
129.69  -6.866
129.81  -6.862
129.93  -6.859
130.05  -6.856
130.17  -6.853
130.29  -6.849
130.41  -6.845
130.53  -6.842
130.65  -6.838
130.77  -6.834
130.89  -6.830
131.02  -6.827
131.13  -6.823
131.25  -6.819
131.38  -6.815
131.50  -6.811
131.62  -6.807
131.73  -6.803
131.98  -6.795
132.09  -6.791
132.22  -6.787
132.33  -6.783
132.46  -6.779
132.58  -6.775
132.70  -6.771
132.82  -6.767
132.94  -6.763
133.06  -6.758
133.18  -6.754
133.30  -6.750
133.42  -6.746
133.53  -6.742
133.65  -6.738
133.78  -6.734
133.89  -6.729
134.01  -6.725
134.13  -6.721
134.26  -6.717
134.38  -6.713
134.50  -6.709
134.62  -6.705
134.74  -6.701
134.86  -6.697
134.98  -6.693
135.10  -6.688
135.22  -6.684
135.34  -6.680
135.45  -6.676
135.58  -6.672
135.70  -6.668
135.82  -6.663
135.93  -6.659
136.04  -6.655
136.16  -6.650
136.28  -6.646
136.40  -6.642
136.51  -6.637
136.63  -6.633
136.75  -6.628
136.86  -6.624
136.98  -6.620
137.10  -6.615
137.21  -6.611
137.33  -6.607
137.45  -6.602
137.56  -6.598
137.68  -6.594
137.80  -6.590
137.91  -6.586
138.03  -6.582
138.15  -6.578
138.26  -6.574
138.38  -6.570
138.49  -6.567
138.61  -6.563
138.73  -6.559
138.85  -6.555
138.96  -6.551
139.07  -6.547
139.19  -6.543
139.31  -6.539
139.43  -6.535
139.54  -6.531
139.66  -6.527
139.78  -6.523
139.89  -6.519
140.01  -6.514
140.13  -6.510
140.24  -6.506
140.36  -6.502
140.48  -6.497
140.59  -6.493
140.71  -6.489
140.82  -6.485
140.94  -6.481
141.06  -6.476
141.18  -6.472
141.29  -6.468
141.41  -6.464
141.53  -6.461
141.64  -6.457
141.76  -6.453
141.88  -6.449
141.99  -6.446
142.11  -6.442
142.23  -6.438
142.35  -6.435
142.46  -6.431
142.58  -6.428
142.69  -6.424
142.81  -6.420
142.93  -6.417
143.05  -6.413
143.16  -6.410
143.28  -6.406
143.40  -6.402
143.51  -6.399
143.63  -6.395
143.75  -6.391
143.86  -6.388
143.98  -6.384
144.10  -6.380
144.22  -6.377
144.33  -6.373
144.45  -6.370
144.56  -6.366
144.68  -6.362
144.80  -6.359
144.92  -6.355
145.03  -6.352
145.15  -6.348
145.27  -6.344
145.39  -6.341
145.51  -6.337
145.62  -6.333
145.74  -6.330
145.86  -6.326
145.98  -6.322
146.09  -6.319
146.21  -6.315
146.33  -6.312
146.45  -6.308
146.56  -6.305
146.68  -6.301
146.80  -6.298
146.92  -6.294
147.04  -6.291
147.15  -6.288
147.27  -6.285
147.38  -6.282
147.50  -6.279
147.62  -6.276
147.74  -6.273
147.85  -6.270
147.97  -6.267
148.09  -6.264
148.20  -6.261
148.33  -6.258
148.44  -6.255
148.56  -6.252
148.68  -6.249
148.79  -6.246
148.91  -6.243
149.03  -6.240
149.15  -6.237
149.27  -6.234
149.38  -6.231
149.50  -6.227
149.62  -6.224
149.74  -6.221
149.85  -6.218
149.97  -6.215
150.09  -6.212
150.21  -6.209
150.33  -6.206
150.44  -6.202
150.56  -6.199
150.68  -6.196
150.80  -6.193
150.92  -6.190
151.03  -6.186
151.15  -6.183
151.27  -6.180
151.39  -6.177
151.50  -6.174
151.62  -6.171
151.74  -6.167
151.86  -6.164
151.98  -6.161
152.09  -6.158
152.21  -6.155
152.33  -6.152
152.44  -6.149
152.56  -6.146
152.68  -6.143
152.80  -6.140
152.92  -6.138
153.03  -6.135
153.15  -6.132
153.27  -6.130
153.39  -6.127
153.51  -6.125
153.62  -6.122
153.74  -6.119
153.86  -6.117
153.98  -6.114
154.10  -6.112
154.21  -6.109
154.33  -6.107
154.45  -6.104
154.57  -6.102
154.69  -6.100
154.81  -6.097
154.92  -6.095
155.04  -6.093
155.16  -6.090
155.28  -6.088
155.40  -6.085
155.51  -6.083
155.63  -6.081
155.75  -6.078
155.87  -6.076
155.99  -6.073
156.11  -6.070
156.22  -6.068
156.34  -6.065
156.46  -6.062
156.58  -6.060
156.70  -6.057
156.82  -6.054
156.93  -6.051
157.05  -6.048
157.17  -6.045
157.28  -6.042
157.40  -6.039
157.52  -6.035
157.64  -6.032
157.76  -6.029
157.87  -6.026
157.99  -6.022
158.11  -6.019
158.23  -6.015
158.35  -6.011
158.46  -6.007
158.58  -6.003
158.70  -5.999
158.82  -5.995
158.94  -5.991
159.06  -5.987
159.17  -5.982
159.29  -5.978
159.41  -5.974
159.53  -5.969
159.65  -5.965
159.76  -5.961
159.89  -5.957
160.00  -5.952
160.12  -5.948
160.24  -5.944
160.35  -5.940
160.47  -5.936
160.59  -5.933
160.71  -5.929
160.83  -5.925
160.95  -5.921
161.07  -5.918
161.18  -5.914
161.30  -5.910
161.42  -5.907
161.54  -5.903
161.66  -5.899
161.78  -5.895
161.89  -5.892
162.01  -5.888
162.13  -5.884
162.25  -5.880
162.37  -5.876
162.49  -5.871
162.61  -5.867
162.72  -5.863
162.84  -5.859
162.96  -5.855
163.08  -5.850
163.20  -5.846
163.32  -5.842
163.44  -5.838
163.55  -5.834
163.67  -5.830
163.79  -5.826
163.91  -5.822
164.03  -5.819
164.15  -5.815
164.26  -5.812
164.38  -5.808
164.50  -5.805
164.62  -5.802
164.74  -5.798
164.86  -5.795
164.97  -5.792
165.09  -5.788
165.21  -5.785
165.33  -5.782
165.44  -5.778
165.56  -5.775
165.68  -5.772
165.80  -5.768
165.92  -5.765
166.04  -5.762
166.15  -5.758
166.27  -5.755
166.39  -5.751
166.51  -5.748
166.63  -5.744
166.75  -5.740
166.87  -5.737
166.99  -5.733
167.11  -5.729
167.22  -5.726
167.34  -5.722
167.46  -5.718
167.58  -5.714
167.70  -5.710
167.81  -5.706
167.93  -5.701
168.05  -5.697
168.17  -5.692
168.29  -5.688
168.41  -5.683
168.53  -5.678
168.65  -5.674
168.76  -5.669
168.88  -5.664
169.00  -5.660
169.12  -5.655
169.24  -5.650
169.35  -5.645
169.47  -5.640
169.60  -5.635
169.71  -5.630
169.82  -5.626
169.94  -5.621
170.05  -5.616
170.17  -5.611
170.28  -5.606
170.40  -5.601
170.51  -5.596
170.63  -5.592
170.75  -5.587
170.86  -5.582
170.97  -5.577
171.09  -5.572
171.20  -5.568
171.32  -5.563
171.43  -5.558
171.55  -5.554
171.67  -5.550
171.78  -5.545
171.89  -5.541
172.01  -5.537
172.12  -5.533
172.24  -5.529
172.35  -5.524
172.47  -5.520
172.58  -5.516
172.70  -5.512
172.81  -5.508
172.93  -5.504
173.04  -5.500
173.16  -5.496
173.27  -5.492
173.39  -5.488
173.50  -5.483
173.62  -5.479
173.73  -5.475
173.85  -5.470
173.96  -5.466
174.08  -5.462
174.19  -5.457
174.31  -5.453
174.42  -5.449
174.54  -5.444
174.65  -5.440
174.77  -5.436
174.88  -5.432
175.00  -5.428
175.12  -5.424
175.23  -5.420
175.35  -5.416
175.46  -5.412
175.58  -5.408
175.69  -5.404
175.80  -5.400
175.92  -5.396
176.04  -5.393
176.15  -5.389
176.27  -5.385
176.38  -5.381
176.50  -5.378
176.62  -5.374
176.73  -5.371
176.85  -5.367
176.96  -5.364
177.08  -5.360
177.20  -5.357
177.31  -5.353
177.43  -5.350
177.54  -5.346
177.66  -5.343
177.78  -5.340
177.89  -5.336
178.00  -5.333
178.12  -5.330
178.24  -5.326
178.35  -5.323
178.47  -5.320
178.58  -5.317
178.70  -5.314
178.82  -5.310
178.93  -5.307
179.05  -5.304
179.16  -5.301
179.28  -5.298
179.39  -5.295
179.51  -5.291
179.63  -5.288
179.74  -5.285
179.86  -5.282
179.97  -5.279
180.09  -5.276
180.21  -5.273
180.32  -5.270
180.44  -5.267
180.55  -5.264
180.67  -5.261
180.79  -5.258
180.90  -5.256
181.01  -5.253
181.13  -5.250
181.24  -5.247
181.36  -5.244
181.48  -5.241
181.59  -5.239
181.71  -5.236
181.82  -5.233
181.94  -5.230
182.06  -5.228
182.17  -5.225
182.29  -5.222
182.41  -5.220
182.52  -5.217
182.64  -5.214
182.75  -5.211
182.87  -5.209
182.98  -5.206
183.10  -5.203
183.22  -5.201
183.33  -5.198
183.45  -5.195
183.57  -5.193
183.68  -5.190
183.80  -5.187
183.92  -5.185
184.03  -5.182
184.15  -5.179
184.26  -5.177
184.38  -5.174
184.50  -5.172
184.61  -5.169
184.73  -5.166
184.84  -5.164
184.96  -5.161
185.07  -5.159
185.19  -5.156
185.31  -5.154
185.42  -5.151
185.54  -5.149
185.65  -5.146
185.77  -5.144
185.88  -5.141
186.00  -5.139
186.12  -5.136
186.23  -5.134
186.35  -5.131
186.47  -5.129
186.59  -5.126
186.70  -5.123
186.82  -5.121
186.93  -5.118
187.05  -5.116
187.17  -5.113
187.28  -5.111
187.40  -5.108
187.51  -5.106
187.63  -5.103
187.75  -5.101
187.86  -5.098
187.98  -5.095
188.09  -5.093
188.21  -5.090
188.33  -5.088
188.44  -5.085
188.56  -5.082
188.68  -5.079
188.79  -5.077
188.91  -5.074
189.03  -5.071
189.14  -5.069
189.26  -5.066
189.37  -5.063
189.49  -5.060
189.61  -5.058
189.72  -5.055
189.84  -5.052
189.95  -5.050
190.07  -5.047
190.19  -5.045
190.30  -5.042
190.41  -5.040
190.53  -5.037
190.65  -5.035
190.76  -5.032
190.88  -5.030
190.99  -5.027
191.11  -5.025
191.22  -5.022
191.34  -5.020
191.46  -5.017
191.57  -5.014
191.69  -5.012
191.81  -5.009
191.92  -5.006
192.04  -5.003
192.15  -5.000
192.27  -4.997
192.39  -4.994
192.50  -4.990
192.62  -4.987
192.73  -4.984
192.85  -4.981
192.96  -4.977
193.08  -4.974
193.19  -4.971
193.31  -4.967
193.43  -4.964
193.54  -4.961
193.66  -4.957
193.77  -4.954
193.89  -4.951
194.00  -4.948
194.12  -4.944
194.24  -4.941
194.35  -4.938
194.47  -4.935
194.58  -4.932
194.70  -4.928
194.82  -4.925
194.93  -4.922
195.04  -4.918
195.16  -4.915
195.27  -4.912
195.39  -4.908
195.51  -4.905
195.62  -4.901
195.74  -4.898
195.85  -4.894
195.97  -4.891
196.08  -4.887
196.20  -4.883
196.32  -4.880
196.43  -4.876
196.55  -4.872
196.67  -4.869
196.78  -4.865
196.90  -4.861
197.01  -4.858
197.13  -4.854
197.24  -4.850
197.36  -4.847
197.47  -4.843
197.59  -4.840
197.70  -4.836
197.82  -4.832
197.93  -4.829
198.05  -4.825
198.17  -4.822
198.28  -4.818
198.39  -4.815
198.51  -4.811
198.62  -4.808
198.74  -4.804
198.86  -4.800
198.97  -4.797
199.09  -4.793
199.20  -4.789
199.32  -4.786
199.43  -4.782
199.55  -4.778
199.66  -4.775
199.78  -4.771
199.89  -4.767
200.01  -4.763
200.12  -4.760
200.24  -4.756
200.35  -4.752
200.47  -4.748
200.59  -4.744
200.70  -4.740
200.82  -4.736
200.93  -4.732
201.05  -4.728
201.16  -4.724
201.28  -4.720
201.39  -4.716
201.51  -4.712
201.62  -4.708
201.74  -4.704
201.85  -4.700
201.97  -4.696
202.08  -4.692
202.20  -4.688
202.32  -4.684
202.43  -4.679
202.54  -4.675
202.65  -4.671
202.76  -4.666
202.87  -4.662
202.99  -4.658
203.10  -4.653
203.21  -4.648
203.32  -4.644
203.43  -4.639
203.55  -4.634
203.66  -4.630
203.77  -4.625
203.88  -4.620
203.99  -4.616
204.11  -4.611
204.22  -4.606
204.33  -4.602
204.44  -4.597
204.55  -4.593
204.66  -4.589
204.78  -4.585
204.89  -4.581
205.00  -4.577
205.11  -4.573
205.22  -4.569
205.34  -4.566
205.45  -4.562
205.56  -4.559
205.67  -4.555
205.78  -4.552
205.90  -4.548
206.00  -4.545
206.11  -4.541
206.23  -4.538
206.34  -4.534
206.45  -4.531
206.56  -4.527
206.68  -4.523
206.79  -4.520
206.90  -4.516
207.01  -4.512
207.12  -4.509
207.24  -4.505
207.35  -4.501
207.46  -4.497
207.58  -4.494
207.69  -4.490
207.80  -4.486
207.91  -4.483
208.02  -4.479
208.14  -4.475
208.25  -4.472
208.36  -4.468
208.47  -4.464
208.59  -4.461
208.70  -4.457
208.81  -4.454
208.92  -4.450
209.04  -4.447
209.15  -4.443
209.26  -4.439
209.37  -4.436
209.48  -4.432
209.60  -4.429
209.71  -4.425
209.82  -4.421
209.93  -4.418
210.04  -4.414
210.16  -4.410
210.27  -4.407
210.38  -4.403
210.50  -4.399
210.61  -4.395
210.72  -4.391
210.84  -4.388
210.95  -4.384
211.06  -4.380
211.17  -4.376
211.28  -4.372
211.40  -4.368
211.51  -4.365
211.62  -4.361
211.73  -4.357
211.85  -4.354
211.96  -4.350
212.08  -4.347
212.19  -4.343
212.30  -4.340
212.41  -4.336
212.52  -4.333
212.64  -4.330
212.75  -4.326
212.86  -4.323
212.97  -4.320
213.09  -4.316
213.20  -4.313
213.31  -4.309
213.43  -4.306
213.54  -4.302
213.65  -4.298
213.77  -4.294
213.88  -4.291
213.99  -4.287
214.11  -4.283
214.22  -4.278
214.33  -4.274
214.45  -4.270
214.56  -4.266
214.67  -4.262
214.79  -4.257
214.90  -4.253
215.01  -4.248
215.13  -4.244
215.24  -4.239
215.35  -4.235
215.47  -4.231
215.58  -4.226
215.81  -4.218
215.92  -4.214
216.04  -4.210
216.15  -4.206
216.26  -4.202
216.38  -4.198
216.49  -4.194
216.60  -4.190
216.72  -4.186
216.83  -4.182
216.94  -4.178
217.06  -4.175
217.17  -4.171
217.28  -4.167
217.39  -4.163
217.51  -4.159
217.62  -4.156
217.74  -4.152
217.85  -4.148
217.96  -4.145
218.08  -4.141
218.19  -4.137
218.30  -4.134
218.41  -4.130
218.53  -4.127
218.64  -4.123
218.76  -4.119
218.87  -4.116
218.98  -4.112
219.10  -4.108
219.21  -4.105
219.33  -4.101
219.44  -4.097
219.55  -4.093
219.67  -4.089
219.78  -4.086
219.89  -4.082
220.01  -4.078
220.12  -4.074
220.23  -4.070
220.35  -4.066
220.46  -4.062
220.58  -4.059
220.69  -4.055
220.80  -4.051
220.92  -4.047
221.03  -4.043
221.14  -4.039
221.26  -4.036
221.37  -4.032
221.48  -4.028
221.60  -4.024
221.71  -4.020
221.83  -4.017
221.94  -4.013
222.05  -4.009
222.17  -4.005
222.28  -4.001
222.39  -3.997
222.50  -3.993
222.62  -3.990
222.73  -3.986
222.85  -3.982
222.96  -3.978
223.07  -3.974
223.19  -3.970
223.30  -3.966
223.42  -3.962
223.53  -3.957
223.65  -3.953
223.76  -3.949
223.87  -3.945
223.99  -3.941
224.10  -3.937
224.21  -3.933
224.33  -3.928
224.44  -3.924
224.55  -3.920
224.67  -3.916
224.78  -3.912
224.89  -3.907
225.01  -3.903
225.12  -3.899
225.24  -3.895
225.35  -3.890
225.46  -3.886
225.58  -3.882
225.69  -3.877
225.81  -3.873
225.92  -3.869
226.03  -3.864
226.15  -3.860
226.26  -3.855
226.38  -3.850
226.49  -3.846
226.60  -3.841
226.72  -3.836
226.83  -3.831
226.95  -3.826
227.06  -3.821
227.17  -3.816
227.29  -3.811
227.40  -3.806
227.52  -3.801
227.63  -3.796
227.74  -3.791
227.86  -3.786
227.97  -3.780
228.08  -3.775
228.20  -3.770
228.31  -3.765
228.43  -3.760
228.54  -3.755
228.66  -3.750
228.77  -3.745
228.89  -3.740
229.00  -3.735
229.12  -3.730
229.23  -3.725
229.34  -3.719
229.46  -3.714
229.57  -3.710
229.69  -3.705
229.80  -3.700
229.92  -3.695
230.03  -3.690
230.15  -3.685
230.26  -3.681
230.38  -3.676
230.49  -3.672
230.61  -3.667
230.72  -3.663
230.83  -3.658
230.94  -3.654
231.06  -3.649
231.18  -3.645
231.29  -3.641
231.40  -3.636
231.52  -3.632
231.63  -3.628
231.75  -3.624
231.86  -3.619
231.98  -3.615
232.09  -3.611
232.20  -3.607
232.32  -3.602
232.44  -3.598
232.55  -3.594
232.66  -3.590
232.78  -3.585
232.89  -3.581
233.01  -3.577
233.12  -3.573
233.23  -3.569
233.35  -3.565
233.46  -3.561
233.58  -3.557
233.69  -3.553
233.81  -3.549
233.92  -3.545
234.03  -3.541
234.15  -3.537
234.26  -3.534
234.37  -3.530
234.48  -3.526
234.59  -3.522
234.70  -3.518
234.81  -3.515
234.92  -3.511
235.03  -3.507
235.14  -3.503
235.26  -3.499
235.37  -3.495
235.48  -3.491
235.59  -3.487
235.70  -3.483
235.81  -3.479
235.92  -3.475
236.03  -3.471
236.14  -3.467
236.25  -3.463
236.36  -3.459
236.47  -3.455
236.58  -3.450
236.69  -3.446
236.80  -3.442
236.91  -3.437
237.02  -3.432
237.13  -3.428
237.24  -3.423
237.35  -3.418
237.47  -3.412
237.58  -3.407
237.69  -3.401
237.80  -3.396
237.91  -3.390
238.02  -3.384
238.14  -3.378
238.25  -3.372
238.36  -3.366
238.47  -3.359
238.58  -3.353
238.69  -3.347
238.80  -3.340
238.91  -3.334
239.03  -3.328
239.14  -3.322
239.25  -3.316
239.36  -3.310
239.47  -3.304
239.59  -3.299
239.70  -3.293
239.81  -3.287
239.92  -3.281
240.03  -3.275
240.14  -3.270
240.25  -3.264
240.37  -3.258
240.48  -3.252
240.59  -3.245
240.70  -3.239
240.81  -3.232
240.93  -3.225
241.04  -3.217
241.15  -3.209
241.26  -3.200
241.37  -3.192
241.48  -3.184
241.59  -3.175
241.71  -3.167
241.82  -3.158
241.93  -3.150
242.15  -3.134
242.27  -3.126
242.38  -3.119
242.49  -3.111
242.60  -3.104
242.71  -3.097
242.82  -3.091
242.93  -3.085
243.05  -3.079
243.16  -3.074
243.27  -3.069
243.38  -3.063
243.49  -3.059
243.60  -3.054
243.71  -3.050
243.82  -3.045
244.05  -3.037
244.16  -3.033
244.27  -3.030
244.38  -3.026
244.50  -3.023
244.61  -3.019
244.72  -3.016
244.83  -3.012
244.94  -3.009
245.05  -3.006
245.17  -3.003
245.28  -3.000
245.39  -2.997
245.50  -2.995
245.62  -2.992
245.73  -2.990
245.84  -2.988
245.95  -2.985
246.06  -2.983
246.18  -2.981
246.29  -2.979
246.40  -2.976
246.51  -2.974
246.62  -2.972
246.74  -2.970
246.85  -2.968
246.96  -2.966
247.07  -2.964
247.19  -2.962
247.30  -2.960
247.41  -2.958
247.52  -2.956
247.64  -2.954
247.75  -2.952
247.86  -2.951
247.97  -2.949
248.08  -2.947
248.20  -2.946
248.31  -2.944
248.42  -2.942
248.54  -2.941
248.65  -2.939
248.76  -2.938
248.88  -2.936
248.99  -2.935
249.10  -2.933
249.21  -2.932
249.32  -2.930
249.44  -2.928
249.55  -2.927
249.66  -2.925
249.77  -2.924
249.88  -2.922
250.00  -2.920
250.11  -2.919
250.22  -2.917
250.34  -2.915
250.45  -2.913
250.56  -2.912
250.67  -2.910
250.78  -2.908
250.89  -2.906
251.01  -2.904
251.12  -2.902
251.23  -2.900
251.34  -2.898
251.45  -2.896
251.57  -2.893
251.68  -2.891
251.79  -2.889
251.90  -2.887
252.01  -2.884
252.13  -2.882
252.24  -2.879
252.35  -2.877
252.47  -2.874
252.58  -2.872
252.69  -2.869
252.80  -2.867
252.91  -2.864
253.03  -2.861
253.14  -2.858
253.25  -2.855
253.36  -2.852
253.48  -2.849
253.59  -2.845
253.70  -2.842
253.81  -2.838
253.93  -2.835
254.04  -2.831
254.15  -2.827
254.27  -2.824
254.38  -2.820
254.49  -2.816
254.60  -2.812
254.72  -2.809
254.83  -2.805
254.94  -2.802
255.05  -2.798
255.16  -2.795
255.28  -2.792
255.39  -2.789
255.50  -2.786
255.61  -2.784
255.73  -2.781
255.84  -2.779
255.95  -2.776
256.06  -2.774
256.18  -2.772
256.29  -2.769
256.40  -2.767
256.51  -2.765
256.62  -2.762
256.74  -2.760
256.85  -2.758
256.96  -2.755
257.07  -2.753
257.19  -2.750
257.30  -2.748
257.41  -2.745
257.52  -2.742
257.63  -2.740
257.74  -2.737
257.86  -2.735
257.97  -2.732
258.08  -2.729
258.20  -2.727
258.31  -2.724
258.42  -2.722
258.53  -2.719
258.64  -2.717
258.76  -2.714
258.87  -2.711
258.98  -2.709
259.09  -2.706
259.20  -2.704
259.31  -2.702
259.43  -2.699
259.54  -2.697
259.65  -2.694
259.76  -2.691
259.88  -2.689
259.99  -2.686
260.10  -2.683
260.21  -2.681
260.33  -2.678
260.44  -2.675
260.55  -2.672
260.67  -2.670
260.77  -2.667
260.89  -2.664
261.00  -2.661
261.11  -2.659
261.23  -2.656
261.34  -2.653
261.45  -2.650
261.56  -2.647
261.68  -2.643
261.79  -2.640
261.90  -2.636
262.01  -2.633
262.13  -2.629
262.24  -2.625
262.35  -2.621
262.46  -2.616
262.57  -2.611
262.69  -2.606
262.80  -2.601
262.91  -2.595
263.02  -2.590
263.14  -2.584
263.25  -2.578
263.36  -2.573
263.47  -2.567
263.58  -2.560
263.70  -2.554
263.81  -2.548
263.92  -2.542
264.03  -2.535
264.14  -2.529
264.25  -2.522
264.37  -2.516
264.48  -2.509
264.59  -2.503
264.70  -2.496
264.82  -2.489
264.93  -2.483
265.03  -2.476
265.14  -2.469
265.25  -2.463
265.38  -2.456
265.48  -2.449
265.59  -2.442
265.69  -2.436
265.80  -2.429
265.91  -2.422
266.02  -2.416
266.13  -2.409
266.24  -2.403
266.34  -2.397
266.45  -2.390
266.56  -2.384
266.67  -2.378
266.78  -2.372
266.89  -2.366
267.00  -2.359
267.10  -2.353
267.21  -2.347
267.32  -2.341
267.42  -2.335
267.54  -2.330
267.65  -2.324
267.76  -2.318
267.86  -2.312
267.97  -2.306
268.08  -2.301
268.19  -2.295
268.30  -2.289
268.40  -2.283
268.52  -2.278
268.62  -2.272
268.73  -2.267
268.84  -2.261
268.95  -2.256
269.06  -2.251
269.17  -2.245
269.27  -2.240
269.38  -2.235
269.49  -2.230
269.60  -2.224
269.71  -2.219
269.82  -2.214
269.92  -2.209
270.04  -2.204
270.14  -2.199
270.25  -2.194
270.36  -2.189
270.46  -2.184
270.58  -2.179
270.69  -2.174
270.79  -2.169
270.90  -2.164
271.01  -2.160
271.12  -2.155
271.23  -2.150
271.34  -2.146
271.44  -2.141
271.56  -2.137
271.66  -2.133
271.77  -2.128
271.88  -2.124
271.99  -2.119
272.10  -2.115
272.21  -2.111
272.32  -2.106
272.42  -2.102
272.53  -2.098
272.64  -2.093
272.75  -2.089
272.86  -2.085
272.97  -2.080
273.08  -2.076
273.18  -2.071
273.29  -2.067
273.40  -2.062
273.51  -2.058
273.62  -2.053
273.73  -2.048
273.84  -2.044
273.95  -2.039
274.06  -2.035
274.17  -2.030
274.28  -2.026
274.39  -2.021
274.50  -2.017
274.61  -2.012
274.71  -2.008
274.82  -2.004
274.94  -1.999
275.04  -1.995
275.15  -1.991
275.26  -1.986
275.37  -1.982
275.48  -1.978
275.58  -1.973
275.69  -1.969
275.80  -1.965
275.91  -1.960
276.02  -1.956
276.13  -1.952
276.24  -1.948
276.35  -1.943
276.46  -1.939
276.57  -1.935
276.68  -1.931
276.79  -1.926
276.90  -1.922
277.01  -1.918
277.12  -1.914
277.23  -1.909
277.33  -1.905
277.44  -1.901
277.55  -1.896
277.66  -1.892
277.77  -1.888
277.88  -1.884
277.99  -1.879
278.10  -1.875
278.21  -1.871
278.32  -1.866
278.43  -1.862
278.54  -1.858
278.65  -1.853
278.76  -1.849
278.87  -1.845
278.98  -1.840
279.09  -1.836
279.20  -1.831
279.31  -1.827
279.42  -1.822
279.52  -1.818
279.63  -1.813
279.75  -1.809
279.86  -1.804
279.97  -1.800
280.08  -1.795
280.18  -1.791
280.30  -1.786
280.41  -1.782
280.52  -1.777
280.63  -1.772
280.73  -1.768
280.84  -1.763
280.96  -1.758
281.07  -1.754
281.18  -1.749
281.29  -1.744
281.40  -1.740
281.51  -1.735
281.62  -1.730
281.72  -1.725
281.84  -1.720
281.95  -1.715
282.05  -1.710
282.16  -1.704
282.27  -1.699
282.39  -1.694
282.50  -1.689
282.61  -1.684
282.72  -1.679
282.82  -1.673
282.93  -1.668
283.05  -1.663
283.16  -1.658
283.26  -1.653
283.38  -1.648
283.49  -1.643
283.60  -1.638
283.71  -1.633
283.82  -1.629
283.93  -1.624
284.04  -1.619
284.15  -1.615
284.26  -1.610
284.37  -1.605
284.48  -1.601
284.59  -1.596
284.70  -1.592
284.81  -1.587
284.92  -1.582
285.03  -1.578
285.14  -1.573
285.25  -1.569
285.36  -1.564
285.47  -1.560
285.58  -1.555
285.69  -1.551
285.80  -1.546
285.91  -1.541
286.02  -1.537
286.13  -1.532
286.24  -1.528
286.35  -1.523
286.46  -1.519
286.57  -1.514
286.68  -1.510
286.79  -1.505
286.90  -1.501
287.01  -1.496
287.12  -1.492
287.23  -1.488
287.34  -1.483
287.45  -1.479
287.56  -1.475
287.67  -1.470
287.78  -1.466
287.89  -1.462
288.00  -1.457
288.11  -1.453
288.22  -1.448
288.33  -1.444
288.44  -1.439
288.55  -1.435
288.66  -1.430
288.77  -1.425
288.88  -1.420
288.99  -1.414
289.10  -1.409
289.21  -1.404
289.32  -1.398
289.43  -1.393
289.54  -1.388
289.65  -1.382
289.76  -1.377
289.87  -1.371
289.98  -1.366
290.09  -1.361
290.20  -1.355
290.31  -1.350
290.42  -1.345
290.53  -1.340
290.64  -1.335
290.75  -1.330
290.86  -1.325
290.97  -1.320
291.08  -1.316
291.19  -1.311
291.30  -1.307
291.41  -1.302
291.52  -1.297
291.63  -1.293
291.74  -1.288
291.85  -1.284
291.96  -1.279
292.06  -1.275
292.17  -1.271
292.29  -1.266
292.40  -1.262
292.51  -1.257
292.62  -1.253
292.73  -1.248
292.84  -1.244
292.95  -1.240
293.06  -1.235
293.17  -1.231
293.27  -1.227
293.39  -1.223
293.50  -1.218
293.61  -1.214
293.72  -1.210
293.83  -1.206
293.93  -1.202
294.05  -1.198
294.16  -1.194
294.26  -1.191
294.37  -1.187
294.48  -1.183
294.59  -1.179
294.70  -1.176
294.81  -1.172
294.92  -1.168
295.02  -1.165
295.13  -1.161
295.24  -1.157
295.34  -1.153
295.44  -1.149
295.55  -1.146
295.65  -1.141
295.76  -1.137
295.87  -1.133
295.97  -1.128
296.08  -1.124
296.18  -1.119
296.29  -1.115
296.39  -1.110
296.50  -1.105
296.61  -1.100
296.71  -1.095
296.82  -1.090
296.92  -1.085
297.03  -1.080
297.13  -1.075
297.24  -1.070
297.35  -1.065
297.45  -1.060
297.56  -1.056
297.67  -1.051
297.77  -1.047
297.88  -1.042
297.98  -1.038
298.09  -1.033
298.20  -1.029
298.30  -1.025
298.41  -1.020
298.52  -1.016
298.63  -1.012
298.73  -1.008
298.84  -1.003
298.94  -0.999
299.05  -0.995
299.16  -0.990
299.26  -0.985
299.37  -0.981
299.48  -0.976
299.58  -0.972
299.69  -0.967
299.80  -0.962
299.90  -0.958
300.01  -0.953
300.12  -0.949
300.22  -0.944
300.33  -0.940
300.44  -0.935
300.55  -0.930
300.65  -0.926
300.76  -0.921
300.87  -0.917
300.98  -0.912
301.08  -0.908
301.19  -0.903
301.30  -0.899
301.40  -0.894
301.51  -0.890
301.62  -0.885
301.72  -0.881
301.83  -0.876
301.94  -0.872
302.04  -0.867
302.15  -0.863
302.26  -0.859
302.37  -0.854
302.48  -0.850
302.58  -0.846
302.69  -0.841
302.80  -0.837
302.91  -0.833
303.01  -0.829
303.12  -0.825
303.23  -0.821
303.34  -0.817
303.45  -0.813
303.55  -0.809
303.66  -0.804
303.77  -0.800
303.87  -0.796
303.98  -0.792
304.09  -0.788
304.20  -0.784
304.31  -0.780
304.41  -0.775
304.52  -0.771
304.63  -0.767
304.74  -0.762
304.84  -0.758
304.95  -0.754
305.06  -0.749
305.28  -0.741
305.38  -0.737
305.49  -0.732
305.60  -0.728
305.71  -0.724
305.82  -0.719
305.92  -0.715
306.03  -0.711
306.14  -0.707
306.25  -0.703
306.35  -0.698
306.46  -0.694
306.57  -0.690
306.68  -0.686
306.78  -0.682
306.89  -0.677
307.00  -0.673
307.11  -0.669
307.21  -0.665
307.32  -0.661
307.43  -0.657
307.54  -0.653
307.65  -0.649
307.75  -0.645
307.86  -0.641
307.97  -0.637
308.07  -0.633
308.19  -0.629
308.29  -0.625
308.40  -0.621
308.51  -0.617
308.62  -0.613
308.73  -0.609
308.83  -0.605
308.94  -0.601
309.05  -0.597
309.16  -0.593
309.27  -0.589
309.37  -0.585
309.48  -0.581
309.59  -0.577
309.70  -0.573
309.81  -0.569
309.91  -0.565
310.02  -0.561
310.13  -0.557
310.24  -0.553
310.35  -0.549
310.45  -0.545
310.56  -0.541
310.67  -0.537
310.78  -0.533
310.89  -0.529
311.00  -0.525
311.10  -0.522
311.21  -0.518
311.32  -0.514
311.42  -0.511
311.53  -0.507
311.64  -0.503
311.75  -0.500
311.86  -0.496
311.96  -0.493
312.07  -0.489
312.18  -0.486
312.29  -0.483
312.39  -0.479
312.50  -0.476
312.61  -0.472
312.72  -0.469
312.83  -0.466
312.93  -0.462
313.04  -0.459
313.15  -0.456
313.25  -0.452
313.36  -0.449
313.47  -0.446
313.57  -0.442
313.68  -0.439
313.79  -0.436
313.90  -0.433
314.00  -0.429
314.11  -0.426
314.22  -0.423
314.32  -0.420
314.43  -0.417
314.53  -0.413
314.65  -0.410
314.75  -0.407
314.86  -0.404
314.97  -0.401
315.08  -0.397
315.18  -0.394
315.29  -0.391
315.40  -0.388
315.50  -0.385
315.61  -0.382
315.72  -0.378
315.83  -0.375
315.93  -0.372
316.04  -0.369
316.15  -0.366
316.25  -0.363
316.36  -0.359
316.47  -0.356
316.57  -0.353
316.68  -0.350
316.79  -0.347
316.89  -0.344
317.00  -0.340
317.11  -0.337
317.21  -0.334
317.32  -0.331
317.43  -0.328
317.53  -0.324
317.64  -0.321
317.75  -0.318
317.85  -0.315
317.96  -0.312
318.07  -0.309
318.17  -0.305
318.28  -0.302
318.39  -0.299
318.49  -0.296
318.60  -0.293
318.71  -0.290
318.82  -0.287
318.93  -0.284
319.03  -0.280
319.14  -0.277
319.25  -0.274
319.35  -0.271
319.46  -0.268
319.57  -0.264
319.68  -0.261
319.78  -0.258
319.89  -0.255
320.00  -0.251
320.10  -0.248
320.21  -0.245
320.32  -0.242
320.43  -0.238
320.54  -0.235
320.64  -0.231
320.75  -0.228
320.86  -0.225
320.96  -0.221
321.07  -0.218
321.18  -0.214
321.28  -0.211
321.39  -0.207
321.50  -0.204
321.61  -0.200
321.71  -0.197
321.82  -0.193
321.93  -0.190
322.04  -0.186
322.14  -0.182
322.25  -0.179
322.36  -0.175
322.47  -0.172
322.57  -0.168
322.68  -0.164
322.79  -0.160
322.90  -0.157
323.00  -0.153
323.11  -0.149
323.21  -0.145
323.32  -0.142
323.42  -0.138
323.53  -0.134
323.63  -0.130
323.73  -0.126
323.83  -0.122
323.94  -0.119
324.04  -0.115
324.15  -0.111
324.25  -0.107
324.35  -0.103
324.46  -0.100
324.56  -0.096
324.66  -0.092
324.76  -0.088
324.87  -0.085
324.97  -0.081
325.07  -0.078
325.18  -0.074
325.28  -0.071
325.38  -0.067
325.49  -0.064
325.59  -0.060
325.69  -0.057
325.80  -0.054
325.90  -0.050
326.01  -0.047
326.11  -0.043
326.21  -0.040
326.32  -0.037
326.42  -0.034
326.52  -0.030
326.63  -0.027
326.73  -0.024
326.84  -0.021
326.94  -0.018
327.04  -0.015
327.14  -0.012
327.25  -0.008
327.35  -0.005
327.46  -0.002
327.56   0.001
327.66   0.004
327.76   0.007
327.86   0.011
327.97   0.014
328.07   0.017
328.18   0.021
328.28   0.024
328.38   0.027
328.48   0.031
328.59   0.035
328.69   0.038
328.80   0.042
328.90   0.045
329.00   0.049
329.10   0.053
329.21   0.056
329.31   0.060
329.41   0.063
329.52   0.067
329.64   0.071
329.74   0.074
329.85   0.078
329.95   0.082
330.06   0.086
330.16   0.089
330.26   0.093
330.37   0.097
330.47   0.100
330.58   0.104
330.68   0.108
330.78   0.111
330.89   0.115
330.99   0.119
331.10   0.122
331.20   0.126
331.30   0.129
331.41   0.133
331.51   0.136
331.61   0.139
331.72   0.142
331.82   0.145
331.93   0.148
332.03   0.151
332.13   0.154
332.23   0.157
332.34   0.160
332.44   0.163
332.55   0.166
332.65   0.169
332.75   0.172
332.86   0.174
332.96   0.177
333.07   0.180
333.17   0.182
333.27   0.185
333.38   0.188
333.49   0.190
333.59   0.193
333.69   0.196
333.80   0.198
333.90   0.201
334.00   0.204
334.11   0.206
334.21   0.209
334.32   0.211
334.43   0.214
334.53   0.217
334.64   0.220
334.74   0.223
334.84   0.226
334.95   0.229
335.05   0.232
335.15   0.235
335.26   0.238
335.37   0.242
335.47   0.245
335.58   0.248
335.68   0.252
335.79   0.255
335.90   0.258
336.00   0.262
336.10   0.265
336.21   0.269
336.31   0.272
336.42   0.276
336.53   0.279
336.63   0.283
336.73   0.286
336.84   0.290
336.94   0.293
337.05   0.297
337.15   0.301
337.26   0.304
337.36   0.308
337.47   0.311
337.57   0.315
337.68   0.318
337.78   0.322
337.89   0.326
337.99   0.329
338.10   0.333
338.20   0.336
338.31   0.339
338.42   0.343
338.52   0.346
338.63   0.349
338.73   0.353
338.84   0.356
338.94   0.359
339.04   0.362
339.15   0.366
339.26   0.369
339.36   0.372
339.46   0.375
339.57   0.378
339.68   0.382
339.78   0.385
339.89   0.388
339.99   0.391
340.10   0.394
340.20   0.398
340.31   0.401
340.41   0.404
340.52   0.407
340.62   0.411
340.73   0.414
340.83   0.417
340.94   0.420
341.04   0.423
341.15   0.427
341.26   0.430
341.36   0.433
341.46   0.437
341.57   0.440
341.67   0.444
341.78   0.447
341.88   0.450
341.99   0.454
342.09   0.458
342.20   0.461
342.31   0.465
342.41   0.468
342.52   0.472
342.62   0.475
342.73   0.479
342.83   0.483
342.94   0.486
343.04   0.490
343.15   0.494
343.26   0.497
343.36   0.501
343.47   0.505
343.57   0.508
343.68   0.512
343.78   0.516
343.89   0.520
343.99   0.523
344.10   0.527
344.20   0.531
344.31   0.534
344.41   0.538
344.52   0.542
344.62   0.546
344.73   0.549
344.83   0.553
344.94   0.557
345.05   0.560
345.15   0.564
345.26   0.568
345.36   0.571
345.47   0.575
345.57   0.579
345.68   0.582
345.78   0.586
345.89   0.590
345.99   0.594
346.10   0.597
346.20   0.601
346.31   0.604
346.41   0.608
346.52   0.612
346.63   0.615
346.73   0.619
346.84   0.622
346.94   0.626
347.05   0.629
347.15   0.632
347.26   0.636
347.36   0.639
347.47   0.643
347.57   0.646
347.68   0.650
347.78   0.653
347.89   0.657
347.99   0.660
348.10   0.664
348.20   0.668
348.31   0.671
348.41   0.675
348.52   0.679
348.62   0.683
348.73   0.687
348.83   0.691
348.94   0.696
349.04   0.700
349.15   0.704
349.26   0.708
349.36   0.712
349.47   0.716
349.57   0.720
349.68   0.724
349.79   0.728
349.89   0.732
350.00   0.736
350.10   0.739
350.21   0.743
350.32   0.747
350.42   0.751
350.53   0.754
350.63   0.758
350.74   0.761
350.85   0.765
350.95   0.768
351.06   0.772
351.16   0.775
351.26   0.779
351.37   0.782
351.47   0.785
351.57   0.789
351.67   0.792
351.77   0.795
351.88   0.799
351.98   0.802
352.08   0.806
352.18   0.809
352.28   0.812
352.38   0.816
352.48   0.819
352.58   0.822
352.68   0.825
352.78   0.829
352.89   0.832
352.99   0.835
353.09   0.838
353.19   0.842
353.29   0.845
353.39   0.848
353.49   0.851
353.59   0.854
353.69   0.857
353.79   0.860
353.89   0.863
353.99   0.866
354.10   0.869
354.20   0.872
354.30   0.875
354.40   0.877
354.50   0.880
354.60   0.883
354.70   0.886
354.80   0.889
354.90   0.892
355.00   0.895
355.10   0.898
355.20   0.901
355.30   0.904
355.41   0.907
355.51   0.910
355.61   0.913
355.71   0.916
355.81   0.919
355.91   0.922
356.01   0.925
356.12   0.928
356.22   0.931
356.32   0.934
356.42   0.937
356.53   0.941
356.63   0.944
356.72   0.947
356.83   0.950
356.93   0.953
357.03   0.956
357.13   0.959
357.23   0.962
357.33   0.965
357.44   0.968
357.54   0.972
357.64   0.975
357.74   0.978
357.84   0.981
357.94   0.984
358.04   0.986
358.14   0.989
358.25   0.992
358.35   0.995
358.45   0.998
358.55   1.000
358.65   1.003
358.75   1.006
358.85   1.008
358.96   1.011
359.06   1.014
359.16   1.016
359.26   1.019
359.36   1.022
359.46   1.024
359.56   1.027
359.67   1.029
359.77   1.032
359.87   1.034
359.97   1.037
360.07   1.039
360.17   1.042
360.27   1.044
360.37   1.047
360.48   1.049
360.58   1.052
360.68   1.054
360.78   1.057
360.88   1.060
360.99   1.062
361.09   1.065
361.19   1.067
361.29   1.070
361.39   1.073
361.49   1.075
361.59   1.078
361.70   1.081
361.80   1.084
361.90   1.086
362.00   1.089
362.10   1.092
362.20   1.095
362.30   1.098
362.40   1.101
362.50   1.104
362.60   1.106
362.70   1.109
362.81   1.112
362.91   1.115
363.01   1.118
363.11   1.121
363.21   1.124
363.31   1.127
363.41   1.130
363.51   1.133
363.61   1.137
363.72   1.140
363.82   1.143
363.92   1.146
364.02   1.149
364.12   1.152
364.23   1.155
364.33   1.158
364.43   1.162
364.53   1.165
364.63   1.168
364.73   1.171
364.83   1.174
364.93   1.177
365.04   1.180
365.14   1.183
365.24   1.186
365.34   1.190
365.44   1.193
365.54   1.196
365.64   1.199
365.74   1.202
365.85   1.205
365.95   1.208
366.05   1.212
366.15   1.215
366.25   1.218
366.35   1.222
366.45   1.225
366.55   1.229
366.65   1.232
366.76   1.236
366.86   1.239
366.96   1.242
367.06   1.246
367.16   1.249
367.26   1.253
367.36   1.256
367.46   1.260
367.57   1.263
367.67   1.266
367.77   1.269
367.87   1.272
367.97   1.275
368.07   1.278
368.17   1.281
368.27   1.284
368.37   1.287
368.47   1.290
368.58   1.292
368.68   1.295
368.78   1.298
368.88   1.300
368.98   1.303
369.08   1.306
369.18   1.309
369.28   1.311
369.38   1.314
369.48   1.317
369.58   1.319
369.68   1.322
369.78   1.325
369.88   1.328
369.98   1.330
370.08   1.333
370.18   1.336
370.29   1.339
370.38   1.342
370.48   1.346
370.59   1.349
370.78   1.356
370.89   1.359
370.99   1.362
371.09   1.366
371.19   1.369
371.29   1.372
371.39   1.376
371.49   1.379
371.59   1.382
371.69   1.386
371.78   1.389
371.88   1.392
371.99   1.396
372.09   1.399
372.18   1.402
372.28   1.406
372.38   1.409
372.48   1.412
372.59   1.415
372.68   1.419
372.78   1.422
372.89   1.425
372.98   1.429
373.08   1.432
373.19   1.435
373.28   1.439
373.38   1.442
373.49   1.445
373.59   1.449
373.68   1.452
373.79   1.455
373.89   1.459
373.99   1.462
374.09   1.465
374.19   1.469
374.29   1.472
374.39   1.475
374.49   1.479
374.59   1.482
374.69   1.486
374.79   1.489
374.89   1.492
374.99   1.496
375.09   1.499
375.20   1.502
375.30   1.506
375.40   1.509
375.50   1.513
375.60   1.516
375.71   1.519
375.81   1.523
375.90   1.526
376.01   1.529
376.11   1.533
376.21   1.536
376.31   1.539
376.41   1.542
376.51   1.546
376.61   1.549
376.71   1.552
376.81   1.556
376.91   1.559
377.01   1.562
377.11   1.566
377.21   1.569
377.31   1.572
377.41   1.576
377.51   1.579
377.61   1.583
377.71   1.586
377.81   1.590
377.91   1.594
378.01   1.597
378.11   1.601
378.20   1.605
378.29   1.608
378.39   1.612
378.49   1.616
378.58   1.619
378.68   1.623
378.78   1.627
378.87   1.631
378.97   1.635
379.06   1.638
379.16   1.642
379.25   1.646
379.35   1.650
379.45   1.654
379.54   1.658
379.64   1.662
379.73   1.666
379.83   1.670
379.93   1.674
380.02   1.678
380.12   1.682
380.21   1.686
380.31   1.690
380.41   1.694
380.51   1.697
380.60   1.701
380.69   1.705
380.79   1.709
380.89   1.713
380.98   1.717
381.08   1.721
381.18   1.725
381.27   1.729
381.37   1.732
381.46   1.736
381.56   1.740
381.66   1.744
381.75   1.748
381.85   1.752
381.95   1.755
382.04   1.759
382.14   1.763
382.23   1.767
382.33   1.771
382.43   1.774
382.52   1.778
382.62   1.782
382.71   1.786
382.81   1.789
382.91   1.793
383.00   1.797
383.10   1.801
383.19   1.804
383.29   1.808
383.39   1.812
383.48   1.816
383.58   1.819
383.68   1.823
383.77   1.827
383.87   1.831
383.96   1.835
384.06   1.839
384.16   1.843
384.25   1.847
384.35   1.851
384.45   1.855
384.54   1.859
384.64   1.863
384.74   1.867
384.83   1.871
384.93   1.875
385.03   1.878
385.12   1.882
385.22   1.886
385.31   1.890
385.41   1.894
385.51   1.898
385.60   1.901
385.70   1.905
385.79   1.909
385.89   1.913
385.99   1.916
386.08   1.920
386.18   1.924
386.28   1.928
386.37   1.931
386.47   1.935
386.56   1.939
386.66   1.942
386.76   1.946
386.86   1.950
386.95   1.953
387.05   1.957
387.14   1.960
387.24   1.964
387.33   1.968
387.43   1.971
387.53   1.975
387.62   1.978
387.72   1.982
387.82   1.985
387.91   1.989
388.01   1.993
388.11   1.996
388.20   2.000
388.30   2.003
388.40   2.007
388.49   2.010
388.59   2.014
388.69   2.017
388.78   2.021
388.88   2.025
388.98   2.028
389.07   2.032
389.17   2.035
389.26   2.039
389.36   2.043
389.46   2.046
389.55   2.050
389.65   2.054
389.75   2.057
389.85   2.061
389.94   2.065
390.04   2.069
390.14   2.072
390.23   2.076
390.33   2.080
390.42   2.084
390.52   2.088
390.62   2.092
390.71   2.096
390.81   2.100
390.91   2.104
391.00   2.108
391.10   2.112
391.20   2.116
391.30   2.120
391.39   2.124
391.49   2.128
391.59   2.132
391.68   2.136
391.78   2.140
391.87   2.144
391.97   2.149
392.07   2.153
392.17   2.157
392.26   2.161
392.36   2.165
392.46   2.169
392.55   2.173
392.65   2.177
392.75   2.181
392.84   2.185
392.94   2.189
393.04   2.193
393.13   2.197
393.23   2.200
393.33   2.204
393.42   2.208
393.52   2.211
393.62   2.215
393.71   2.218
393.81   2.222
393.91   2.226
394.00   2.229
394.10   2.233
394.20   2.236
394.29   2.240
394.39   2.244
394.49   2.248
394.58   2.252
394.68   2.256
394.78   2.260
394.88   2.264
394.97   2.268
395.07   2.272
395.17   2.276
395.36   2.284
395.46   2.288
395.56   2.292
395.66   2.296
395.76   2.300
395.85   2.304
395.95   2.308
396.05   2.312
396.14   2.316
396.24   2.320
396.34   2.324
396.44   2.328
396.54   2.332
396.64   2.336
396.73   2.339
396.83   2.343
396.92   2.347
397.02   2.351
397.12   2.355
397.22   2.358
397.32   2.362
397.41   2.366
397.51   2.369
397.61   2.373
397.70   2.377
397.80   2.380
397.90   2.384
397.99   2.388
398.09   2.391
398.19   2.395
398.28   2.398
398.38   2.402
398.48   2.406
398.58   2.409
398.67   2.413
398.77   2.416
398.87   2.420
398.97   2.423
399.06   2.427
399.16   2.431
399.26   2.434
399.36   2.438
399.45   2.442
399.55   2.446
399.65   2.450
399.75   2.453
399.84   2.457
399.94   2.461
400.04   2.465
400.13   2.469
400.23   2.472
400.33   2.476
400.43   2.480
400.53   2.484
400.62   2.487
400.72   2.491
400.82   2.495
400.91   2.498
401.01   2.502
401.11   2.506
401.20   2.509
401.30   2.513
401.40   2.516
401.50   2.520
401.59   2.524
401.69   2.527
401.79   2.531
401.88   2.534
401.98   2.538
402.08   2.542
402.17   2.546
402.27   2.549
402.37   2.553
402.46   2.557
402.56   2.561
402.66   2.565
402.76   2.568
402.85   2.572
402.95   2.576
403.05   2.580
403.14   2.584
403.24   2.588
403.34   2.592
403.44   2.595
403.53   2.599
403.63   2.603
403.73   2.607
403.82   2.610
403.92   2.614
404.01   2.618
404.11   2.621
404.20   2.625
404.29   2.628
404.38   2.632
404.48   2.635
404.57   2.639
404.66   2.642
404.76   2.646
404.85   2.649
404.94   2.653
405.03   2.656
405.13   2.660
405.22   2.663
405.32   2.667
405.41   2.670
405.50   2.674
405.59   2.678
405.69   2.681
405.78   2.685
405.87   2.688
405.97   2.692
406.06   2.696
406.16   2.699
406.25   2.703
406.35   2.706
406.44   2.710
406.53   2.713
406.63   2.717
406.72   2.721
406.81   2.724
406.91   2.727
407.00   2.731
407.09   2.734
407.19   2.738
407.28   2.741
407.38   2.745
407.47   2.748
407.56   2.752
407.66   2.755
407.75   2.759
407.85   2.762
407.94   2.766
408.03   2.769
408.13   2.773
408.22   2.776
408.31   2.779
408.41   2.783
408.50   2.786
408.60   2.789
408.69   2.793
408.79   2.796
408.88   2.800
408.98   2.803
409.07   2.807
409.16   2.810
409.26   2.814
409.36   2.817
409.45   2.821
409.54   2.825
409.64   2.828
409.73   2.832
409.82   2.836
409.92   2.840
410.01   2.844
410.11   2.848
410.20   2.852
410.29   2.856
410.39   2.860
410.48   2.864
410.58   2.868
410.67   2.873
410.77   2.877
410.86   2.881
410.96   2.885
411.05   2.889
411.14   2.893
411.24   2.896
411.33   2.900
411.43   2.904
411.52   2.907
411.62   2.910
411.71   2.914
411.80   2.917
411.90   2.920
411.99   2.924
412.09   2.927
412.18   2.930
412.27   2.933
412.37   2.937
412.46   2.940
412.56   2.943
412.65   2.947
412.75   2.950
412.84   2.953
412.93   2.956
413.03   2.960
413.12   2.963
413.21   2.967
413.31   2.970
413.40   2.974
413.49   2.977
413.59   2.981
413.68   2.984
413.77   2.988
413.87   2.991
413.96   2.995
414.05   2.999
414.15   3.003
414.24   3.006
414.33   3.010
414.43   3.014
414.52   3.018
414.61   3.021
414.71   3.025
414.80   3.029
414.90   3.033
414.99   3.037
415.08   3.041
415.18   3.044
415.27   3.048
415.36   3.052
415.45   3.056
415.55   3.060
415.64   3.063
415.74   3.067
415.83   3.071
415.92   3.074
416.02   3.078
416.11   3.081
416.20   3.085
416.30   3.088
416.39   3.092
416.48   3.095
416.58   3.099
416.67   3.103
416.76   3.106
416.86   3.110
416.95   3.114
417.04   3.117
417.14   3.121
417.23   3.124
417.32   3.128
417.42   3.131
417.51   3.135
417.60   3.138
417.70   3.142
417.79   3.145
417.88   3.148
417.98   3.152
418.07   3.155
418.16   3.158
418.26   3.162
418.35   3.165
418.44   3.168
418.53   3.172
418.63   3.175
418.72   3.178
418.82   3.181
418.91   3.184
419.00   3.187
419.09   3.190
419.19   3.193
419.28   3.196
419.37   3.199
419.46   3.202
419.56   3.205
419.65   3.208
419.74   3.211
419.83   3.214
419.93   3.217
420.02   3.220
420.11   3.223
420.21   3.226
420.30   3.229
420.39   3.232
420.48   3.235
420.58   3.238
420.67   3.242
420.76   3.245
420.85   3.248
420.95   3.251
421.04   3.254
421.13   3.258
421.23   3.261
421.32   3.264
421.41   3.268
421.50   3.271
421.59   3.274
421.69   3.277
421.78   3.281
421.87   3.284
421.96   3.288
422.06   3.291
422.15   3.294
422.24   3.298
422.33   3.301
422.43   3.305
422.52   3.308
422.61   3.311
422.70   3.315
422.79   3.318
422.88   3.322
422.98   3.325
423.07   3.328
423.16   3.332
423.25   3.335
423.34   3.338
423.44   3.342
423.53   3.345
423.62   3.348
423.71   3.351
423.81   3.355
423.90   3.358
423.99   3.361
424.08   3.364
424.17   3.367
424.27   3.370
424.36   3.374
424.45   3.377
424.64   3.383
424.73   3.386
424.82   3.389
424.92   3.393
425.01   3.396
425.10   3.399
425.19   3.402
425.29   3.405
425.38   3.408
425.47   3.412
425.56   3.415
425.66   3.418
425.75   3.421
425.84   3.424
425.93   3.427
426.03   3.430
426.12   3.433
426.22   3.437
426.31   3.440
426.40   3.443
426.49   3.446
426.59   3.449
426.68   3.452
426.77   3.455
426.86   3.459
426.96   3.462
427.05   3.465
427.14   3.468
427.24   3.471
427.33   3.474
427.42   3.478
427.51   3.481
427.61   3.484
427.70   3.487
427.79   3.490
427.88   3.493
427.98   3.497
428.07   3.500
428.16   3.503
428.25   3.506
428.34   3.509
428.44   3.512
428.49   3.516
