  
  DOI/GTN-P Deep Borehole Array, Arctic Alaska 
             U.S. Geological Survey 
            Processed Temperature Log 
                    28-Aug-2013 
________________________________________________ 
  
Temperature Log Information: 
  Well name:   Lisburne Test Well #1 
  File name:   LBN_84JUL28_c_d 
  Log date:    28-JUL-1984 
  
Contact Information: 
  Gary Clow 
  U.S. Geological Survey 
  clow@usgs.gov 
  
Definitions: 
  Depth:        Depth below local ground surface (m) 
  Temperature:  ITS-90 temperature (°C) 
________________________________________________ 
             
 Depth  Temperature 
 22.56  -4.436
 22.86  -4.452
 23.16  -4.467
 23.47  -4.482
 23.77  -4.494
 24.08  -4.505
 24.38  -4.515
 24.69  -4.524
 24.99  -4.534
 25.30  -4.543
 25.60  -4.552
 25.91  -4.560
 26.21  -4.568
 26.52  -4.575
 26.82  -4.583
 27.13  -4.589
 27.43  -4.596
 27.74  -4.602
 28.04  -4.608
 28.35  -4.615
 28.65  -4.622
 28.96  -4.630
 29.26  -4.639
 29.57  -4.647
 29.87  -4.655
 30.18  -4.662
 30.48  -4.670
 30.78  -4.676
 31.09  -4.681
 31.39  -4.686
 31.70  -4.689
 32.00  -4.693
 32.31  -4.696
 32.61  -4.698
 32.92  -4.701
 33.22  -4.703
 33.53  -4.705
 33.83  -4.707
 34.14  -4.709
 34.44  -4.711
 34.75  -4.712
 35.05  -4.714
 35.36  -4.715
 35.66  -4.715
 35.97  -4.716
 36.27  -4.717
 36.58  -4.717
 36.88  -4.718
 37.19  -4.718
 37.49  -4.718
 37.80  -4.718
 38.10  -4.718
 38.40  -4.718
 38.71  -4.717
 39.01  -4.717
 39.32  -4.717
 39.62  -4.716
 39.93  -4.715
 40.23  -4.715
 40.54  -4.714
 40.84  -4.713
 41.15  -4.712
 41.45  -4.711
 41.76  -4.710
 42.06  -4.709
 42.37  -4.707
 42.67  -4.706
 42.98  -4.705
 43.28  -4.704
 43.59  -4.702
 43.89  -4.701
 44.20  -4.700
 44.50  -4.698
 44.81  -4.697
 45.11  -4.695
 45.42  -4.693
 45.72  -4.691
 46.02  -4.689
 46.33  -4.687
 46.63  -4.685
 46.94  -4.682
 47.24  -4.680
 47.55  -4.677
 47.85  -4.674
 48.16  -4.672
 48.46  -4.669
 48.77  -4.666
 49.07  -4.664
 49.38  -4.661
 49.68  -4.658
 49.99  -4.655
 50.29  -4.651
 50.60  -4.645
 50.90  -4.639
 51.21  -4.633
 51.51  -4.626
 51.82  -4.619
 52.12  -4.612
 52.43  -4.606
 52.73  -4.602
 53.04  -4.600
 53.34  -4.600
 53.64  -4.601
 53.95  -4.601
 54.25  -4.602
 54.56  -4.602
 54.86  -4.600
 55.17  -4.594
 55.47  -4.582
 55.78  -4.566
 56.08  -4.549
 56.39  -4.531
 56.69  -4.512
 57.00  -4.495
 57.30  -4.479
 57.61  -4.467
 57.91  -4.461
 58.22  -4.459
 58.52  -4.460
 58.83  -4.461
 59.13  -4.463
 59.44  -4.464
 59.74  -4.466
 60.05  -4.466
 60.35  -4.464
 60.66  -4.461
 60.96  -4.456
 61.26  -4.451
 61.57  -4.448
 61.87  -4.444
 62.18  -4.438
 62.48  -4.429
 62.79  -4.414
 63.09  -4.397
 63.40  -4.379
 63.70  -4.361
 64.01  -4.345
 64.31  -4.332
 64.62  -4.320
 64.92  -4.312
 65.23  -4.311
 65.53  -4.314
 65.84  -4.319
 66.14  -4.324
 66.45  -4.326
 66.75  -4.326
 67.06  -4.326
 67.36  -4.324
 67.67  -4.321
 67.97  -4.316
 68.28  -4.311
 68.58  -4.304
 68.88  -4.297
 69.19  -4.289
 69.49  -4.281
 69.80  -4.274
 70.10  -4.269
 70.41  -4.265
 70.71  -4.261
 71.02  -4.257
 71.32  -4.253
 71.63  -4.249
 71.93  -4.244
 72.24  -4.240
 72.54  -4.234
 72.85  -4.228
 73.15  -4.222
 73.46  -4.215
 73.76  -4.209
 74.07  -4.203
 74.37  -4.196
 74.68  -4.190
 74.98  -4.184
 75.29  -4.178
 75.59  -4.171
 75.90  -4.165
 76.20  -4.159
 76.50  -4.153
 76.81  -4.147
 77.11  -4.141
 77.42  -4.136
 77.72  -4.130
 78.03  -4.125
 78.33  -4.120
 78.64  -4.115
 78.94  -4.110
 79.25  -4.105
 79.55  -4.100
 79.86  -4.095
 80.16  -4.090
 80.47  -4.085
 80.77  -4.081
 81.08  -4.076
 81.38  -4.072
 81.69  -4.067
 81.99  -4.063
 82.30  -4.059
 82.60  -4.054
 82.91  -4.050
 83.21  -4.046
 83.52  -4.042
 83.82  -4.038
 84.12  -4.034
 84.43  -4.030
 84.73  -4.026
 85.04  -4.023
 85.34  -4.019
 85.65  -4.016
 85.95  -4.011
 86.26  -4.007
 86.56  -4.002
 86.87  -3.997
 87.17  -3.990
 87.48  -3.983
 87.78  -3.975
 88.09  -3.967
 88.39  -3.959
 88.70  -3.951
 89.00  -3.942
 89.31  -3.932
 89.61  -3.920
 90.22  -3.895
 90.53  -3.883
 90.83  -3.870
 91.14  -3.858
 91.44  -3.847
 91.74  -3.838
 92.05  -3.832
 92.35  -3.828
 92.66  -3.825
 92.96  -3.823
 93.27  -3.819
 93.57  -3.816
 93.88  -3.812
 94.18  -3.808
 94.49  -3.803
 94.79  -3.797
 95.10  -3.792
 95.40  -3.786
 95.71  -3.779
 96.01  -3.773
 96.32  -3.767
 96.62  -3.761
 96.93  -3.757
 97.23  -3.754
 97.54  -3.750
 97.84  -3.747
 98.15  -3.744
 98.45  -3.741
 98.76  -3.737
 99.06  -3.730
 99.97  -3.689
100.28  -3.675
100.58  -3.664
100.89  -3.654
101.19  -3.645
101.50  -3.638
101.80  -3.634
102.11  -3.632
102.41  -3.631
102.72  -3.631
103.02  -3.632
103.33  -3.632
103.63  -3.631
103.94  -3.629
104.24  -3.625
104.55  -3.618
104.85  -3.611
105.16  -3.603
105.46  -3.595
105.77  -3.588
106.07  -3.580
106.38  -3.573
106.68  -3.568
106.98  -3.563
107.29  -3.558
107.59  -3.553
107.90  -3.548
108.20  -3.542
108.51  -3.535
108.81  -3.525
109.12  -3.512
110.03  -3.464
110.34  -3.450
110.64  -3.437
110.95  -3.426
111.25  -3.417
111.56  -3.412
111.86  -3.409
112.17  -3.408
112.47  -3.407
112.78  -3.407
113.08  -3.405
113.39  -3.404
113.69  -3.401
114.00  -3.397
114.30  -3.391
114.60  -3.385
114.91  -3.378
115.21  -3.372
115.52  -3.365
115.82  -3.358
116.13  -3.352
116.43  -3.346
116.74  -3.341
117.04  -3.337
117.35  -3.332
117.65  -3.328
117.96  -3.323
118.26  -3.319
118.57  -3.315
118.87  -3.311
119.18  -3.308
119.48  -3.304
119.79  -3.301
120.09  -3.298
120.40  -3.294
120.70  -3.291
121.01  -3.288
121.31  -3.284
121.62  -3.280
121.92  -3.275
122.22  -3.271
122.53  -3.267
122.83  -3.263
123.14  -3.259
123.44  -3.254
123.75  -3.247
124.05  -3.240
124.36  -3.232
124.66  -3.225
124.97  -3.219
125.27  -3.214
125.58  -3.210
125.88  -3.206
126.19  -3.201
126.49  -3.195
126.80  -3.190
127.10  -3.185
127.41  -3.181
127.71  -3.177
128.02  -3.172
128.32  -3.165
128.63  -3.154
128.93  -3.141
129.24  -3.128
129.54  -3.115
129.84  -3.104
130.15  -3.095
130.45  -3.087
130.76  -3.080
131.06  -3.077
131.37  -3.076
131.67  -3.076
131.98  -3.076
132.28  -3.077
132.59  -3.078
132.89  -3.079
133.20  -3.078
133.50  -3.075
133.81  -3.071
134.11  -3.065
134.42  -3.059
134.72  -3.053
135.03  -3.046
135.33  -3.040
135.64  -3.033
135.94  -3.027
136.25  -3.020
136.55  -3.014
136.86  -3.008
137.16  -3.002
137.46  -2.995
137.77  -2.988
138.07  -2.982
138.38  -2.975
138.68  -2.968
138.99  -2.962
139.29  -2.955
139.60  -2.949
139.90  -2.943
140.21  -2.936
140.51  -2.930
140.82  -2.925
141.12  -2.919
141.43  -2.913
141.73  -2.908
142.04  -2.902
142.34  -2.897
142.65  -2.891
142.95  -2.886
143.26  -2.880
143.56  -2.873
143.87  -2.867
144.17  -2.861
144.48  -2.854
144.78  -2.848
145.08  -2.842
145.39  -2.836
145.69  -2.830
146.00  -2.824
146.30  -2.818
146.61  -2.812
146.91  -2.806
147.22  -2.801
147.52  -2.795
147.83  -2.790
148.13  -2.785
148.44  -2.781
148.74  -2.776
149.05  -2.772
149.35  -2.768
149.66  -2.764
149.96  -2.759
150.27  -2.754
150.57  -2.748
150.88  -2.742
151.18  -2.735
151.49  -2.728
151.79  -2.721
152.40  -2.708
152.70  -2.701
153.01  -2.695
153.31  -2.689
153.62  -2.684
153.92  -2.678
154.23  -2.672
154.53  -2.667
154.84  -2.661
155.14  -2.655
155.45  -2.649
155.75  -2.642
156.06  -2.635
156.36  -2.629
156.67  -2.622
156.97  -2.615
157.28  -2.609
157.58  -2.603
157.89  -2.597
158.19  -2.592
158.50  -2.586
158.80  -2.581
159.11  -2.576
159.41  -2.571
159.72  -2.566
160.02  -2.561
160.32  -2.555
160.63  -2.549
160.93  -2.544
161.24  -2.538
161.54  -2.532
161.85  -2.527
162.15  -2.521
162.46  -2.516
162.76  -2.511
163.07  -2.507
163.37  -2.502
163.68  -2.498
163.98  -2.494
164.29  -2.490
164.59  -2.486
164.90  -2.482
165.20  -2.478
165.51  -2.473
165.81  -2.469
166.12  -2.464
166.42  -2.459
166.73  -2.455
167.03  -2.450
167.34  -2.447
167.64  -2.444
167.94  -2.443
168.25  -2.441
168.55  -2.438
168.86  -2.434
169.16  -2.429
169.47  -2.424
169.77  -2.417
170.08  -2.410
170.38  -2.402
170.69  -2.392
170.99  -2.381
171.30  -2.371
171.60  -2.360
171.91  -2.348
172.21  -2.332
172.52  -2.305
172.82  -2.276
173.13  -2.247
173.43  -2.228
173.74  -2.228
174.04  -2.238
174.35  -2.251
174.65  -2.261
174.96  -2.259
175.26  -2.251
175.56  -2.243
175.87  -2.237
176.17  -2.237
176.48  -2.240
176.78  -2.242
177.09  -2.242
177.39  -2.239
178.00  -2.229
178.31  -2.223
178.61  -2.216
178.92  -2.209
179.22  -2.203
179.53  -2.197
179.83  -2.194
180.14  -2.191
180.44  -2.189
180.75  -2.187
181.05  -2.184
181.36  -2.181
181.66  -2.177
181.97  -2.171
182.27  -2.162
182.58  -2.150
182.88  -2.138
183.18  -2.125
183.79  -2.098
184.10  -2.084
184.40  -2.073
184.71  -2.064
185.01  -2.058
185.32  -2.052
185.62  -2.045
185.93  -2.038
186.23  -2.029
186.54  -2.020
186.84  -2.011
187.15  -2.000
187.45  -1.988
188.37  -1.950
188.67  -1.938
188.98  -1.926
189.28  -1.915
189.59  -1.907
189.89  -1.901
190.20  -1.895
190.50  -1.889
190.80  -1.884
191.11  -1.877
191.41  -1.871
191.72  -1.863
192.02  -1.852
192.33  -1.841
192.63  -1.828
192.94  -1.815
193.24  -1.804
193.55  -1.793
194.16  -1.766
194.46  -1.747
194.77  -1.725
195.07  -1.703
195.38  -1.685
195.68  -1.672
195.99  -1.663
196.29  -1.656
196.60  -1.649
196.90  -1.641
197.21  -1.633
197.51  -1.626
197.82  -1.620
198.12  -1.615
198.42  -1.611
198.73  -1.606
199.03  -1.601
199.34  -1.593
199.64  -1.584
199.95  -1.575
200.25  -1.565
200.56  -1.555
200.86  -1.546
201.17  -1.536
201.47  -1.527
201.78  -1.518
202.08  -1.510
202.39  -1.503
202.69  -1.495
203.00  -1.487
203.30  -1.479
203.61  -1.471
203.91  -1.463
204.22  -1.455
204.52  -1.447
204.83  -1.439
205.13  -1.429
205.44  -1.418
205.74  -1.406
206.04  -1.391
206.35  -1.377
206.65  -1.365
206.96  -1.352
207.26  -1.337
207.57  -1.316
207.87  -1.282
208.18  -1.243
208.48  -1.204
208.79  -1.168
209.09  -1.142
209.40  -1.123
209.70  -1.107
210.01  -1.096
210.31  -1.092
210.62  -1.091
210.92  -1.093
211.23  -1.093
211.53  -1.088
211.84  -1.080
212.14  -1.071
212.45  -1.064
212.75  -1.061
214.27  -1.047
214.58  -1.042
214.88  -1.037
215.19  -1.032
215.49  -1.027
215.80  -1.023
216.10  -1.020
216.41  -1.019
216.71  -1.020
217.02  -1.022
217.32  -1.024
217.63  -1.026
217.93  -1.027
218.24  -1.029
218.54  -1.029
218.85  -1.028
219.15  -1.025
219.46  -1.022
219.76  -1.018
220.07  -1.014
220.37  -1.010
220.68  -1.006
220.98  -1.002
221.28  -1.000
221.59  -0.998
221.89  -0.996
222.20  -0.994
222.50  -0.992
222.81  -0.990
223.11  -0.987
223.42  -0.984
223.72  -0.979
224.03  -0.974
224.94  -0.958
225.25  -0.953
225.55  -0.948
225.86  -0.945
226.16  -0.944
226.47  -0.945
226.77  -0.946
227.08  -0.948
227.38  -0.950
227.69  -0.951
227.99  -0.953
228.30  -0.954
228.60  -0.952
228.90  -0.950
229.21  -0.947
229.51  -0.944
229.82  -0.941
230.12  -0.938
230.43  -0.935
230.73  -0.932
231.04  -0.930
231.34  -0.928
231.65  -0.926
231.95  -0.925
232.26  -0.922
232.56  -0.920
232.87  -0.917
233.17  -0.914
233.48  -0.911
233.78  -0.907
234.09  -0.903
234.39  -0.899
234.70  -0.894
235.00  -0.889
235.31  -0.882
235.61  -0.875
235.92  -0.865
236.22  -0.854
236.52  -0.843
236.83  -0.831
237.13  -0.819
237.44  -0.806
237.74  -0.793
238.05  -0.781
238.35  -0.770
238.66  -0.759
238.96  -0.749
239.27  -0.739
239.57  -0.729
239.88  -0.719
240.18  -0.710
240.49  -0.699
240.79  -0.688
241.10  -0.676
241.40  -0.664
241.71  -0.652
242.01  -0.641
242.32  -0.630
242.62  -0.620
242.93  -0.611
243.23  -0.603
243.54  -0.596
243.84  -0.590
244.14  -0.584
244.45  -0.578
244.75  -0.573
245.06  -0.569
245.36  -0.565
245.67  -0.561
245.97  -0.558
246.28  -0.555
246.58  -0.552
246.89  -0.549
247.19  -0.546
247.50  -0.542
247.80  -0.537
248.11  -0.530
248.41  -0.523
248.72  -0.515
249.02  -0.505
249.33  -0.496
249.63  -0.486
249.94  -0.476
250.24  -0.465
250.55  -0.453
250.85  -0.441
251.16  -0.429
251.46  -0.417
251.76  -0.404
252.07  -0.391
252.37  -0.379
252.68  -0.367
252.98  -0.356
253.29  -0.346
253.59  -0.336
253.90  -0.327
254.20  -0.317
254.51  -0.308
254.81  -0.299
255.12  -0.289
255.42  -0.278
255.73  -0.266
256.03  -0.255
256.34  -0.244
256.64  -0.232
256.95  -0.221
257.25  -0.211
257.56  -0.201
257.86  -0.193
258.17  -0.186
258.47  -0.179
258.78  -0.173
259.08  -0.167
259.38  -0.161
259.69  -0.155
259.99  -0.148
260.30  -0.142
260.60  -0.135
260.91  -0.127
261.21  -0.120
261.52  -0.113
261.82  -0.106
262.13  -0.098
262.43  -0.091
262.74  -0.083
263.04  -0.076
263.35  -0.068
263.65  -0.061
263.96  -0.053
264.26  -0.046
264.57  -0.038
264.87  -0.031
265.18  -0.024
265.48  -0.017
265.79  -0.010
266.09  -0.003
266.40   0.004
266.70   0.011
267.00   0.018
267.31   0.024
267.61   0.031
267.92   0.037
268.22   0.044
268.53   0.050
268.83   0.057
269.14   0.064
269.44   0.070
269.75   0.077
270.05   0.084
270.36   0.091
270.66   0.098
270.97   0.105
271.27   0.113
271.58   0.120
271.88   0.128
272.19   0.135
272.49   0.144
272.80   0.152
273.10   0.160
273.41   0.168
273.71   0.177
274.02   0.185
274.32   0.194
274.62   0.202
274.93   0.211
275.23   0.219
275.54   0.227
275.84   0.235
276.15   0.243
276.45   0.251
276.76   0.258
277.06   0.266
277.37   0.274
277.67   0.281
277.98   0.289
278.28   0.296
278.59   0.304
278.89   0.311
279.20   0.318
279.50   0.326
279.81   0.333
280.11   0.341
280.42   0.348
280.72   0.356
281.03   0.364
281.33   0.371
281.64   0.379
281.94   0.386
282.24   0.394
282.55   0.401
282.85   0.409
283.16   0.416
283.46   0.424
283.77   0.431
284.07   0.439
284.38   0.447
284.68   0.454
284.99   0.462
285.29   0.469
285.60   0.477
285.90   0.484
286.21   0.492
286.51   0.500
286.82   0.507
287.12   0.515
287.43   0.523
287.73   0.531
288.04   0.538
288.34   0.546
288.65   0.554
288.95   0.562
289.26   0.570
289.56   0.577
289.86   0.585
290.17   0.592
290.47   0.600
290.78   0.607
291.08   0.615
291.39   0.622
291.69   0.630
292.00   0.637
292.30   0.645
292.61   0.653
292.91   0.661
293.22   0.668
293.52   0.676
293.83   0.684
294.13   0.691
294.44   0.699
294.74   0.706
295.05   0.714
295.35   0.721
295.66   0.729
295.96   0.736
296.27   0.744
296.57   0.751
296.88   0.758
297.18   0.766
297.48   0.773
297.79   0.780
298.09   0.787
298.40   0.795
298.70   0.802
299.01   0.809
299.31   0.817
299.62   0.824
299.92   0.831
300.23   0.839
300.53   0.846
300.84   0.853
301.14   0.861
301.45   0.868
301.75   0.876
302.06   0.883
302.36   0.891
302.67   0.899
302.97   0.906
303.28   0.914
303.58   0.921
303.89   0.929
304.19   0.936
304.50   0.943
304.80   0.951
305.10   0.958
305.41   0.965
305.71   0.972
306.02   0.979
306.32   0.986
306.63   0.993
306.93   1.000
307.24   1.007
307.54   1.013
307.85   1.020
308.15   1.027
308.46   1.034
308.76   1.040
309.07   1.047
309.37   1.054
309.68   1.061
309.98   1.068
310.29   1.075
310.59   1.082
310.90   1.089
311.20   1.096
311.51   1.103
311.81   1.110
312.12   1.117
312.42   1.125
312.72   1.132
313.03   1.139
313.33   1.146
313.64   1.154
313.94   1.161
314.25   1.168
314.55   1.175
314.86   1.183
315.16   1.190
315.47   1.197
315.77   1.204
316.08   1.212
316.38   1.219
316.69   1.226
316.99   1.234
317.30   1.241
317.60   1.249
317.91   1.256
318.21   1.263
318.52   1.271
318.82   1.278
319.13   1.286
319.43   1.293
319.74   1.301
320.04   1.308
320.34   1.316
320.65   1.323
320.95   1.331
321.26   1.338
321.56   1.346
321.87   1.353
322.17   1.361
322.48   1.368
322.78   1.376
323.09   1.384
323.39   1.391
323.70   1.399
324.00   1.406
324.31   1.414
324.61   1.422
324.92   1.429
325.22   1.437
325.53   1.445
325.83   1.452
326.14   1.460
326.44   1.468
326.75   1.475
327.05   1.483
327.36   1.491
327.66   1.499
327.96   1.506
328.27   1.514
328.57   1.522
328.88   1.529
329.18   1.537
329.49   1.544
329.79   1.551
330.10   1.559
330.40   1.566
330.71   1.573
331.01   1.580
331.32   1.587
331.62   1.594
331.93   1.601
332.23   1.608
332.54   1.614
332.84   1.621
333.15   1.628
333.45   1.635
333.76   1.641
334.06   1.648
334.37   1.655
334.67   1.662
334.98   1.669
335.28   1.676
335.58   1.682
335.89   1.689
336.19   1.696
336.50   1.703
336.80   1.710
337.11   1.716
337.41   1.723
337.72   1.730
338.02   1.737
338.33   1.743
338.63   1.750
338.94   1.757
339.24   1.763
339.55   1.770
339.85   1.776
340.16   1.783
340.46   1.790
340.77   1.796
341.07   1.803
341.38   1.809
341.68   1.816
341.99   1.822
342.29   1.829
342.60   1.835
342.90   1.842
343.20   1.848
343.51   1.855
343.81   1.861
344.12   1.867
344.42   1.873
344.73   1.880
345.03   1.886
345.34   1.892
345.64   1.898
345.95   1.904
346.25   1.910
346.56   1.916
346.86   1.922
347.17   1.928
347.47   1.934
347.78   1.940
348.08   1.947
348.39   1.953
348.69   1.959
349.00   1.965
349.30   1.971
349.61   1.977
349.91   1.983
350.22   1.989
350.52   1.995
350.82   2.001
351.13   2.007
351.43   2.013
351.74   2.018
352.04   2.024
352.35   2.030
352.65   2.036
352.96   2.043
353.26   2.049
353.57   2.055
353.87   2.061
354.18   2.067
354.48   2.074
354.79   2.080
355.09   2.086
355.40   2.093
355.70   2.099
356.01   2.106
356.31   2.113
356.62   2.119
356.92   2.126
357.23   2.132
357.53   2.139
357.84   2.145
358.14   2.151
358.44   2.157
358.75   2.164
359.05   2.170
359.36   2.176
359.66   2.182
359.97   2.188
360.27   2.195
360.58   2.202
360.88   2.209
361.19   2.216
361.49   2.223
361.80   2.230
362.10   2.237
362.41   2.244
362.71   2.251
363.02   2.258
363.32   2.264
363.63   2.271
363.93   2.277
364.24   2.283
364.54   2.290
364.85   2.296
365.15   2.302
365.46   2.308
365.76   2.315
366.06   2.321
366.37   2.327
366.67   2.333
366.98   2.339
367.28   2.345
367.59   2.351
367.89   2.358
368.20   2.364
368.50   2.370
368.81   2.377
369.11   2.383
369.42   2.390
369.72   2.396
370.03   2.403
370.33   2.410
370.64   2.417
370.94   2.424
371.25   2.431
371.55   2.437
371.86   2.444
372.16   2.451
372.47   2.458
372.77   2.464
373.08   2.471
373.38   2.477
373.68   2.484
373.99   2.490
374.29   2.497
374.60   2.503
374.90   2.509
375.21   2.515
375.51   2.521
375.82   2.526
376.12   2.532
376.43   2.538
376.73   2.544
377.04   2.550
377.34   2.555
377.65   2.561
377.95   2.567
378.26   2.573
378.56   2.579
378.87   2.585
379.17   2.591
379.48   2.598
379.78   2.604
380.09   2.611
380.39   2.618
380.70   2.626
381.00   2.633
381.30   2.640
381.61   2.647
381.91   2.654
382.22   2.661
382.52   2.667
382.83   2.674
383.13   2.680
383.44   2.686
383.74   2.693
384.05   2.699
384.35   2.705
384.66   2.711
384.96   2.716
385.27   2.722
385.57   2.728
385.88   2.733
386.18   2.739
386.49   2.745
386.79   2.750
387.10   2.756
387.40   2.762
387.71   2.768
388.01   2.774
388.32   2.781
388.62   2.787
388.92   2.793
389.23   2.800
389.53   2.806
389.84   2.813
390.14   2.820
390.45   2.826
390.75   2.833
391.06   2.840
391.36   2.847
391.67   2.854
391.97   2.860
392.28   2.867
392.58   2.874
392.89   2.880
393.19   2.887
393.50   2.893
393.80   2.900
394.11   2.906
394.41   2.913
394.72   2.919
395.02   2.925
395.33   2.932
395.63   2.938
395.94   2.944
396.24   2.950
396.54   2.957
396.85   2.963
397.15   2.970
397.46   2.976
397.76   2.983
398.07   2.989
398.37   2.995
398.68   3.002
398.98   3.008
399.29   3.015
399.59   3.021
399.90   3.028
400.20   3.035
400.51   3.041
400.81   3.048
401.12   3.054
401.42   3.061
401.73   3.067
402.03   3.073
402.34   3.080
402.64   3.086
402.95   3.093
403.25   3.099
403.56   3.105
403.86   3.112
404.16   3.118
404.47   3.125
404.77   3.131
405.08   3.137
405.38   3.144
405.69   3.150
405.99   3.156
406.30   3.163
406.60   3.169
406.91   3.175
407.21   3.181
407.52   3.188
407.82   3.194
408.13   3.200
408.43   3.206
408.74   3.212
409.04   3.217
409.35   3.223
409.65   3.229
409.96   3.235
410.26   3.240
410.57   3.246
410.87   3.252
411.18   3.257
411.48   3.263
411.78   3.269
412.09   3.275
412.39   3.281
412.70   3.287
413.00   3.293
413.31   3.299
413.61   3.305
413.92   3.312
414.22   3.318
414.53   3.325
414.83   3.331
415.14   3.338
415.44   3.344
415.75   3.351
416.05   3.357
416.36   3.363
416.66   3.370
416.97   3.376
417.27   3.383
417.58   3.389
417.88   3.395
418.19   3.401
418.49   3.408
418.80   3.414
419.10   3.420
419.40   3.426
419.71   3.433
420.01   3.439
420.32   3.445
420.62   3.451
420.93   3.457
421.23   3.464
421.54   3.470
421.84   3.476
422.15   3.482
422.45   3.488
422.76   3.495
423.06   3.501
423.37   3.507
423.67   3.513
423.98   3.519
424.28   3.525
424.59   3.531
424.89   3.537
425.20   3.543
425.50   3.549
425.81   3.555
426.11   3.562
426.42   3.568
426.72   3.574
427.02   3.580
427.33   3.586
427.63   3.592
427.94   3.598
428.24   3.605
428.55   3.611
428.85   3.617
429.16   3.623
429.46   3.630
429.77   3.636
430.07   3.642
430.38   3.649
430.68   3.655
430.99   3.661
431.29   3.667
431.60   3.674
431.90   3.680
432.21   3.686
432.51   3.693
432.82   3.699
433.12   3.705
433.43   3.712
433.73   3.718
434.04   3.724
434.34   3.731
434.64   3.737
434.95   3.744
435.25   3.750
435.56   3.756
435.86   3.763
436.17   3.769
436.47   3.775
436.78   3.781
437.08   3.787
437.39   3.794
437.69   3.800
438.00   3.806
438.30   3.812
438.61   3.818
438.91   3.823
439.22   3.829
439.52   3.835
439.83   3.841
440.13   3.847
440.44   3.852
440.74   3.858
441.05   3.864
441.35   3.870
441.66   3.876
441.96   3.882
442.26   3.888
442.57   3.894
442.87   3.900
443.18   3.906
443.48   3.912
443.79   3.919
444.09   3.925
444.40   3.931
444.70   3.937
445.01   3.944
445.31   3.950
445.62   3.956
445.92   3.962
446.23   3.968
446.53   3.974
446.84   3.980
447.14   3.986
447.45   3.992
447.75   3.998
448.06   4.004
448.36   4.010
448.67   4.016
448.97   4.022
449.28   4.028
449.58   4.034
449.88   4.040
450.19   4.045
450.49   4.051
450.80   4.057
451.10   4.063
451.41   4.069
451.71   4.075
452.02   4.082
452.32   4.088
452.63   4.094
452.93   4.100
453.24   4.106
453.54   4.112
453.85   4.118
454.15   4.125
454.46   4.131
454.76   4.137
455.07   4.143
455.37   4.149
455.68   4.156
455.98   4.162
456.29   4.168
456.59   4.174
456.90   4.180
457.20   4.186
457.50   4.193
457.81   4.199
458.11   4.205
458.42   4.211
458.72   4.217
459.03   4.224
459.33   4.230
459.64   4.236
459.94   4.242
460.25   4.248
460.55   4.254
460.86   4.261
461.16   4.267
461.47   4.273
461.77   4.279
462.08   4.285
462.38   4.292
462.69   4.298
462.99   4.304
463.30   4.310
463.60   4.316
463.91   4.323
464.21   4.329
464.52   4.335
464.82   4.341
465.12   4.347
465.43   4.354
465.73   4.360
466.04   4.366
466.34   4.372
466.65   4.378
466.95   4.384
467.26   4.390
467.56   4.396
467.87   4.402
468.17   4.408
468.48   4.414
468.78   4.420
469.09   4.426
469.39   4.432
469.70   4.439
470.00   4.445
470.31   4.451
470.61   4.457
470.92   4.463
471.22   4.469
471.53   4.475
471.83   4.482
472.14   4.488
472.44   4.494
472.74   4.500
473.05   4.507
473.35   4.513
473.66   4.520
473.96   4.526
474.27   4.532
474.57   4.539
474.88   4.545
475.18   4.551
475.49   4.558
475.79   4.564
476.10   4.570
476.40   4.577
476.71   4.583
477.01   4.589
477.32   4.595
477.62   4.601
477.93   4.607
478.23   4.614
478.54   4.620
478.84   4.626
479.15   4.632
479.45   4.638
479.76   4.644
480.06   4.651
480.36   4.657
480.67   4.663
480.97   4.669
481.28   4.676
481.58   4.682
481.89   4.688
482.19   4.695
482.50   4.701
482.80   4.707
483.11   4.714
483.41   4.720
483.72   4.727
484.02   4.733
484.33   4.739
484.63   4.746
484.94   4.752
485.24   4.758
485.55   4.765
485.85   4.771
486.16   4.778
486.46   4.784
486.77   4.790
487.07   4.797
487.38   4.803
487.68   4.810
487.98   4.816
488.29   4.823
488.59   4.829
488.90   4.836
489.20   4.842
489.51   4.849
489.81   4.855
490.12   4.861
490.42   4.868
490.73   4.874
491.03   4.880
491.34   4.886
491.64   4.893
491.95   4.899
492.25   4.905
492.56   4.911
492.86   4.917
493.17   4.922
493.47   4.928
493.78   4.934
494.08   4.940
494.39   4.947
494.69   4.953
495.00   4.959
495.30   4.965
495.60   4.972
495.91   4.978
496.21   4.984
496.52   4.991
496.82   4.998
497.13   5.005
497.43   5.012
497.74   5.019
498.04   5.026
498.35   5.033
498.65   5.039
498.96   5.046
499.26   5.053
499.57   5.060
499.87   5.066
500.18   5.073
500.48   5.080
500.79   5.086
501.09   5.093
501.40   5.099
501.70   5.105
502.01   5.111
502.31   5.117
502.62   5.123
502.92   5.129
503.22   5.135
503.53   5.141
503.83   5.147
504.14   5.153
504.44   5.160
504.75   5.166
505.05   5.172
505.36   5.178
505.66   5.184
505.97   5.191
506.27   5.197
506.58   5.203
506.88   5.210
507.19   5.216
507.49   5.223
507.80   5.229
508.10   5.235
508.41   5.242
508.71   5.248
509.02   5.255
509.32   5.261
509.63   5.267
509.93   5.274
510.24   5.280
510.54   5.286
510.84   5.292
511.15   5.299
511.45   5.305
511.76   5.311
512.06   5.317
512.37   5.324
512.67   5.330
512.98   5.336
513.28   5.342
513.59   5.348
513.89   5.355
514.20   5.361
514.50   5.367
514.81   5.374
515.11   5.380
515.42   5.386
515.72   5.393
