  
  DOI/GTN-P Deep Borehole Array, Arctic Alaska 
             U.S. Geological Survey 
            Processed Temperature Log 
                    28-Aug-2013 
________________________________________________ 
  
Temperature Log Information: 
  Well name:   Lupine Creek 
  File name:   LUP_13JUL26_c_d 
  Log date:    26-JUL-2013 
  
Contact Information: 
  Gary Clow 
  U.S. Geological Survey 
  clow@usgs.gov 
  
Definitions: 
  Depth:        Depth below local ground surface (m) 
  Temperature:  ITS-90 temperature (°C) 
________________________________________________ 
             
 Depth  Temperature 
 11.41  -1.008
 11.45  -1.009
 11.56  -1.011
 11.71  -1.013
 11.87  -1.016
 12.05  -1.019
 12.22  -1.023
 12.40  -1.027
 12.56  -1.032
 12.74  -1.036
 12.91  -1.041
 13.09  -1.046
 13.26  -1.051
 13.44  -1.056
 13.61  -1.062
 13.75  -1.067
 13.88  -1.073
 14.00  -1.078
 14.14  -1.084
 14.26  -1.090
 14.38  -1.095
 14.48  -1.100
 14.58  -1.105
 14.68  -1.111
 14.78  -1.116
 14.88  -1.121
 14.97  -1.126
 15.07  -1.131
 15.17  -1.136
 15.27  -1.142
 15.37  -1.147
 15.47  -1.153
 15.57  -1.158
 15.67  -1.163
 15.76  -1.169
 15.86  -1.174
 15.96  -1.180
 16.06  -1.185
 16.16  -1.190
 16.25  -1.196
 16.35  -1.201
 16.45  -1.207
 16.54  -1.212
 16.64  -1.218
 16.74  -1.223
 16.84  -1.228
 16.94  -1.234
 17.04  -1.239
 17.14  -1.244
 17.23  -1.250
 17.33  -1.255
 17.43  -1.260
 17.53  -1.266
 17.63  -1.272
 17.73  -1.277
 17.83  -1.283
 17.93  -1.288
 18.02  -1.294
 18.11  -1.300
 18.21  -1.305
 18.31  -1.311
 18.41  -1.316
 18.51  -1.322
 18.61  -1.327
 18.71  -1.333
 18.81  -1.338
 18.90  -1.344
 19.00  -1.349
 19.10  -1.354
 19.20  -1.360
 19.30  -1.365
 19.39  -1.370
 19.49  -1.375
 19.59  -1.380
 19.69  -1.385
 19.78  -1.389
 19.88  -1.394
 19.98  -1.399
 20.08  -1.404
 20.18  -1.409
 20.27  -1.414
 20.37  -1.419
 20.47  -1.424
 20.57  -1.429
 20.67  -1.434
 20.77  -1.440
 20.87  -1.445
 20.96  -1.450
 21.07  -1.456
 21.16  -1.461
 21.26  -1.467
 21.36  -1.472
 21.46  -1.478
 21.55  -1.483
 21.65  -1.488
 21.75  -1.494
 21.85  -1.499
 21.95  -1.505
 22.06  -1.510
 22.17  -1.515
 22.28  -1.521
 22.38  -1.526
 22.49  -1.531
 22.60  -1.537
 22.71  -1.542
 22.82  -1.547
 22.93  -1.552
 23.03  -1.557
 23.13  -1.562
 23.24  -1.568
 23.34  -1.573
 23.46  -1.578
 23.56  -1.583
 23.67  -1.588
 23.78  -1.593
 23.89  -1.599
 23.99  -1.604
 24.11  -1.609
 24.21  -1.614
 24.32  -1.619
 24.43  -1.624
 24.54  -1.629
 24.65  -1.634
 24.75  -1.639
 24.85  -1.644
 24.96  -1.649
 25.07  -1.654
 25.18  -1.659
 25.29  -1.664
 25.39  -1.668
 25.50  -1.673
 25.61  -1.678
 25.72  -1.684
 25.83  -1.689
 25.94  -1.694
 26.04  -1.699
 26.15  -1.704
 26.26  -1.710
 26.37  -1.715
 26.48  -1.720
 26.59  -1.725
 26.69  -1.730
 26.80  -1.735
 26.91  -1.739
 27.01  -1.744
 27.12  -1.749
 27.23  -1.753
 27.34  -1.758
 27.45  -1.762
 27.55  -1.766
 27.66  -1.770
 27.77  -1.774
 27.88  -1.777
 27.99  -1.781
 28.10  -1.784
 28.21  -1.788
 28.32  -1.791
 28.42  -1.795
 29.98  -1.868
 30.07  -1.870
 30.17  -1.873
 30.27  -1.876
 30.38  -1.879
 30.48  -1.882
 30.57  -1.885
 30.66  -1.888
 30.76  -1.891
 30.86  -1.895
 30.95  -1.898
 31.05  -1.902
 31.15  -1.905
 31.24  -1.909
 31.34  -1.912
 31.44  -1.916
 31.54  -1.920
 31.64  -1.923
 31.74  -1.927
 31.83  -1.931
 31.93  -1.935
 32.03  -1.938
 32.13  -1.942
 32.22  -1.945
 32.33  -1.949
 32.42  -1.952
 32.52  -1.956
 32.61  -1.959
 32.71  -1.963
 32.80  -1.966
 32.91  -1.969
 33.01  -1.973
 33.11  -1.976
 33.21  -1.979
 33.30  -1.983
 33.40  -1.986
 33.51  -1.989
 33.61  -1.992
 33.71  -1.996
 33.81  -1.999
 33.90  -2.002
 33.94  -2.005
 33.94  -2.007
 33.96  -2.010
 34.03  -2.013
 34.12  -2.016
 34.22  -2.019
 34.32  -2.022
 34.43  -2.025
 34.57  -2.028
 34.70  -2.031
 34.84  -2.034
 34.96  -2.037
 35.06  -2.040
 35.16  -2.043
 35.26  -2.047
 35.36  -2.050
 35.45  -2.054
 35.55  -2.057
 35.65  -2.061
 35.76  -2.065
 35.87  -2.068
 35.99  -2.072
 36.11  -2.076
 36.24  -2.080
 36.37  -2.084
 36.51  -2.088
 36.62  -2.093
 36.74  -2.097
 36.87  -2.101
 36.94  -2.106
 37.06  -2.111
 37.22  -2.116
 37.37  -2.121
 37.60  -2.127
 37.78  -2.132
 37.95  -2.137
 38.11  -2.143
 38.26  -2.149
 38.42  -2.154
 38.60  -2.160
 38.76  -2.165
 38.93  -2.171
 39.09  -2.176
 39.27  -2.182
 39.45  -2.187
 39.62  -2.193
 39.79  -2.198
 39.96  -2.203
 40.13  -2.208
 40.30  -2.213
 40.46  -2.218
 40.63  -2.222
 40.79  -2.227
 40.96  -2.232
 41.12  -2.237
 41.29  -2.241
 41.46  -2.246
 41.62  -2.250
 41.78  -2.255
 41.94  -2.259
 42.12  -2.263
 42.28  -2.267
 42.44  -2.271
 42.60  -2.275
 42.76  -2.278
 42.93  -2.281
 43.10  -2.284
 43.26  -2.287
 43.42  -2.291
 43.59  -2.294
 43.75  -2.297
 43.91  -2.300
 44.08  -2.304
 44.24  -2.307
 44.40  -2.311
 44.57  -2.314
 44.74  -2.318
 44.89  -2.321
 45.06  -2.325
 45.22  -2.328
 45.39  -2.332
 45.56  -2.335
 45.73  -2.339
 45.89  -2.342
 46.06  -2.346
 46.23  -2.350
 46.40  -2.353
 46.56  -2.357
 46.73  -2.361
 46.90  -2.365
 47.06  -2.368
 47.22  -2.372
 47.39  -2.376
 47.55  -2.379
 47.71  -2.383
 47.87  -2.386
 48.05  -2.390
 48.27  -2.393
 48.45  -2.397
 48.67  -2.400
 48.88  -2.404
 49.08  -2.407
 49.27  -2.410
 49.45  -2.414
 49.62  -2.417
 49.80  -2.420
 49.98  -2.424
 50.16  -2.427
 50.34  -2.430
 50.51  -2.433
 50.69  -2.437
 50.89  -2.440
 51.07  -2.443
 51.25  -2.446
 51.43  -2.449
 51.60  -2.452
 51.78  -2.455
 51.98  -2.458
 52.15  -2.461
 52.33  -2.464
 52.50  -2.467
 52.69  -2.469
 52.87  -2.472
 53.04  -2.475
 53.22  -2.478
 53.40  -2.480
 53.58  -2.483
 53.76  -2.485
 53.94  -2.487
 54.11  -2.490
 54.29  -2.492
 54.46  -2.494
 54.64  -2.497
 54.82  -2.499
 55.00  -2.501
 55.17  -2.503
 55.34  -2.505
 55.52  -2.507
 55.69  -2.509
 55.87  -2.512
 56.05  -2.514
 56.23  -2.516
 56.40  -2.518
 56.57  -2.520
 56.75  -2.522
 56.93  -2.524
 57.10  -2.526
 57.28  -2.528
 57.46  -2.530
 57.64  -2.532
 57.82  -2.533
 58.00  -2.535
 58.18  -2.537
 58.35  -2.539
 58.53  -2.541
 58.71  -2.543
 58.89  -2.545
 59.06  -2.546
 59.24  -2.548
 59.41  -2.550
 59.59  -2.552
 59.77  -2.553
 59.94  -2.555
 60.13  -2.557
 60.31  -2.558
 60.49  -2.560
 60.66  -2.561
 60.83  -2.563
 61.01  -2.565
 61.19  -2.566
 61.36  -2.568
 61.54  -2.569
 61.71  -2.571
 61.89  -2.572
 62.06  -2.573
 62.24  -2.575
 62.42  -2.576
 62.60  -2.578
 62.77  -2.579
 62.94  -2.580
 63.12  -2.582
 63.29  -2.583
 63.47  -2.584
 63.65  -2.586
 63.82  -2.587
 63.99  -2.588
 64.17  -2.589
 64.35  -2.590
 64.52  -2.592
 64.70  -2.593
 64.87  -2.594
 65.04  -2.595
 65.22  -2.596
 65.40  -2.598
 65.57  -2.599
 65.75  -2.600
 65.93  -2.601
 66.11  -2.602
 66.28  -2.603
 66.45  -2.604
 66.63  -2.605
 66.81  -2.606
 66.98  -2.607
 67.16  -2.608
 67.33  -2.609
 67.51  -2.610
 67.68  -2.611
 67.86  -2.612
 68.03  -2.613
 68.21  -2.614
 68.38  -2.615
 68.56  -2.615
 68.73  -2.616
 68.91  -2.617
 69.09  -2.618
 69.26  -2.618
 69.43  -2.619
 69.60  -2.620
 69.78  -2.620
 69.96  -2.621
 70.14  -2.622
 70.31  -2.622
 70.48  -2.623
 70.66  -2.624
 70.83  -2.624
 71.01  -2.625
 71.18  -2.625
 71.36  -2.626
 71.53  -2.626
 71.71  -2.627
 71.88  -2.627
 72.06  -2.628
 72.23  -2.628
 72.41  -2.628
 72.58  -2.629
 72.76  -2.629
 72.93  -2.630
 73.10  -2.630
 73.28  -2.630
 73.46  -2.631
 73.63  -2.631
 73.80  -2.631
 73.98  -2.631
 74.16  -2.632
 74.33  -2.632
 74.50  -2.632
 74.68  -2.632
 74.85  -2.633
 75.03  -2.633
 75.21  -2.633
 75.38  -2.633
 75.56  -2.633
 75.73  -2.633
 75.90  -2.633
 76.08  -2.634
 76.26  -2.634
 76.43  -2.634
 76.61  -2.634
 76.78  -2.634
 76.95  -2.634
 77.13  -2.634
 77.30  -2.634
 77.48  -2.634
 77.65  -2.634
 77.82  -2.634
 78.00  -2.633
 78.18  -2.633
 78.36  -2.633
 78.54  -2.633
 78.71  -2.633
 78.89  -2.633
 79.06  -2.633
 79.23  -2.633
 79.40  -2.632
 79.58  -2.632
 79.76  -2.632
 79.94  -2.632
 80.11  -2.632
 80.28  -2.632
 80.46  -2.631
 80.63  -2.631
 80.81  -2.631
 80.98  -2.631
 81.16  -2.630
 81.33  -2.630
 81.50  -2.630
 81.68  -2.630
 81.85  -2.629
 82.03  -2.629
 82.21  -2.629
 82.38  -2.628
 82.55  -2.628
 82.73  -2.628
 82.90  -2.627
 83.08  -2.627
 83.25  -2.627
 83.43  -2.626
 83.60  -2.626
 83.77  -2.626
 83.94  -2.625
 84.11  -2.625
 84.28  -2.624
 84.45  -2.624
 84.62  -2.624
 84.79  -2.623
 84.96  -2.623
 85.13  -2.622
 85.30  -2.622
 85.47  -2.621
 85.64  -2.620
 85.81  -2.620
 85.98  -2.619
 86.15  -2.619
 86.32  -2.618
 86.49  -2.618
 86.67  -2.617
 86.83  -2.616
 87.00  -2.616
 87.18  -2.615
 87.35  -2.614
 87.52  -2.614
 87.69  -2.613
 87.86  -2.612
 88.03  -2.611
 88.20  -2.611
 88.37  -2.610
 88.54  -2.609
 88.71  -2.608
 88.88  -2.607
 89.05  -2.607
 89.22  -2.606
 89.39  -2.605
 89.56  -2.604
 89.73  -2.603
 89.90  -2.602
 90.08  -2.601
 90.24  -2.601
 90.41  -2.600
 90.58  -2.599
 90.76  -2.598
 90.92  -2.597
 91.09  -2.596
 91.27  -2.595
 91.43  -2.594
 91.60  -2.593
 91.77  -2.592
 91.95  -2.591
 92.12  -2.590
 92.29  -2.589
 92.46  -2.588
 92.62  -2.587
 92.79  -2.586
 92.97  -2.585
 93.14  -2.584
 93.30  -2.583
 93.48  -2.582
 93.65  -2.581
 93.82  -2.580
 93.99  -2.579
 94.16  -2.578
 94.33  -2.577
 94.50  -2.576
 94.67  -2.575
 94.84  -2.574
 95.01  -2.572
 95.18  -2.571
 95.35  -2.570
 95.52  -2.569
 95.69  -2.568
 95.86  -2.567
 96.03  -2.565
 96.20  -2.564
 96.37  -2.563
 96.54  -2.562
 96.71  -2.561
 96.88  -2.559
 97.05  -2.558
 97.22  -2.557
 97.39  -2.556
 97.56  -2.554
 97.73  -2.553
 97.90  -2.552
 98.07  -2.551
 98.24  -2.549
 98.41  -2.548
 98.59  -2.547
 98.75  -2.545
 98.92  -2.544
 99.09  -2.543
 99.26  -2.542
 99.43  -2.540
 99.60  -2.539
 99.78  -2.537
 99.94  -2.536
100.11  -2.535
100.28  -2.533
100.45  -2.532
100.62  -2.530
100.80  -2.529
100.97  -2.528
101.13  -2.526
101.30  -2.525
101.48  -2.523
101.65  -2.522
101.82  -2.520
101.99  -2.519
102.16  -2.517
102.33  -2.516
102.50  -2.514
102.67  -2.512
102.84  -2.511
103.01  -2.509
103.18  -2.508
103.35  -2.506
103.52  -2.505
103.70  -2.503
103.86  -2.501
104.03  -2.500
104.21  -2.498
104.38  -2.497
104.55  -2.495
104.72  -2.493
104.89  -2.492
105.06  -2.490
105.23  -2.488
105.40  -2.487
105.57  -2.485
105.74  -2.483
105.92  -2.481
106.09  -2.480
106.25  -2.478
106.42  -2.476
106.60  -2.475
106.77  -2.473
106.94  -2.471
107.11  -2.469
107.28  -2.468
107.45  -2.466
107.62  -2.464
107.79  -2.462
107.97  -2.461
108.14  -2.459
108.31  -2.457
108.47  -2.455
108.65  -2.453
108.82  -2.452
108.99  -2.450
109.16  -2.448
109.33  -2.446
109.51  -2.444
109.67  -2.443
109.84  -2.441
110.01  -2.439
110.18  -2.437
110.36  -2.435
110.53  -2.434
110.69  -2.432
110.87  -2.430
111.04  -2.428
111.21  -2.426
111.38  -2.424
111.55  -2.423
111.72  -2.421
111.89  -2.419
112.06  -2.417
112.24  -2.415
112.40  -2.413
112.57  -2.411
112.75  -2.409
112.92  -2.407
113.09  -2.405
113.26  -2.403
113.43  -2.401
113.60  -2.399
113.77  -2.397
113.94  -2.395
114.11  -2.393
114.29  -2.391
114.46  -2.389
114.62  -2.387
114.80  -2.385
114.97  -2.383
115.14  -2.381
115.31  -2.379
115.49  -2.377
115.66  -2.375
115.82  -2.373
116.00  -2.371
116.17  -2.369
116.34  -2.367
116.51  -2.364
116.68  -2.362
116.85  -2.360
117.02  -2.358
117.20  -2.356
117.37  -2.354
117.54  -2.351
117.71  -2.349
117.88  -2.347
118.05  -2.345
118.22  -2.342
118.40  -2.340
118.57  -2.338
118.74  -2.336
118.91  -2.333
119.08  -2.331
119.26  -2.329
119.42  -2.326
119.60  -2.324
119.77  -2.322
119.94  -2.320
120.11  -2.317
120.28  -2.315
120.45  -2.313
120.62  -2.311
120.79  -2.308
120.96  -2.306
121.14  -2.304
121.31  -2.302
121.48  -2.299
121.65  -2.297
121.82  -2.295
122.00  -2.292
122.16  -2.290
122.34  -2.288
122.51  -2.285
122.68  -2.283
122.85  -2.280
123.02  -2.278
123.19  -2.275
123.36  -2.273
123.54  -2.270
123.71  -2.267
123.88  -2.265
124.05  -2.262
124.22  -2.260
124.39  -2.257
124.56  -2.254
124.74  -2.252
124.90  -2.249
125.07  -2.246
125.24  -2.243
125.41  -2.240
125.59  -2.237
125.75  -2.235
125.92  -2.232
126.09  -2.229
126.26  -2.226
126.42  -2.223
126.58  -2.220
126.75  -2.217
126.92  -2.214
127.09  -2.211
127.26  -2.208
127.42  -2.205
127.58  -2.202
127.75  -2.199
127.92  -2.197
128.09  -2.194
128.26  -2.192
128.43  -2.189
128.59  -2.187
128.76  -2.184
128.93  -2.182
129.09  -2.180
129.26  -2.178
129.43  -2.175
129.59  -2.173
129.76  -2.171
129.93  -2.168
130.10  -2.166
130.27  -2.164
130.43  -2.161
130.59  -2.159
130.76  -2.157
130.93  -2.154
138.47  -2.025
138.63  -2.021
138.79  -2.018
138.96  -2.015
139.13  -2.011
139.29  -2.008
139.46  -2.005
139.63  -2.001
139.80  -1.998
139.97  -1.995
140.14  -1.991
140.30  -1.988
140.47  -1.985
140.63  -1.981
140.80  -1.978
140.97  -1.974
141.13  -1.971
141.30  -1.967
141.47  -1.964
141.64  -1.960
141.81  -1.957
141.97  -1.953
142.13  -1.950
142.30  -1.946
142.47  -1.942
142.63  -1.939
142.80  -1.935
142.97  -1.932
143.14  -1.928
143.31  -1.924
143.48  -1.921
143.65  -1.917
143.81  -1.914
143.98  -1.910
144.14  -1.907
144.31  -1.903
144.47  -1.900
144.64  -1.896
144.81  -1.893
144.98  -1.889
145.15  -1.886
145.31  -1.882
145.48  -1.879
145.65  -1.875
145.81  -1.872
145.98  -1.869
146.15  -1.865
146.31  -1.862
146.48  -1.859
146.65  -1.855
146.82  -1.852
146.98  -1.849
147.15  -1.846
147.32  -1.843
147.48  -1.839
147.64  -1.836
147.81  -1.833
147.98  -1.830
148.15  -1.827
148.32  -1.824
148.48  -1.821
148.65  -1.818
148.82  -1.815
148.99  -1.812
149.15  -1.809
149.32  -1.806
149.49  -1.803
149.65  -1.800
149.82  -1.797
149.98  -1.794
150.15  -1.791
150.32  -1.788
150.49  -1.785
150.65  -1.782
150.82  -1.778
150.98  -1.775
151.15  -1.772
151.32  -1.769
151.48  -1.766
151.65  -1.763
151.81  -1.760
151.98  -1.757
152.15  -1.754
152.32  -1.752
152.48  -1.749
152.65  -1.746
152.81  -1.743
152.98  -1.740
153.15  -1.738
153.31  -1.735
153.48  -1.732
153.64  -1.729
153.81  -1.726
153.98  -1.723
154.15  -1.720
154.31  -1.718
154.48  -1.715
154.65  -1.712
154.82  -1.709
154.98  -1.705
155.14  -1.702
155.31  -1.699
155.48  -1.696
155.64  -1.693
155.81  -1.689
155.98  -1.686
156.15  -1.683
156.31  -1.679
156.48  -1.676
156.65  -1.673
156.81  -1.669
156.98  -1.666
157.14  -1.663
157.30  -1.659
157.47  -1.656
157.64  -1.653
157.81  -1.649
157.98  -1.646
158.14  -1.643
158.31  -1.639
158.48  -1.636
158.64  -1.633
158.80  -1.629
158.97  -1.626
159.14  -1.622
159.30  -1.619
159.47  -1.615
159.64  -1.612
159.81  -1.609
159.98  -1.605
160.15  -1.601
160.31  -1.598
160.48  -1.594
160.64  -1.591
160.81  -1.587
160.98  -1.583
161.14  -1.580
161.31  -1.576
161.48  -1.572
161.65  -1.569
161.81  -1.565
161.98  -1.561
162.15  -1.557
162.31  -1.554
162.48  -1.550
162.64  -1.546
162.81  -1.543
162.98  -1.539
169.90  -1.395
170.06  -1.392
170.23  -1.389
170.39  -1.385
170.55  -1.382
170.72  -1.379
170.88  -1.376
171.05  -1.373
171.21  -1.369
171.37  -1.366
171.53  -1.363
171.69  -1.360
171.85  -1.357
172.02  -1.353
172.18  -1.350
172.35  -1.347
172.51  -1.344
172.67  -1.341
172.84  -1.337
173.00  -1.334
173.16  -1.331
173.32  -1.328
173.48  -1.324
173.64  -1.321
173.81  -1.318
173.97  -1.314
174.14  -1.311
174.30  -1.307
174.46  -1.304
174.63  -1.301
174.79  -1.297
174.95  -1.294
175.11  -1.291
175.28  -1.287
175.44  -1.284
175.60  -1.281
175.76  -1.277
175.93  -1.274
176.09  -1.270
176.26  -1.267
176.42  -1.264
176.58  -1.260
176.74  -1.257
176.90  -1.254
177.07  -1.251
177.23  -1.247
177.40  -1.244
177.56  -1.241
177.72  -1.237
177.89  -1.234
178.05  -1.231
178.21  -1.227
178.37  -1.224
178.53  -1.221
178.70  -1.218
178.86  -1.215
179.02  -1.212
179.19  -1.209
179.35  -1.206
179.52  -1.203
179.68  -1.199
179.84  -1.196
180.01  -1.193
180.16  -1.190
180.32  -1.187
180.49  -1.184
180.65  -1.181
180.81  -1.177
180.98  -1.174
181.14  -1.171
181.31  -1.167
181.47  -1.164
181.63  -1.160
181.79  -1.157
181.95  -1.153
182.11  -1.150
182.28  -1.146
182.44  -1.142
182.61  -1.139
182.77  -1.135
182.94  -1.131
183.10  -1.128
183.26  -1.124
183.43  -1.120
183.59  -1.116
183.75  -1.113
183.91  -1.109
184.08  -1.105
184.24  -1.101
184.40  -1.097
184.56  -1.093
184.73  -1.089
184.89  -1.086
185.06  -1.082
185.22  -1.078
185.38  -1.074
185.55  -1.070
185.71  -1.066
185.87  -1.062
186.03  -1.058
186.20  -1.054
186.36  -1.050
186.52  -1.046
186.69  -1.043
186.86  -1.039
187.02  -1.035
187.18  -1.031
187.34  -1.027
187.51  -1.023
187.67  -1.019
187.83  -1.015
187.99  -1.011
188.16  -1.007
188.33  -1.004
188.49  -1.000
188.66  -0.996
188.82  -0.993
188.98  -0.989
189.14  -0.986
189.30  -0.982
189.47  -0.979
189.63  -0.976
189.80  -0.973
189.96  -0.969
190.13  -0.966
190.29  -0.963
190.62  -0.957
190.78  -0.953
190.94  -0.950
191.11  -0.947
191.27  -0.943
191.43  -0.940
191.60  -0.936
191.76  -0.933
191.93  -0.929
192.09  -0.925
192.25  -0.922
192.41  -0.918
192.58  -0.914
192.74  -0.910
192.91  -0.906
193.07  -0.902
193.24  -0.898
193.40  -0.894
193.57  -0.890
193.73  -0.886
193.88  -0.882
194.05  -0.878
194.21  -0.874
194.38  -0.870
194.54  -0.865
194.71  -0.861
194.87  -0.857
195.04  -0.852
195.20  -0.848
195.36  -0.843
195.52  -0.839
195.69  -0.835
195.85  -0.830
196.02  -0.826
196.18  -0.822
196.35  -0.817
196.51  -0.813
196.68  -0.809
196.84  -0.804
197.00  -0.800
197.17  -0.796
197.33  -0.792
197.50  -0.788
197.66  -0.784
197.83  -0.780
197.99  -0.776
198.15  -0.772
198.31  -0.768
198.48  -0.764
198.64  -0.760
198.81  -0.756
198.97  -0.753
199.14  -0.749
199.30  -0.746
199.47  -0.742
199.62  -0.739
199.79  -0.736
199.95  -0.733
200.12  -0.729
200.28  -0.726
200.45  -0.723
200.61  -0.720
200.77  -0.717
200.94  -0.714
201.10  -0.711
201.27  -0.708
201.43  -0.705
201.60  -0.702
201.76  -0.699
201.93  -0.696
202.09  -0.693
202.25  -0.689
202.41  -0.686
202.58  -0.683
202.74  -0.679
202.91  -0.676
203.07  -0.673
203.24  -0.669
203.40  -0.666
203.56  -0.662
203.73  -0.659
203.89  -0.656
204.05  -0.652
204.21  -0.649
204.38  -0.645
204.54  -0.642
204.71  -0.638
204.87  -0.634
205.04  -0.631
205.19  -0.627
205.36  -0.623
205.52  -0.620
205.69  -0.616
205.86  -0.612
206.02  -0.609
206.19  -0.605
206.34  -0.601
206.50  -0.598
206.66  -0.594
206.82  -0.590
206.98  -0.587
207.14  -0.583
207.30  -0.580
207.47  -0.576
207.62  -0.573
207.78  -0.569
207.94  -0.566
208.10  -0.563
208.26  -0.560
208.42  -0.556
208.58  -0.553
208.74  -0.550
208.89  -0.546
209.05  -0.543
209.22  -0.540
209.38  -0.536
209.54  -0.533
209.70  -0.529
209.86  -0.526
210.01  -0.522
210.17  -0.519
210.33  -0.515
210.49  -0.511
210.65  -0.507
210.82  -0.504
210.98  -0.500
211.14  -0.496
211.29  -0.492
211.45  -0.488
211.61  -0.485
211.77  -0.481
211.93  -0.477
212.09  -0.473
212.26  -0.469
212.41  -0.465
212.57  -0.461
212.73  -0.458
212.89  -0.454
213.05  -0.450
213.21  -0.446
213.37  -0.442
213.53  -0.438
213.70  -0.434
213.86  -0.430
214.01  -0.426
214.17  -0.423
214.33  -0.419
214.49  -0.415
214.65  -0.411
214.81  -0.408
214.97  -0.404
215.12  -0.401
215.29  -0.397
215.44  -0.394
215.61  -0.391
215.77  -0.387
215.93  -0.384
216.09  -0.381
216.25  -0.378
216.40  -0.374
216.57  -0.371
216.73  -0.368
216.89  -0.365
217.05  -0.362
217.21  -0.358
217.37  -0.355
217.52  -0.352
217.69  -0.349
217.85  -0.345
218.01  -0.342
218.17  -0.339
218.33  -0.335
218.49  -0.332
218.64  -0.328
218.80  -0.325
218.97  -0.322
219.13  -0.318
219.29  -0.315
219.45  -0.312
219.61  -0.308
219.76  -0.305
219.92  -0.302
220.08  -0.298
220.25  -0.295
220.40  -0.291
220.57  -0.288
220.73  -0.284
220.89  -0.281
221.04  -0.277
221.20  -0.274
221.36  -0.271
221.52  -0.267
221.69  -0.264
221.85  -0.260
222.01  -0.257
222.16  -0.253
222.32  -0.250
222.48  -0.246
222.64  -0.243
222.80  -0.240
222.96  -0.236
223.12  -0.233
223.28  -0.230
223.44  -0.226
223.60  -0.223
223.76  -0.220
223.92  -0.216
224.08  -0.213
224.24  -0.210
224.40  -0.206
224.56  -0.203
224.71  -0.199
224.87  -0.196
225.03  -0.193
225.19  -0.189
225.36  -0.186
225.52  -0.182
225.68  -0.179
225.84  -0.175
225.99  -0.171
226.15  -0.168
226.31  -0.164
226.47  -0.161
226.63  -0.157
226.79  -0.153
226.95  -0.150
227.11  -0.146
227.26  -0.143
227.43  -0.139
227.59  -0.135
227.75  -0.132
227.91  -0.128
228.07  -0.124
228.23  -0.121
228.38  -0.117
228.54  -0.113
228.70  -0.110
228.86  -0.106
229.03  -0.102
229.18  -0.099
229.34  -0.095
229.50  -0.091
229.66  -0.088
229.82  -0.084
229.98  -0.080
230.14  -0.077
230.30  -0.073
230.46  -0.069
230.62  -0.066
230.77  -0.062
230.93  -0.058
231.09  -0.054
231.25  -0.051
231.41  -0.047
231.57  -0.043
231.73  -0.040
231.89  -0.036
232.05  -0.032
232.20  -0.028
232.36  -0.025
232.52  -0.021
232.69  -0.017
232.84  -0.013
233.00  -0.009
233.16  -0.006
233.32  -0.002
233.48   0.002
233.64   0.006
233.80   0.010
233.96   0.014
234.12   0.018
234.28   0.021
234.43   0.025
234.59   0.029
234.76   0.033
234.91   0.037
235.07   0.040
235.23   0.044
235.39   0.048
235.56   0.051
235.71   0.055
235.87   0.058
236.03   0.062
236.19   0.065
236.35   0.069
236.51   0.072
236.67   0.076
236.82   0.079
236.98   0.082
237.14   0.086
237.30   0.089
237.47   0.093
237.62   0.096
237.78   0.099
237.94   0.103
238.10   0.106
238.26   0.110
238.42   0.113
238.58   0.117
238.74   0.120
238.90   0.124
239.05   0.128
239.21   0.131
239.37   0.135
239.53   0.138
239.69   0.142
239.85   0.145
240.01   0.149
240.17   0.152
240.33   0.156
240.49   0.159
240.65   0.163
240.81   0.166
240.97   0.170
241.13   0.173
241.29   0.176
241.45   0.180
241.60   0.183
241.76   0.187
241.92   0.190
242.08   0.194
242.24   0.198
242.40   0.201
242.57   0.205
242.72   0.208
242.88   0.212
243.04   0.216
243.20   0.220
243.36   0.224
243.52   0.228
243.68   0.232
243.84   0.236
243.99   0.240
244.16   0.244
244.31   0.248
244.48   0.252
244.64   0.256
244.80   0.260
244.96   0.265
245.11   0.269
245.26   0.273
245.42   0.277
245.57   0.281
245.73   0.285
245.89   0.289
246.04   0.293
246.19   0.297
246.34   0.301
246.50   0.305
246.66   0.310
246.81   0.314
246.97   0.318
247.13   0.322
247.28   0.326
247.43   0.330
247.59   0.334
247.75   0.338
247.90   0.343
248.06   0.347
248.21   0.351
248.37   0.356
248.53   0.360
248.68   0.364
248.83   0.369
248.99   0.373
249.14   0.377
249.30   0.382
249.45   0.386
249.61   0.391
249.77   0.395
249.91   0.399
250.07   0.404
250.23   0.408
250.38   0.412
250.54   0.417
250.69   0.421
250.85   0.425
251.00   0.429
251.16   0.434
251.31   0.438
251.47   0.442
251.62   0.446
251.78   0.450
251.94   0.454
252.09   0.459
252.24   0.463
252.40   0.467
252.55   0.471
252.71   0.475
252.87   0.479
253.02   0.483
253.18   0.488
253.33   0.492
253.48   0.496
253.64   0.500
253.80   0.504
253.95   0.508
254.11   0.513
254.27   0.517
254.42   0.521
254.57   0.525
254.73   0.529
254.88   0.533
255.04   0.537
255.20   0.541
255.35   0.546
255.51   0.550
255.66   0.554
255.81   0.557
255.97   0.561
256.13   0.565
256.29   0.569
256.44   0.573
256.60   0.577
256.75   0.581
256.90   0.585
257.06   0.589
257.21   0.593
257.37   0.597
257.53   0.601
257.68   0.605
257.84   0.609
257.99   0.613
258.14   0.617
258.30   0.621
258.46   0.625
258.61   0.629
258.77   0.633
258.92   0.637
259.08   0.641
259.23   0.645
259.38   0.649
259.54   0.653
259.70   0.657
259.85   0.661
260.01   0.665
260.17   0.669
260.32   0.673
260.47   0.677
260.63   0.682
260.78   0.686
260.94   0.690
261.10   0.694
261.25   0.698
261.40   0.702
261.56   0.706
261.72   0.711
261.87   0.715
262.03   0.719
262.19   0.723
262.34   0.727
262.50   0.731
262.65   0.735
262.80   0.739
262.96   0.743
263.12   0.747
263.28   0.751
263.43   0.754
263.59   0.758
263.74   0.762
263.90   0.766
264.05   0.769
264.21   0.773
264.36   0.777
264.52   0.780
264.67   0.784
264.83   0.788
264.98   0.791
265.14   0.795
265.29   0.798
265.45   0.802
265.61   0.805
265.77   0.809
265.92   0.812
266.08   0.816
266.23   0.819
266.38   0.822
266.54   0.826
266.69   0.829
266.85   0.832
267.01   0.836
267.17   0.839
267.32   0.842
267.47   0.846
267.63   0.849
267.79   0.852
267.94   0.855
268.10   0.858
268.26   0.862
268.41   0.865
268.57   0.868
268.72   0.871
268.88   0.874
269.04   0.877
269.19   0.880
269.35   0.883
269.51   0.887
269.66   0.890
269.81   0.893
269.96   0.896
270.12   0.899
270.28   0.902
270.43   0.906
270.59   0.909
270.74   0.912
270.90   0.916
271.05   0.919
271.21   0.922
271.37   0.926
271.52   0.929
271.68   0.932
271.83   0.936
271.99   0.939
272.15   0.942
272.30   0.946
272.46   0.949
272.62   0.952
272.77   0.955
272.93   0.958
273.09   0.962
273.24   0.965
273.39   0.968
273.55   0.970
273.70   0.973
273.86   0.976
274.02   0.979
274.18   0.982
274.33   0.985
274.49   0.988
274.64   0.991
274.80   0.994
274.96   0.997
275.11   1.000
275.27   1.003
275.43   1.006
275.58   1.010
275.73   1.013
275.89   1.016
276.05   1.019
276.20   1.023
276.36   1.026
276.52   1.029
276.67   1.033
276.83   1.036
276.98   1.039
277.14   1.043
277.30   1.046
277.45   1.049
277.61   1.053
277.76   1.056
277.92   1.059
278.08   1.062
278.23   1.066
278.39   1.069
278.55   1.072
278.70   1.075
278.86   1.078
279.01   1.081
279.17   1.085
279.32   1.088
279.48   1.091
279.64   1.094
279.80   1.097
279.95   1.100
280.10   1.104
280.26   1.107
280.42   1.110
280.57   1.113
280.73   1.116
280.89   1.120
281.04   1.123
281.19   1.126
281.36   1.129
281.51   1.132
281.66   1.135
281.82   1.139
281.97   1.142
282.13   1.145
282.29   1.148
282.45   1.151
282.60   1.154
282.75   1.157
282.91   1.160
283.06   1.163
283.21   1.166
283.37   1.168
283.52   1.171
283.67   1.174
283.82   1.177
283.97   1.179
284.12   1.182
284.28   1.185
284.43   1.188
284.58   1.190
284.74   1.193
284.89   1.196
285.04   1.198
285.19   1.201
285.34   1.204
285.49   1.207
285.65   1.210
285.80   1.212
285.95   1.215
286.10   1.218
286.25   1.221
286.40   1.224
286.55   1.227
286.71   1.230
286.86   1.232
287.01   1.235
287.16   1.238
287.32   1.241
287.47   1.244
287.61   1.247
287.77   1.249
287.92   1.252
288.08   1.255
288.23   1.258
288.38   1.260
288.53   1.263
288.68   1.266
288.83   1.269
288.99   1.271
289.14   1.274
289.29   1.277
289.44   1.280
289.59   1.282
289.75   1.285
289.90   1.288
290.05   1.291
290.20   1.293
290.35   1.296
290.51   1.299
290.66   1.302
290.81   1.304
290.96   1.307
291.11   1.310
291.26   1.313
291.42   1.315
291.57   1.318
291.72   1.321
291.87   1.324
292.02   1.326
292.17   1.329
292.33   1.332
292.48   1.335
292.63   1.338
292.78   1.341
292.93   1.344
293.09   1.347
293.24   1.350
293.39   1.353
293.54   1.356
293.70   1.359
293.85   1.362
294.00   1.365
294.15   1.368
294.31   1.371
294.45   1.374
294.60   1.377
294.76   1.380
294.91   1.383
295.07   1.386
295.22   1.388
295.37   1.391
295.52   1.394
295.67   1.397
295.82   1.399
295.98   1.402
296.13   1.405
296.28   1.408
296.43   1.410
296.58   1.413
296.73   1.416
296.89   1.419
297.04   1.422
297.20   1.424
297.35   1.427
297.51   1.430
297.66   1.433
297.82   1.436
297.97   1.439
298.13   1.442
298.28   1.445
298.44   1.448
298.60   1.451
298.75   1.454
298.91   1.457
299.07   1.461
299.23   1.464
299.40   1.467
299.55   1.470
299.71   1.473
299.87   1.477
300.03   1.480
300.19   1.484
300.35   1.487
300.51   1.491
300.67   1.494
300.83   1.498
300.99   1.501
301.15   1.505
301.31   1.509
301.47   1.512
301.63   1.516
301.79   1.519
301.95   1.523
302.11   1.527
302.26   1.530
302.43   1.533
302.59   1.537
302.75   1.540
302.91   1.543
303.07   1.546
303.23   1.549
303.38   1.553
303.54   1.556
303.70   1.559
303.86   1.562
304.02   1.565
304.18   1.568
304.34   1.571
304.50   1.574
304.66   1.577
304.82   1.580
304.98   1.583
305.14   1.586
305.30   1.589
305.46   1.592
305.62   1.595
305.77   1.598
305.93   1.601
306.09   1.604
306.25   1.607
306.41   1.610
306.57   1.613
306.73   1.616
306.89   1.619
307.05   1.622
307.21   1.625
307.37   1.628
307.53   1.631
307.69   1.634
307.85   1.637
308.00   1.640
308.16   1.643
308.32   1.646
308.48   1.649
308.64   1.652
308.81   1.655
308.96   1.658
309.12   1.661
309.29   1.664
309.44   1.667
309.60   1.671
309.76   1.674
309.92   1.677
310.08   1.680
310.24   1.684
310.40   1.687
310.56   1.691
310.72   1.695
310.88   1.698
311.04   1.702
311.20   1.706
311.36   1.710
311.52   1.713
311.67   1.717
311.83   1.721
311.99   1.725
312.16   1.728
312.32   1.732
312.48   1.736
312.64   1.740
312.80   1.743
312.95   1.747
313.11   1.751
313.27   1.754
313.43   1.758
313.59   1.761
313.75   1.765
313.91   1.768
314.07   1.772
314.23   1.775
314.39   1.779
314.55   1.782
314.71   1.785
314.87   1.789
315.03   1.792
315.19   1.795
315.34   1.798
315.50   1.802
315.66   1.805
315.82   1.808
315.98   1.811
316.14   1.814
316.30   1.817
316.46   1.820
316.62   1.823
316.78   1.826
316.94   1.828
317.10   1.831
317.26   1.834
317.42   1.837
317.58   1.840
317.73   1.843
317.90   1.845
318.06   1.848
318.22   1.851
318.38   1.854
318.54   1.856
318.70   1.859
318.85   1.862
319.01   1.865
319.17   1.867
319.33   1.870
319.49   1.873
319.65   1.876
319.81   1.878
319.96   1.881
320.12   1.884
320.27   1.887
320.43   1.890
320.58   1.893
320.74   1.896
320.90   1.899
321.05   1.902
321.20   1.905
321.36   1.908
321.51   1.911
321.67   1.914
321.83   1.917
321.98   1.920
322.14   1.923
322.29   1.926
322.44   1.930
322.60   1.933
322.75   1.936
322.91   1.939
323.06   1.942
323.22   1.945
323.37   1.948
323.53   1.951
323.68   1.954
323.84   1.957
323.99   1.960
324.15   1.963
324.30   1.967
324.46   1.970
324.61   1.973
324.76   1.976
324.92   1.979
325.08   1.982
325.23   1.985
325.39   1.987
325.54   1.990
325.70   1.993
325.85   1.996
326.00   1.999
326.16   2.001
326.31   2.004
326.47   2.007
326.63   2.009
326.78   2.012
326.93   2.015
327.09   2.018
327.25   2.020
327.40   2.023
327.55   2.026
327.71   2.029
327.87   2.032
328.02   2.035
328.17   2.038
328.33   2.041
328.49   2.045
328.64   2.048
328.80   2.051
328.95   2.054
329.11   2.058
329.26   2.061
329.42   2.064
329.57   2.067
329.73   2.070
329.88   2.073
330.04   2.077
330.19   2.080
330.34   2.083
330.50   2.086
330.66   2.088
330.81   2.091
330.97   2.094
331.12   2.097
331.28   2.099
331.43   2.102
331.59   2.105
331.74   2.108
331.89   2.110
332.05   2.113
332.20   2.116
332.36   2.119
332.52   2.121
332.68   2.124
332.83   2.127
332.98   2.130
333.14   2.132
333.29   2.135
333.45   2.138
333.60   2.141
333.76   2.144
333.92   2.146
334.07   2.149
334.22   2.152
334.38   2.155
334.54   2.158
334.69   2.161
334.85   2.164
335.00   2.167
335.15   2.170
335.31   2.173
335.47   2.176
335.62   2.180
335.78   2.183
335.93   2.187
336.09   2.190
336.24   2.194
336.40   2.197
336.56   2.201
336.71   2.204
336.87   2.208
337.02   2.211
337.18   2.215
337.34   2.218
337.49   2.222
337.64   2.225
337.80   2.229
337.96   2.232
338.11   2.235
338.26   2.239
338.42   2.242
338.57   2.246
338.73   2.249
338.89   2.252
339.04   2.256
339.20   2.259
339.35   2.262
339.51   2.266
339.67   2.269
339.82   2.272
339.97   2.276
340.13   2.279
340.28   2.282
340.44   2.285
340.60   2.289
340.75   2.292
340.91   2.295
341.06   2.298
341.22   2.301
341.37   2.305
341.53   2.308
341.68   2.311
341.84   2.314
342.00   2.317
342.15   2.320
342.30   2.323
342.46   2.326
342.62   2.330
342.77   2.333
342.93   2.336
343.09   2.339
343.24   2.342
343.39   2.345
343.55   2.348
343.71   2.351
343.86   2.354
344.02   2.358
344.18   2.361
344.33   2.364
344.48   2.367
344.64   2.370
344.80   2.373
344.96   2.376
345.11   2.379
345.27   2.381
345.42   2.384
345.57   2.387
345.73   2.390
345.89   2.393
346.04   2.395
346.20   2.398
346.36   2.401
346.51   2.404
346.66   2.407
346.82   2.409
346.98   2.412
347.14   2.415
347.29   2.418
347.44   2.420
347.60   2.423
347.76   2.426
347.92   2.428
348.07   2.431
348.22   2.434
348.38   2.436
348.54   2.439
348.69   2.442
348.85   2.445
349.01   2.447
349.16   2.450
349.32   2.453
349.47   2.456
349.63   2.459
349.79   2.461
349.94   2.464
350.10   2.467
350.25   2.471
350.41   2.474
350.56   2.477
350.72   2.481
350.88   2.484
351.04   2.488
351.20   2.491
351.35   2.495
351.50   2.498
351.66   2.501
351.82   2.505
351.98   2.508
352.13   2.511
352.29   2.515
352.45   2.518
352.60   2.521
352.75   2.524
352.91   2.527
353.07   2.530
353.23   2.533
353.38   2.536
353.54   2.539
353.69   2.541
353.85   2.544
354.00   2.547
354.16   2.549
354.32   2.552
354.47   2.555
354.63   2.557
354.79   2.560
354.94   2.562
355.09   2.564
355.25   2.566
355.41   2.568
355.57   2.569
355.71   2.571
355.87   2.572
356.02   2.574
356.17   2.575
356.32   2.577
356.48   2.579
356.63   2.582
356.77   2.584
356.93   2.587
357.08   2.590
357.23   2.593
357.39   2.596
357.54   2.599
357.69   2.601
357.84   2.603
357.99   2.605
358.14   2.608
358.30   2.610
358.45   2.613
358.60   2.616
358.75   2.621
359.05   2.634
359.20   2.642
359.36   2.649
359.51   2.658
359.66   2.665
359.81   2.673
359.96   2.680
360.12   2.685
360.27   2.689
360.42   2.693
360.57   2.696
360.72   2.699
360.87   2.703
361.03   2.706
361.18   2.709
361.32   2.712
361.48   2.716
361.63   2.721
361.78   2.725
361.94   2.729
362.09   2.732
362.24   2.736
362.39   2.740
362.54   2.743
362.69   2.747
362.84   2.750
362.99   2.753
363.15   2.756
363.30   2.759
363.45   2.762
363.60   2.765
363.75   2.768
363.90   2.771
364.05   2.774
364.21   2.777
364.36   2.780
364.51   2.782
364.66   2.785
364.81   2.788
364.96   2.791
365.11   2.795
365.27   2.798
365.42   2.801
365.57   2.805
365.72   2.808
365.87   2.811
366.02   2.815
366.17   2.818
366.32   2.821
366.48   2.825
366.63   2.828
366.78   2.831
366.93   2.834
367.08   2.838
367.23   2.841
367.38   2.844
367.54   2.847
367.69   2.850
367.84   2.852
367.99   2.855
368.14   2.858
368.29   2.861
368.44   2.863
368.59   2.866
368.75   2.869
368.90   2.872
369.05   2.874
369.20   2.877
369.35   2.880
369.50   2.883
369.65   2.885
369.80   2.888
369.95   2.891
370.11   2.894
370.25   2.897
370.41   2.900
370.56   2.903
370.71   2.906
370.86   2.909
371.01   2.912
371.16   2.915
371.32   2.918
371.46   2.921
371.61   2.924
371.76   2.927
371.92   2.930
372.07   2.933
372.22   2.936
372.38   2.939
372.52   2.942
372.67   2.945
372.82   2.948
372.97   2.950
373.12   2.953
373.28   2.956
373.43   2.959
373.58   2.962
373.73   2.965
373.88   2.969
374.03   2.972
374.18   2.975
374.33   2.978
374.49   2.981
374.64   2.984
374.78   2.987
374.93   2.990
375.09   2.993
375.24   2.997
375.39   3.000
375.54   3.003
375.70   3.006
375.84   3.010
375.99   3.013
376.14   3.016
376.30   3.019
376.45   3.023
376.60   3.026
376.75   3.029
376.91   3.032
377.05   3.036
377.20   3.039
377.35   3.042
377.51   3.045
377.66   3.049
377.81   3.052
377.96   3.055
378.11   3.058
378.26   3.061
378.41   3.065
378.56   3.068
378.72   3.071
378.87   3.074
379.02   3.078
379.17   3.081
379.32   3.084
379.47   3.087
379.62   3.090
379.77   3.093
379.92   3.096
380.08   3.099
380.23   3.102
380.37   3.105
380.53   3.108
380.68   3.111
380.83   3.114
380.98   3.117
381.13   3.120
381.28   3.123
381.43   3.126
381.58   3.129
381.73   3.132
381.88   3.135
382.04   3.138
382.19   3.141
382.34   3.144
382.49   3.147
382.64   3.150
382.79   3.153
382.94   3.156
383.09   3.159
383.25   3.162
383.40   3.165
383.55   3.168
383.69   3.171
383.84   3.174
384.00   3.177
384.15   3.180
384.30   3.183
384.45   3.186
384.60   3.189
384.75   3.192
384.90   3.195
385.05   3.198
385.21   3.201
385.36   3.204
385.51   3.207
385.66   3.210
385.81   3.213
385.96   3.216
386.11   3.219
386.26   3.222
386.42   3.225
386.57   3.228
386.72   3.231
386.86   3.234
387.02   3.237
387.17   3.240
387.32   3.243
387.47   3.246
387.62   3.250
387.78   3.253
387.92   3.256
388.07   3.259
388.22   3.262
388.38   3.265
388.53   3.268
388.68   3.271
388.83   3.275
388.99   3.278
389.13   3.281
389.28   3.284
389.43   3.288
389.59   3.291
389.74   3.294
389.89   3.298
390.04   3.301
390.19   3.305
390.33   3.308
390.49   3.311
390.63   3.315
390.78   3.318
390.93   3.322
391.07   3.325
391.21   3.328
391.36   3.332
391.51   3.335
391.66   3.339
391.81   3.342
391.96   3.346
392.10   3.350
392.25   3.353
392.39   3.357
392.54   3.360
392.68   3.363
392.83   3.367
392.98   3.370
393.13   3.374
393.27   3.377
393.42   3.381
393.56   3.384
393.71   3.387
393.86   3.391
394.01   3.394
394.15   3.397
394.30   3.400
394.44   3.403
394.59   3.407
394.73   3.410
394.88   3.413
395.03   3.416
395.18   3.419
395.32   3.422
395.46   3.425
395.61   3.429
395.76   3.432
395.91   3.435
396.05   3.438
396.20   3.441
396.35   3.444
396.49   3.447
396.63   3.450
396.78   3.453
396.93   3.456
397.08   3.460
397.23   3.463
397.37   3.466
397.51   3.469
397.66   3.472
397.81   3.475
397.96   3.479
398.11   3.482
398.25   3.486
398.40   3.490
398.55   3.494
398.69   3.499
398.83   3.503
398.98   3.508
399.13   3.513
399.28   3.518
399.42   3.523
399.56   3.528
399.71   3.533
399.86   3.538
400.01   3.542
400.16   3.547
400.30   3.552
400.45   3.556
400.59   3.560
400.73   3.564
400.88   3.568
401.03   3.571
401.18   3.574
401.33   3.577
401.48   3.580
401.62   3.583
401.76   3.585
401.91   3.588
402.06   3.590
402.21   3.593
402.36   3.595
402.50   3.598
402.65   3.600
402.79   3.603
402.94   3.605
403.09   3.607
403.24   3.610
403.38   3.612
403.53   3.615
403.68   3.617
403.82   3.620
403.96   3.622
404.11   3.625
404.26   3.628
404.41   3.630
404.55   3.632
404.70   3.635
404.85   3.637
404.99   3.640
405.14   3.643
405.29   3.646
405.44   3.649
405.58   3.654
405.73   3.659
405.87   3.664
406.02   3.669
406.17   3.675
406.31   3.680
406.46   3.686
406.61   3.691
406.75   3.696
406.90   3.701
407.04   3.706
407.19   3.710
407.34   3.714
407.49   3.718
407.63   3.722
407.78   3.724
407.92   3.726
408.07   3.728
408.22   3.729
408.37   3.729
408.51   3.730
408.66   3.730
408.81   3.730
408.95   3.731
409.09   3.731
409.24   3.732
409.39   3.733
409.54   3.734
409.68   3.735
409.83   3.736
409.98   3.737
410.12   3.738
410.27   3.740
410.41   3.741
410.56   3.743
410.71   3.745
410.86   3.747
411.01   3.749
411.15   3.751
411.29   3.753
411.44   3.756
411.59   3.758
411.74   3.760
411.89   3.762
412.03   3.765
412.17   3.767
412.32   3.769
412.47   3.771
412.62   3.773
412.76   3.774
412.92   3.775
413.05   3.776
413.20   3.778
413.35   3.779
413.50   3.780
413.65   3.782
413.79   3.784
413.94   3.787
414.09   3.790
414.23   3.793
414.38   3.796
414.53   3.799
414.67   3.803
414.82   3.806
414.97   3.808
415.12   3.811
415.26   3.813
415.41   3.816
415.55   3.819
415.70   3.822
415.85   3.826
416.00   3.831
416.15   3.837
416.29   3.844
416.44   3.852
416.88   3.876
417.03   3.884
417.18   3.892
417.32   3.900
417.47   3.907
417.61   3.914
417.76   3.921
417.91   3.928
418.06   3.935
418.50   3.948
418.65   3.950
418.80   3.952
418.94   3.953
419.09   3.953
419.23   3.954
419.38   3.954
419.53   3.955
419.68   3.957
419.83   3.959
419.98   3.961
420.13   3.964
420.27   3.966
420.42   3.969
420.57   3.971
420.72   3.973
420.87   3.974
421.01   3.975
421.16   3.976
421.30   3.977
421.45   3.978
421.60   3.979
421.75   3.980
421.90   3.981
422.05   3.983
422.19   3.985
422.34   3.987
422.48   3.989
422.63   3.991
422.78   3.994
422.93   3.996
423.08   3.999
423.23   4.001
423.37   4.004
423.52   4.006
423.66   4.009
423.81   4.011
423.96   4.014
424.11   4.016
424.25   4.019
424.39   4.021
424.54   4.023
424.68   4.025
424.83   4.027
424.97   4.029
425.12   4.031
425.25   4.034
425.39   4.036
425.54   4.038
425.68   4.040
425.83   4.043
425.97   4.045
426.12   4.047
426.25   4.050
426.39   4.052
426.54   4.054
426.68   4.056
426.83   4.058
426.97   4.060
427.12   4.062
427.25   4.064
427.39   4.067
427.54   4.069
427.69   4.071
427.83   4.073
427.97   4.075
428.11   4.077
428.25   4.080
428.40   4.082
428.54   4.085
428.69   4.089
428.83   4.093
428.97   4.098
429.11   4.103
429.25   4.109
429.40   4.115
429.54   4.122
429.69   4.128
429.83   4.134
429.98   4.141
430.11   4.147
430.25   4.153
430.40   4.159
430.54   4.165
430.69   4.170
430.83   4.176
430.97   4.181
431.11   4.186
431.25   4.191
431.40   4.195
431.54   4.199
431.68   4.203
431.83   4.206
431.96   4.210
432.11   4.214
432.25   4.217
432.40   4.219
432.54   4.222
432.69   4.224
432.83   4.227
432.96   4.229
433.10   4.232
433.25   4.235
433.39   4.240
433.54   4.246
433.68   4.253
433.82   4.261
433.96   4.269
434.10   4.277
434.25   4.285
434.39   4.292
434.54   4.298
434.67   4.301
434.82   4.303
434.96   4.305
435.11   4.305
435.25   4.306
435.40   4.306
435.53   4.307
435.67   4.307
435.81   4.309
435.96   4.312
436.10   4.314
436.25   4.317
436.39   4.319
436.53   4.322
436.67   4.324
436.81   4.326
436.96   4.327
437.10   4.328
437.25   4.328
437.38   4.329
437.52   4.329
437.67   4.330
437.81   4.331
437.96   4.332
438.10   4.333
438.24   4.335
438.38   4.338
438.52   4.340
438.67   4.342
438.81   4.345
438.96   4.347
439.09   4.350
439.23   4.352
439.38   4.355
439.52   4.357
439.67   4.360
439.81   4.363
439.95   4.365
440.09   4.368
440.24   4.370
440.38   4.373
440.52   4.375
440.67   4.377
440.80   4.379
440.95   4.382
441.09   4.384
441.23   4.386
441.38   4.388
441.52   4.390
441.66   4.393
441.80   4.395
441.94   4.397
442.09   4.400
442.23   4.402
442.38   4.405
442.52   4.407
442.66   4.410
442.80   4.412
442.94   4.415
443.08   4.417
443.23   4.420
443.37   4.423
443.51   4.425
443.66   4.428
443.80   4.431
443.94   4.433
444.09   4.436
444.23   4.439
444.36   4.442
444.51   4.444
444.65   4.447
444.80   4.450
444.94   4.453
445.08   4.456
445.22   4.459
445.37   4.461
445.51   4.464
445.65   4.467
445.79   4.470
445.93   4.473
446.07   4.476
446.22   4.479
446.36   4.482
446.50   4.485
446.65   4.488
446.79   4.491
446.93   4.494
447.07   4.498
447.22   4.501
447.36   4.504
447.50   4.507
447.64   4.510
447.78   4.514
447.92   4.517
448.07   4.520
448.21   4.523
448.35   4.527
448.49   4.530
448.63   4.533
448.78   4.536
448.92   4.539
449.06   4.543
449.21   4.546
449.34   4.549
449.48   4.552
449.63   4.555
449.77   4.558
449.92   4.561
450.06   4.564
450.19   4.567
450.34   4.570
450.48   4.573
450.62   4.576
450.77   4.579
450.91   4.582
451.05   4.585
451.19   4.588
451.34   4.591
451.48   4.593
451.62   4.596
451.76   4.599
451.90   4.601
452.05   4.604
452.19   4.607
452.34   4.609
452.48   4.612
452.61   4.614
452.76   4.617
452.90   4.619
453.04   4.622
453.19   4.624
453.33   4.627
453.47   4.630
453.61   4.632
453.76   4.635
453.90   4.637
454.04   4.640
454.18   4.643
454.32   4.646
454.46   4.649
454.60   4.652
454.75   4.655
454.89   4.658
455.03   4.661
455.17   4.664
455.32   4.667
455.46   4.670
455.61   4.673
455.75   4.677
455.88   4.680
456.03   4.683
456.17   4.686
456.32   4.689
456.46   4.691
456.60   4.694
456.74   4.697
456.88   4.700
457.02   4.703
457.16   4.706
457.30   4.708
457.44   4.711
457.57   4.714
457.71   4.717
457.85   4.720
457.99   4.722
458.13   4.725
458.26   4.728
458.40   4.731
458.53   4.733
458.68   4.736
458.81   4.739
458.95   4.742
459.09   4.744
459.22   4.747
459.36   4.750
459.50   4.752
459.64   4.755
459.78   4.758
459.91   4.760
