  
  DOI/GTN-P Deep Borehole Array, Arctic Alaska 
             U.S. Geological Survey 
            Processed Temperature Log 
                    28-Aug-2013 
________________________________________________ 
  
Temperature Log Information: 
  Well name:   North Inigok Test Well #1 
  File name:   NIN_85JUN29_c_d 
  Log date:    29-JUN-1985 
  
Contact Information: 
  Gary Clow 
  U.S. Geological Survey 
  clow@usgs.gov 
  
Definitions: 
  Depth:        Depth below local ground surface (m) 
  Temperature:  ITS-90 temperature (°C) 
________________________________________________ 
             
 Depth  Temperature 
 17.34  -8.697
 17.64  -8.684
 17.95  -8.672
 18.25  -8.660
 18.56  -8.650
 18.86  -8.641
 19.16  -8.633
 19.47  -8.625
 19.77  -8.616
 20.08  -8.608
 20.38  -8.600
 20.69  -8.592
 20.99  -8.584
 21.30  -8.576
 21.60  -8.568
 21.91  -8.559
 22.21  -8.551
 22.52  -8.542
 22.82  -8.533
 23.13  -8.524
 23.43  -8.514
 23.74  -8.504
 24.04  -8.494
 24.35  -8.485
 24.65  -8.475
 24.96  -8.466
 25.26  -8.457
 25.57  -8.448
 25.87  -8.441
 26.18  -8.433
 26.48  -8.426
 26.78  -8.420
 27.09  -8.414
 27.39  -8.408
 27.70  -8.402
 28.00  -8.397
 28.31  -8.392
 28.61  -8.386
 28.92  -8.381
 29.22  -8.376
 29.53  -8.370
 29.83  -8.365
 30.14  -8.360
 30.44  -8.354
 30.75  -8.349
 31.05  -8.344
 31.36  -8.338
 31.66  -8.333
 31.97  -8.327
 32.27  -8.321
 32.58  -8.315
 32.88  -8.309
 33.19  -8.303
 33.49  -8.297
 33.80  -8.291
 34.10  -8.285
 34.40  -8.279
 34.71  -8.273
 35.01  -8.267
 35.32  -8.261
 35.62  -8.255
 35.93  -8.249
 36.23  -8.243
 36.54  -8.237
 36.84  -8.232
 37.15  -8.226
 37.45  -8.220
 37.76  -8.214
 38.06  -8.209
 38.37  -8.203
 38.67  -8.197
 38.98  -8.191
 39.28  -8.185
 39.59  -8.180
 39.89  -8.174
 40.20  -8.168
 40.50  -8.162
 40.81  -8.156
 41.11  -8.150
 41.42  -8.145
 41.72  -8.139
 42.02  -8.133
 42.33  -8.127
 42.63  -8.121
 42.94  -8.115
 43.24  -8.109
 43.55  -8.103
 43.85  -8.097
 44.16  -8.091
 44.46  -8.085
 44.77  -8.079
 45.07  -8.073
 45.38  -8.067
 45.68  -8.061
 45.99  -8.055
 46.29  -8.049
 46.60  -8.043
 46.90  -8.037
 47.21  -8.031
 47.51  -8.024
 47.82  -8.018
 48.12  -8.012
 48.43  -8.005
 48.73  -7.999
 49.04  -7.993
 49.34  -7.986
 49.64  -7.979
 49.95  -7.973
 50.25  -7.966
 50.56  -7.959
 50.86  -7.952
 51.17  -7.945
 51.47  -7.938
 51.78  -7.931
 52.08  -7.924
 52.39  -7.916
 52.69  -7.909
 53.00  -7.902
 53.30  -7.894
 53.61  -7.887
 53.91  -7.879
 54.22  -7.872
 54.52  -7.864
 54.83  -7.857
 55.13  -7.849
 55.44  -7.842
 55.74  -7.834
 56.05  -7.826
 56.35  -7.819
 56.66  -7.811
 56.96  -7.803
 57.26  -7.795
 57.57  -7.788
 57.87  -7.780
 58.18  -7.772
 58.48  -7.764
 58.79  -7.756
 59.09  -7.748
 59.40  -7.740
 59.70  -7.732
 60.01  -7.724
 60.31  -7.716
 60.62  -7.708
 60.92  -7.700
 61.23  -7.692
 61.53  -7.684
 61.84  -7.676
 62.14  -7.668
 62.45  -7.660
 62.75  -7.652
 63.06  -7.644
 63.36  -7.636
 63.67  -7.628
 63.97  -7.620
 64.28  -7.612
 64.58  -7.605
 64.88  -7.597
 65.19  -7.589
 65.49  -7.581
 65.80  -7.573
 66.10  -7.565
 66.41  -7.557
 66.71  -7.549
 67.02  -7.541
 67.32  -7.533
 67.63  -7.524
 67.93  -7.516
 68.24  -7.508
 68.54  -7.500
 68.85  -7.492
 69.15  -7.483
 69.46  -7.475
 69.76  -7.467
 70.07  -7.459
 70.37  -7.450
 70.68  -7.442
 70.98  -7.433
 71.29  -7.425
 71.59  -7.416
 71.90  -7.408
 72.20  -7.400
 72.50  -7.391
 72.81  -7.382
 73.11  -7.374
 73.42  -7.365
 73.72  -7.357
 74.03  -7.348
 74.33  -7.339
 74.64  -7.330
 74.94  -7.321
 75.25  -7.312
 75.55  -7.303
 75.86  -7.294
 76.16  -7.285
 76.47  -7.276
 76.77  -7.267
 77.08  -7.258
 77.38  -7.249
 77.69  -7.240
 77.99  -7.231
 78.30  -7.221
 78.60  -7.212
 78.91  -7.203
 79.21  -7.194
 79.52  -7.184
 79.82  -7.175
 80.12  -7.166
 80.43  -7.156
 80.73  -7.147
 81.04  -7.138
 81.34  -7.128
 81.65  -7.119
 81.95  -7.110
 82.26  -7.100
 82.56  -7.091
 82.87  -7.082
 83.17  -7.072
 83.48  -7.063
 83.78  -7.053
 84.09  -7.044
 84.39  -7.034
 84.70  -7.025
 85.00  -7.016
 85.31  -7.006
 85.61  -6.997
 85.92  -6.987
 86.22  -6.977
 86.53  -6.968
 86.83  -6.958
 87.14  -6.949
 87.44  -6.939
 87.74  -6.930
 88.05  -6.920
 88.35  -6.911
 88.66  -6.901
 88.96  -6.891
 89.27  -6.882
 89.57  -6.872
 89.88  -6.863
 90.18  -6.853
 90.49  -6.844
 90.79  -6.834
 91.10  -6.824
 91.40  -6.815
 91.71  -6.805
 92.01  -6.795
 92.32  -6.786
 92.62  -6.776
 92.93  -6.766
 93.23  -6.757
 93.54  -6.747
 93.84  -6.737
 94.15  -6.727
 94.45  -6.717
 94.76  -6.708
 95.06  -6.698
 95.36  -6.688
 95.67  -6.678
 95.97  -6.668
 96.28  -6.659
 96.58  -6.649
 96.89  -6.639
 97.19  -6.629
 97.50  -6.619
 97.80  -6.610
 98.11  -6.600
 98.41  -6.590
 98.72  -6.580
 99.02  -6.571
 99.33  -6.561
 99.63  -6.552
 99.94  -6.542
100.24  -6.533
100.55  -6.523
100.85  -6.513
101.16  -6.504
101.46  -6.494
101.77  -6.485
102.07  -6.475
102.38  -6.466
102.68  -6.456
102.98  -6.446
103.29  -6.437
103.59  -6.427
103.90  -6.417
104.20  -6.408
104.51  -6.398
104.81  -6.388
105.12  -6.378
105.42  -6.368
105.73  -6.359
106.03  -6.349
106.34  -6.339
106.64  -6.329
106.95  -6.319
107.25  -6.309
107.56  -6.299
107.86  -6.289
108.17  -6.279
108.47  -6.269
108.78  -6.258
109.08  -6.248
109.39  -6.238
109.69  -6.227
110.00  -6.217
110.30  -6.206
110.60  -6.195
110.91  -6.184
111.21  -6.173
111.52  -6.162
111.82  -6.151
112.13  -6.140
112.43  -6.128
112.74  -6.117
113.04  -6.105
113.35  -6.093
113.65  -6.081
113.96  -6.070
114.26  -6.058
114.57  -6.046
114.87  -6.034
115.18  -6.022
115.48  -6.010
115.79  -5.998
116.09  -5.986
116.40  -5.973
116.70  -5.961
117.01  -5.949
117.31  -5.937
117.62  -5.925
117.92  -5.912
118.22  -5.900
118.53  -5.888
118.83  -5.876
119.14  -5.863
119.44  -5.851
119.75  -5.838
120.05  -5.826
120.36  -5.814
120.66  -5.801
120.97  -5.788
121.27  -5.776
121.58  -5.763
121.88  -5.750
122.19  -5.738
122.49  -5.725
122.80  -5.712
123.10  -5.700
123.41  -5.687
123.71  -5.674
124.02  -5.662
124.32  -5.649
124.63  -5.637
124.93  -5.624
125.24  -5.611
125.54  -5.598
125.84  -5.586
126.15  -5.573
126.45  -5.560
126.76  -5.547
127.06  -5.535
127.37  -5.522
127.67  -5.509
127.98  -5.496
128.28  -5.483
128.59  -5.469
128.89  -5.456
129.20  -5.443
129.50  -5.429
129.81  -5.415
130.11  -5.401
130.42  -5.387
130.72  -5.373
131.03  -5.359
131.33  -5.345
131.64  -5.331
131.94  -5.316
132.25  -5.302
132.55  -5.288
132.86  -5.273
133.16  -5.259
133.46  -5.244
133.77  -5.230
134.07  -5.216
134.38  -5.202
134.68  -5.187
134.99  -5.173
135.29  -5.159
135.60  -5.145
135.90  -5.131
136.21  -5.117
136.51  -5.103
136.82  -5.089
137.12  -5.075
137.43  -5.061
137.73  -5.046
138.04  -5.032
138.34  -5.017
138.65  -5.002
138.95  -4.987
139.26  -4.972
139.56  -4.956
139.87  -4.941
140.17  -4.925
140.48  -4.910
140.78  -4.894
141.08  -4.879
141.39  -4.864
141.69  -4.849
142.00  -4.835
142.30  -4.821
142.61  -4.807
142.91  -4.793
143.22  -4.778
143.52  -4.764
143.83  -4.749
144.13  -4.733
144.44  -4.716
144.74  -4.699
145.05  -4.681
145.35  -4.663
145.66  -4.643
145.96  -4.624
146.27  -4.604
146.57  -4.585
146.88  -4.566
147.18  -4.547
147.49  -4.529
147.79  -4.512
148.10  -4.496
148.40  -4.481
148.70  -4.466
149.01  -4.452
149.31  -4.438
149.62  -4.426
149.92  -4.413
150.23  -4.401
150.53  -4.389
150.84  -4.377
151.14  -4.365
151.45  -4.354
151.75  -4.344
152.06  -4.333
152.36  -4.322
152.67  -4.312
152.97  -4.302
153.28  -4.292
153.58  -4.282
153.89  -4.273
154.19  -4.263
154.50  -4.253
154.80  -4.244
155.11  -4.234
155.41  -4.224
155.72  -4.215
156.02  -4.205
156.32  -4.195
156.63  -4.185
156.93  -4.175
157.24  -4.166
157.54  -4.156
157.85  -4.146
158.15  -4.136
158.46  -4.126
158.76  -4.116
159.07  -4.106
159.37  -4.096
159.68  -4.086
159.98  -4.075
160.29  -4.065
160.59  -4.055
160.90  -4.044
161.20  -4.034
161.51  -4.023
161.81  -4.013
162.12  -4.002
162.42  -3.991
162.73  -3.980
163.03  -3.970
163.34  -3.958
163.64  -3.947
163.94  -3.936
164.25  -3.925
164.55  -3.913
164.86  -3.902
165.16  -3.891
165.47  -3.879
165.77  -3.868
166.08  -3.856
166.38  -3.844
166.69  -3.833
166.99  -3.821
167.30  -3.810
167.60  -3.798
167.91  -3.786
168.21  -3.775
168.52  -3.763
168.82  -3.751
169.13  -3.740
169.43  -3.728
169.74  -3.716
170.04  -3.705
170.35  -3.693
170.65  -3.682
170.96  -3.670
171.26  -3.659
171.56  -3.647
171.87  -3.636
172.17  -3.625
172.48  -3.613
172.78  -3.602
173.09  -3.591
173.39  -3.580
173.70  -3.568
174.00  -3.557
174.31  -3.546
174.61  -3.535
174.92  -3.524
175.22  -3.513
175.53  -3.502
175.83  -3.491
176.14  -3.480
176.44  -3.469
176.75  -3.458
177.05  -3.448
177.36  -3.437
177.66  -3.426
177.97  -3.415
178.27  -3.404
178.58  -3.394
178.88  -3.383
179.18  -3.372
179.49  -3.362
179.79  -3.351
180.10  -3.341
180.40  -3.330
180.71  -3.320
181.01  -3.309
181.32  -3.299
181.62  -3.288
181.93  -3.278
182.23  -3.267
182.54  -3.257
182.84  -3.246
183.15  -3.236
183.45  -3.226
183.76  -3.215
184.06  -3.205
184.37  -3.194
184.67  -3.184
184.98  -3.174
185.28  -3.163
185.59  -3.153
185.89  -3.142
186.20  -3.132
186.50  -3.122
186.80  -3.111
187.11  -3.101
187.41  -3.090
187.72  -3.080
188.02  -3.070
188.33  -3.059
188.63  -3.049
188.94  -3.038
189.24  -3.028
189.55  -3.017
189.85  -3.007
190.16  -2.996
190.46  -2.986
190.77  -2.975
191.07  -2.964
191.38  -2.954
191.68  -2.943
191.99  -2.933
192.29  -2.922
192.60  -2.911
192.90  -2.901
193.21  -2.890
193.51  -2.879
193.82  -2.868
194.12  -2.858
194.42  -2.847
194.73  -2.836
195.03  -2.825
195.34  -2.814
195.64  -2.803
195.95  -2.792
196.25  -2.781
196.56  -2.770
196.86  -2.759
197.17  -2.748
197.47  -2.737
197.78  -2.726
198.08  -2.715
198.39  -2.704
198.69  -2.693
199.00  -2.682
199.30  -2.671
199.61  -2.660
199.91  -2.649
200.22  -2.638
200.52  -2.626
200.83  -2.615
201.13  -2.604
201.44  -2.593
201.74  -2.582
202.04  -2.570
202.35  -2.559
202.65  -2.548
202.96  -2.537
203.26  -2.526
203.57  -2.514
203.87  -2.503
204.18  -2.492
204.48  -2.480
204.79  -2.469
205.09  -2.458
205.40  -2.446
205.70  -2.435
206.01  -2.424
206.31  -2.412
206.62  -2.401
206.92  -2.389
207.23  -2.378
207.53  -2.367
207.84  -2.355
208.14  -2.344
208.45  -2.332
208.75  -2.321
209.06  -2.309
209.36  -2.298
209.66  -2.286
209.97  -2.274
210.27  -2.263
210.58  -2.251
210.88  -2.240
211.19  -2.228
211.49  -2.216
211.80  -2.205
212.10  -2.193
212.41  -2.182
212.71  -2.170
213.02  -2.158
213.32  -2.147
213.63  -2.135
213.93  -2.123
214.24  -2.112
214.54  -2.100
214.85  -2.088
215.15  -2.077
215.46  -2.065
215.76  -2.053
216.07  -2.042
216.37  -2.030
216.68  -2.018
216.98  -2.006
217.28  -1.995
217.59  -1.983
217.89  -1.971
218.20  -1.960
218.50  -1.948
218.81  -1.936
219.11  -1.925
219.42  -1.913
219.72  -1.901
220.03  -1.889
220.33  -1.878
220.64  -1.866
220.94  -1.854
221.25  -1.842
221.55  -1.830
221.86  -1.819
222.16  -1.807
222.47  -1.795
222.77  -1.783
223.08  -1.771
223.38  -1.759
223.69  -1.747
223.99  -1.735
224.30  -1.724
224.60  -1.712
224.90  -1.700
225.21  -1.688
225.51  -1.676
225.82  -1.664
226.12  -1.652
226.43  -1.639
226.73  -1.627
227.04  -1.615
227.34  -1.603
227.65  -1.591
227.95  -1.579
228.26  -1.567
228.56  -1.555
228.87  -1.543
229.17  -1.531
229.48  -1.519
229.78  -1.507
230.09  -1.495
230.39  -1.483
230.70  -1.471
231.00  -1.460
231.31  -1.448
231.61  -1.436
231.92  -1.424
232.22  -1.412
232.52  -1.400
232.83  -1.388
233.13  -1.377
233.44  -1.365
233.74  -1.353
234.05  -1.342
234.35  -1.330
234.66  -1.319
234.96  -1.307
235.27  -1.296
235.57  -1.285
235.88  -1.273
236.18  -1.262
236.49  -1.251
236.79  -1.240
237.10  -1.229
237.40  -1.218
237.71  -1.207
238.01  -1.196
238.32  -1.186
238.62  -1.175
238.93  -1.165
239.23  -1.154
239.54  -1.144
239.84  -1.134
240.14  -1.124
240.45  -1.114
240.75  -1.104
241.06  -1.094
241.36  -1.084
241.67  -1.075
241.97  -1.065
242.28  -1.055
242.58  -1.046
242.89  -1.036
243.19  -1.027
243.50  -1.017
243.80  -1.008
244.11  -0.999
244.41  -0.989
244.72  -0.980
245.02  -0.971
245.33  -0.962
245.63  -0.952
245.94  -0.943
246.24  -0.934
246.55  -0.925
246.85  -0.916
247.16  -0.907
247.46  -0.898
247.76  -0.888
248.07  -0.879
248.37  -0.870
248.68  -0.861
248.98  -0.852
249.29  -0.843
249.59  -0.834
249.90  -0.825
250.20  -0.816
250.51  -0.806
250.81  -0.797
251.12  -0.788
251.42  -0.779
251.73  -0.770
252.03  -0.761
252.34  -0.752
252.64  -0.742
252.95  -0.733
253.25  -0.724
253.56  -0.715
253.86  -0.705
254.17  -0.696
254.47  -0.687
254.78  -0.677
255.08  -0.668
255.38  -0.658
255.69  -0.649
255.99  -0.640
256.30  -0.630
256.60  -0.621
256.91  -0.611
257.21  -0.601
257.52  -0.592
257.82  -0.582
258.13  -0.573
258.43  -0.563
258.74  -0.553
259.04  -0.543
259.35  -0.534
259.65  -0.524
259.96  -0.514
260.26  -0.504
260.57  -0.494
260.87  -0.485
261.18  -0.475
261.48  -0.465
261.79  -0.455
262.09  -0.445
262.40  -0.435
262.70  -0.425
263.00  -0.415
263.31  -0.405
263.61  -0.395
263.92  -0.384
264.22  -0.374
264.53  -0.364
264.83  -0.354
265.14  -0.343
265.44  -0.333
265.75  -0.323
266.05  -0.312
266.36  -0.301
266.66  -0.291
266.97  -0.280
267.27  -0.269
267.58  -0.259
267.88  -0.248
268.19  -0.237
268.49  -0.226
268.80  -0.215
269.10  -0.203
269.41  -0.192
269.71  -0.181
270.02  -0.169
270.32  -0.158
270.62  -0.146
270.93  -0.135
271.23  -0.123
271.54  -0.111
271.84  -0.099
272.15  -0.087
272.45  -0.075
272.76  -0.063
273.06  -0.051
273.37  -0.039
273.67  -0.027
273.98  -0.015
274.28  -0.002
274.59   0.010
274.89   0.022
275.20   0.035
275.50   0.047
275.81   0.060
276.11   0.072
276.42   0.085
276.72   0.097
277.03   0.110
277.33   0.123
277.64   0.135
277.94   0.148
278.24   0.161
278.55   0.173
278.85   0.186
279.16   0.199
279.46   0.212
279.77   0.224
280.07   0.237
280.38   0.250
280.68   0.263
280.99   0.276
281.29   0.289
281.60   0.301
281.90   0.314
282.21   0.327
282.51   0.340
282.82   0.353
283.12   0.366
283.43   0.379
283.73   0.392
284.04   0.405
284.34   0.418
284.65   0.431
284.95   0.444
285.26   0.457
285.56   0.470
285.86   0.483
286.17   0.496
286.47   0.509
286.78   0.522
287.08   0.535
287.39   0.548
287.69   0.561
288.00   0.574
288.30   0.588
288.61   0.601
288.91   0.614
289.22   0.627
289.52   0.640
289.83   0.653
290.13   0.666
290.44   0.679
290.74   0.692
291.05   0.705
291.35   0.718
291.66   0.731
291.96   0.744
292.27   0.757
292.57   0.769
292.88   0.782
293.18   0.795
293.48   0.808
293.79   0.821
294.09   0.834
294.40   0.847
294.70   0.859
295.01   0.872
295.31   0.885
295.62   0.897
295.92   0.910
296.23   0.922
296.53   0.935
296.84   0.947
297.14   0.960
297.45   0.972
297.75   0.984
298.06   0.996
298.36   1.009
298.67   1.021
298.97   1.032
299.28   1.044
299.58   1.056
299.89   1.068
300.19   1.079
300.50   1.091
300.80   1.102
301.10   1.114
301.41   1.125
301.71   1.136
302.02   1.147
302.32   1.158
302.63   1.169
302.93   1.180
303.24   1.191
303.54   1.202
303.85   1.213
304.15   1.223
304.46   1.234
304.76   1.245
305.07   1.255
305.37   1.266
305.68   1.276
305.98   1.287
306.29   1.297
306.59   1.308
306.90   1.318
307.20   1.328
307.51   1.339
307.81   1.349
308.12   1.359
308.42   1.369
308.72   1.380
309.03   1.390
309.33   1.400
309.64   1.410
309.94   1.420
310.25   1.430
310.55   1.441
310.86   1.451
311.16   1.461
311.47   1.471
311.77   1.481
312.08   1.491
312.38   1.501
312.69   1.511
312.99   1.521
313.30   1.531
313.60   1.541
313.91   1.551
314.21   1.561
314.52   1.571
314.82   1.581
315.13   1.591
315.43   1.602
315.74   1.612
316.04   1.622
316.34   1.632
316.65   1.642
316.95   1.652
317.26   1.662
317.56   1.672
317.87   1.682
318.17   1.692
318.48   1.703
318.78   1.713
319.09   1.723
319.39   1.733
319.70   1.743
320.00   1.753
320.31   1.763
320.61   1.773
320.92   1.784
321.22   1.794
321.53   1.804
321.83   1.814
322.14   1.824
322.44   1.834
322.75   1.844
323.05   1.855
323.36   1.865
323.66   1.875
323.96   1.885
324.27   1.895
324.57   1.905
324.88   1.916
325.18   1.926
325.49   1.936
325.79   1.946
326.10   1.957
326.40   1.967
326.71   1.977
327.01   1.987
327.32   1.998
327.62   2.008
327.93   2.019
328.23   2.029
328.54   2.040
328.84   2.050
329.15   2.061
329.45   2.071
329.76   2.082
330.06   2.092
330.37   2.103
330.67   2.114
330.98   2.125
331.28   2.136
331.58   2.146
331.89   2.157
332.19   2.168
332.50   2.179
332.80   2.190
333.11   2.201
333.41   2.212
333.72   2.224
334.02   2.235
334.33   2.246
334.63   2.257
334.94   2.268
335.24   2.280
335.55   2.291
335.85   2.302
336.16   2.314
336.46   2.325
336.77   2.336
337.07   2.348
337.38   2.359
337.68   2.371
337.99   2.382
338.29   2.393
338.60   2.405
338.90   2.416
339.20   2.428
339.51   2.439
339.81   2.451
340.12   2.463
340.42   2.474
340.73   2.486
341.03   2.497
341.34   2.509
341.64   2.520
341.95   2.532
342.25   2.544
342.56   2.555
342.86   2.567
343.17   2.578
343.47   2.590
343.78   2.601
344.08   2.613
344.39   2.625
344.69   2.636
345.00   2.648
345.30   2.659
345.61   2.671
345.91   2.683
346.22   2.694
346.52   2.706
346.82   2.717
347.13   2.729
347.43   2.740
347.74   2.752
348.04   2.763
348.35   2.775
348.65   2.786
348.96   2.798
349.26   2.809
349.57   2.821
349.87   2.832
350.18   2.844
350.48   2.855
350.79   2.867
351.09   2.878
351.40   2.890
351.70   2.901
352.01   2.913
352.31   2.925
352.62   2.936
352.92   2.948
353.23   2.959
353.53   2.971
353.84   2.982
354.14   2.994
354.44   3.006
354.75   3.017
355.05   3.029
355.36   3.040
355.66   3.052
355.97   3.064
356.27   3.075
356.58   3.087
356.88   3.099
357.19   3.110
357.49   3.122
357.80   3.133
358.10   3.145
358.41   3.157
358.71   3.168
359.02   3.180
359.32   3.192
359.63   3.203
359.93   3.215
360.24   3.227
360.54   3.238
360.85   3.250
361.15   3.262
361.46   3.273
361.76   3.285
362.06   3.297
362.37   3.309
362.67   3.320
362.98   3.332
363.28   3.344
363.59   3.355
363.89   3.367
364.20   3.379
364.50   3.390
364.81   3.402
365.11   3.414
365.42   3.425
365.72   3.437
366.03   3.449
366.33   3.460
366.64   3.472
366.94   3.484
367.25   3.495
367.55   3.507
367.86   3.519
368.16   3.530
368.47   3.542
368.77   3.554
369.08   3.565
369.38   3.577
369.68   3.589
369.99   3.600
370.29   3.612
370.60   3.624
370.90   3.635
371.21   3.647
371.51   3.659
371.82   3.670
372.12   3.682
372.43   3.694
372.73   3.705
373.04   3.717
373.34   3.729
373.65   3.741
373.95   3.752
374.26   3.764
374.56   3.776
374.87   3.787
375.17   3.799
375.48   3.811
375.78   3.823
376.09   3.834
376.39   3.846
376.70   3.858
377.00   3.869
377.30   3.881
377.61   3.893
377.91   3.905
378.22   3.917
378.52   3.928
378.83   3.940
379.13   3.952
379.44   3.964
379.74   3.976
380.05   3.987
380.35   3.999
380.66   4.011
380.96   4.023
381.27   4.035
381.57   4.046
381.88   4.058
382.18   4.070
382.49   4.082
382.79   4.093
383.10   4.105
383.40   4.117
383.71   4.129
384.01   4.140
384.32   4.152
384.62   4.164
384.92   4.176
385.23   4.187
385.53   4.199
385.84   4.211
386.14   4.223
386.45   4.234
386.75   4.246
387.06   4.258
387.36   4.269
387.67   4.281
387.97   4.292
388.28   4.304
388.58   4.316
388.89   4.327
389.19   4.339
389.50   4.350
389.80   4.362
390.11   4.373
390.41   4.385
390.72   4.396
391.02   4.407
391.33   4.419
391.63   4.430
391.94   4.442
392.24   4.453
392.54   4.464
392.85   4.475
393.15   4.487
393.46   4.498
393.76   4.509
394.07   4.520
394.37   4.531
394.68   4.542
394.98   4.554
395.29   4.565
395.59   4.576
395.90   4.587
396.20   4.598
396.51   4.609
396.81   4.620
397.12   4.631
397.42   4.642
397.73   4.653
398.03   4.664
398.34   4.675
398.64   4.686
398.95   4.697
399.25   4.708
399.56   4.719
399.86   4.730
400.16   4.742
400.47   4.753
400.77   4.764
401.08   4.775
401.38   4.786
401.69   4.797
401.99   4.808
402.30   4.819
402.60   4.830
402.91   4.841
403.21   4.852
403.52   4.863
403.82   4.874
404.13   4.885
404.43   4.896
404.74   4.907
405.04   4.918
405.35   4.929
405.65   4.940
405.96   4.951
406.26   4.963
406.57   4.974
406.87   4.985
407.18   4.996
407.48   5.007
407.78   5.018
408.09   5.029
408.39   5.041
408.70   5.052
409.00   5.063
409.31   5.074
409.61   5.085
409.92   5.096
410.22   5.108
410.53   5.119
410.83   5.130
411.14   5.141
411.44   5.153
411.75   5.164
412.05   5.175
412.36   5.186
412.66   5.198
412.97   5.209
413.27   5.220
413.58   5.232
413.88   5.243
414.19   5.254
414.49   5.266
414.80   5.277
415.10   5.288
415.40   5.300
415.71   5.311
416.01   5.322
416.32   5.334
416.62   5.345
416.93   5.357
417.23   5.368
417.54   5.380
417.84   5.391
418.15   5.403
418.45   5.414
418.76   5.426
419.06   5.437
419.37   5.449
419.67   5.460
419.98   5.472
420.28   5.484
420.59   5.495
420.89   5.507
421.20   5.519
421.50   5.531
421.81   5.542
422.11   5.554
422.42   5.566
422.72   5.578
423.02   5.590
423.33   5.602
423.63   5.614
423.94   5.626
424.24   5.638
424.55   5.650
424.85   5.662
425.16   5.674
425.46   5.686
425.77   5.698
426.07   5.710
426.38   5.722
426.68   5.735
426.99   5.747
427.29   5.759
427.60   5.771
427.90   5.784
428.21   5.796
428.51   5.808
428.82   5.821
429.12   5.833
429.43   5.845
429.73   5.858
430.04   5.870
430.34   5.883
430.64   5.895
430.95   5.908
431.25   5.920
431.56   5.933
431.86   5.945
432.17   5.958
432.47   5.970
432.78   5.983
433.08   5.995
433.39   6.008
433.69   6.020
434.00   6.033
441.92   6.356
442.23   6.369
442.53   6.381
442.84   6.393
443.14   6.406
443.45   6.418
443.75   6.431
444.06   6.443
444.36   6.456
444.67   6.468
444.97   6.481
445.28   6.493
445.58   6.506
445.88   6.518
446.19   6.531
446.49   6.544
446.80   6.556
447.10   6.569
447.41   6.582
447.71   6.595
448.02   6.607
448.32   6.620
448.63   6.633
448.93   6.646
449.24   6.659
449.54   6.672
449.85   6.685
450.15   6.699
450.46   6.712
450.76   6.725
451.07   6.739
451.37   6.752
451.68   6.765
451.98   6.779
452.29   6.793
452.59   6.806
452.90   6.820
453.20   6.834
453.50   6.848
453.81   6.862
454.11   6.876
454.42   6.890
454.72   6.904
455.03   6.918
455.33   6.932
455.64   6.947
455.94   6.961
456.25   6.975
456.55   6.990
456.86   7.004
464.78   7.379
465.09   7.393
465.39   7.407
465.70   7.421
466.00   7.436
466.31   7.450
466.61   7.464
466.92   7.478
467.22   7.492
467.53   7.506
467.83   7.519
468.14   7.533
468.44   7.547
468.74   7.561
469.05   7.575
469.35   7.588
469.66   7.602
469.96   7.615
470.27   7.629
470.57   7.642
470.88   7.656
471.18   7.669
471.49   7.683
471.79   7.696
472.10   7.709
480.02   8.042
480.33   8.054
480.63   8.066
480.94   8.078
481.24   8.090
481.55   8.101
481.85   8.113
482.16   8.125
482.46   8.137
482.77   8.148
483.07   8.160
483.38   8.171
483.68   8.182
483.98   8.194
484.29   8.205
484.59   8.216
484.90   8.227
485.20   8.238
485.51   8.249
485.81   8.260
486.12   8.271
486.42   8.282
486.73   8.292
487.03   8.303
487.34   8.314
495.26   8.579
495.57   8.589
495.87   8.599
496.18   8.608
496.48   8.618
496.79   8.628
497.09   8.638
497.40   8.647
497.70   8.657
498.01   8.667
498.31   8.676
498.62   8.686
498.92   8.696
499.22   8.705
499.53   8.715
499.83   8.724
500.14   8.734
500.44   8.743
500.75   8.753
501.05   8.762
501.36   8.772
501.66   8.781
501.97   8.791
502.27   8.800
502.58   8.810
502.88   8.819
503.19   8.829
503.49   8.838
503.80   8.848
504.10   8.857
504.41   8.867
504.71   8.876
505.02   8.886
505.32   8.895
505.63   8.905
505.93   8.915
506.24   8.924
506.54   8.934
506.84   8.943
507.15   8.953
507.45   8.963
507.76   8.972
508.06   8.982
508.37   8.992
508.67   9.002
508.98   9.012
509.28   9.021
509.59   9.031
509.89   9.041
510.20   9.052
510.50   9.062
510.81   9.072
511.11   9.082
511.42   9.093
511.72   9.103
512.03   9.114
512.33   9.124
512.64   9.135
512.94   9.146
513.25   9.156
513.55   9.167
513.86   9.179
514.16   9.190
514.46   9.201
514.77   9.212
515.07   9.224
515.38   9.235
515.68   9.247
515.99   9.258
516.29   9.270
516.60   9.282
516.90   9.294
517.21   9.306
517.51   9.318
517.82   9.330
518.12   9.342
518.43   9.354
518.73   9.366
519.04   9.378
519.34   9.390
519.65   9.402
519.95   9.415
520.26   9.427
520.56   9.439
520.87   9.452
521.17   9.464
521.48   9.477
521.78   9.489
522.08   9.501
522.39   9.514
522.69   9.526
523.00   9.539
523.30   9.551
523.61   9.564
523.91   9.576
524.22   9.589
524.52   9.601
524.83   9.614
525.13   9.626
525.44   9.639
525.74   9.651
526.05   9.664
526.35   9.677
526.66   9.689
526.96   9.702
527.27   9.714
527.57   9.727
527.88   9.739
528.18   9.752
528.49   9.764
528.79   9.777
529.10   9.789
529.40   9.801
529.70   9.814
530.01   9.826
530.31   9.839
530.62   9.851
530.92   9.863
531.23   9.876
531.53   9.888
531.84   9.901
532.14   9.913
532.45   9.925
532.75   9.938
533.06   9.950
533.36   9.962
533.67   9.974
533.97   9.987
534.28   9.999
534.58  10.011
534.89  10.023
535.19  10.036
535.50  10.048
535.80  10.060
536.11  10.072
536.41  10.085
536.72  10.097
537.02  10.109
537.32  10.121
537.63  10.133
537.93  10.146
538.24  10.158
538.54  10.170
538.85  10.182
539.15  10.194
539.46  10.206
539.76  10.218
540.07  10.230
540.37  10.242
540.68  10.254
540.98  10.266
541.29  10.278
541.59  10.290
541.90  10.302
542.20  10.313
542.51  10.325
542.81  10.337
543.12  10.348
543.42  10.360
543.73  10.371
544.03  10.383
544.34  10.394
544.64  10.406
544.94  10.417
545.25  10.428
545.55  10.440
545.86  10.451
546.16  10.462
546.47  10.473
546.77  10.484
547.08  10.495
547.38  10.506
547.69  10.517
547.99  10.528
548.30  10.539
548.60  10.550
548.91  10.561
549.21  10.571
549.52  10.582
549.82  10.593
550.13  10.604
550.43  10.614
550.74  10.625
551.04  10.635
551.35  10.646
551.65  10.657
551.96  10.667
552.26  10.678
552.56  10.688
552.87  10.699
553.17  10.709
553.48  10.719
553.78  10.730
554.09  10.740
554.39  10.751
554.70  10.761
555.00  10.771
555.31  10.782
555.61  10.792
555.92  10.802
556.22  10.812
556.53  10.823
556.83  10.833
557.14  10.843
557.44  10.853
557.75  10.863
558.05  10.874
558.36  10.884
558.66  10.894
558.97  10.904
559.27  10.914
559.58  10.924
559.88  10.934
560.18  10.944
560.49  10.955
560.79  10.965
561.10  10.975
561.40  10.985
561.71  10.995
562.01  11.005
562.32  11.015
562.62  11.025
562.93  11.035
563.23  11.045
563.54  11.055
563.84  11.065
564.15  11.075
564.45  11.085
564.76  11.095
565.06  11.105
565.37  11.115
565.67  11.125
565.98  11.135
566.28  11.146
566.59  11.156
566.89  11.166
567.20  11.175
567.50  11.183
