  
  DOI/GTN-P Deep Borehole Array, Arctic Alaska 
             U.S. Geological Survey 
            Processed Temperature Log 
                    28-Aug-2013 
________________________________________________ 
  
Temperature Log Information: 
  Well name:   North Inigok Test Well #1 
  File name:   NIN_07AUG08_c_d 
  Log date:    08-AUG-2007 
  
Contact Information: 
  Gary Clow 
  U.S. Geological Survey 
  clow@usgs.gov 
  
Definitions: 
  Depth:        Depth below local ground surface (m) 
  Temperature:  ITS-90 temperature (°C) 
________________________________________________ 
             
 Depth  Temperature 
  5.75  -5.355
  5.77  -5.357
  5.81  -5.360
  5.86  -5.363
  5.92  -5.368
  5.97  -5.374
  6.04  -5.381
  6.10  -5.389
  6.15  -5.397
  6.21  -5.405
  6.26  -5.414
  6.32  -5.423
  6.38  -5.432
  6.43  -5.441
  6.49  -5.451
  6.54  -5.461
  6.60  -5.471
  6.66  -5.481
  6.72  -5.491
  6.77  -5.501
  6.83  -5.511
  6.88  -5.521
  6.94  -5.531
  6.99  -5.541
  7.05  -5.551
  7.10  -5.561
  7.16  -5.570
  7.22  -5.579
  7.27  -5.589
  7.33  -5.598
  7.39  -5.606
  7.44  -5.615
  7.50  -5.623
  7.56  -5.630
  7.62  -5.637
  7.67  -5.643
  7.73  -5.648
  7.78  -5.652
  7.84  -5.656
  7.90  -5.659
  7.96  -5.662
  8.01  -5.665
  8.07  -5.668
  8.12  -5.670
  8.17  -5.673
  8.23  -5.676
  8.29  -5.679
  8.34  -5.682
  8.40  -5.684
  8.45  -5.687
  8.51  -5.689
  8.57  -5.692
  8.63  -5.694
  8.68  -5.696
  8.74  -5.698
  8.80  -5.700
  8.86  -5.702
  8.91  -5.704
  8.96  -5.706
  9.02  -5.708
  9.08  -5.710
  9.14  -5.711
  9.20  -5.713
  9.25  -5.714
  9.30  -5.716
  9.35  -5.717
  9.41  -5.718
  9.47  -5.719
  9.53  -5.720
  9.58  -5.721
  9.64  -5.722
  9.70  -5.723
  9.75  -5.724
  9.81  -5.724
  9.87  -5.725
  9.92  -5.725
  9.98  -5.726
 10.04  -5.726
 10.10  -5.726
 10.15  -5.726
 10.21  -5.727
 10.26  -5.726
 10.32  -5.726
 10.38  -5.726
 10.44  -5.726
 10.49  -5.725
 10.54  -5.725
 10.60  -5.724
 10.66  -5.723
 10.71  -5.723
 10.77  -5.722
 10.82  -5.721
 10.88  -5.720
 10.94  -5.719
 10.99  -5.718
 11.05  -5.717
 11.10  -5.715
 11.16  -5.714
 11.22  -5.713
 11.28  -5.712
 11.33  -5.710
 11.39  -5.709
 11.45  -5.708
 11.50  -5.706
 11.55  -5.705
 11.61  -5.703
 11.67  -5.702
 11.72  -5.701
 11.78  -5.699
 11.83  -5.698
 11.89  -5.696
 11.95  -5.695
 12.01  -5.693
 12.06  -5.692
 12.12  -5.690
 12.18  -5.689
 12.23  -5.687
 12.29  -5.686
 12.34  -5.684
 12.40  -5.683
 12.46  -5.682
 12.51  -5.680
 12.57  -5.679
 12.62  -5.678
 12.67  -5.676
 12.73  -5.675
 12.79  -5.674
 12.85  -5.673
 12.90  -5.671
 12.96  -5.670
 13.01  -5.669
 13.07  -5.668
 13.13  -5.668
 13.18  -5.667
 13.24  -5.666
 13.29  -5.666
 13.35  -5.665
 13.41  -5.665
 13.47  -5.665
 13.52  -5.664
 13.58  -5.664
 13.64  -5.663
 13.69  -5.663
 13.75  -5.662
 13.81  -5.662
 13.86  -5.662
 13.92  -5.661
 13.97  -5.660
 14.03  -5.660
 14.08  -5.659
 14.13  -5.658
 14.19  -5.658
 14.25  -5.657
 14.31  -5.656
 14.36  -5.655
 14.42  -5.654
 14.48  -5.653
 14.53  -5.652
 14.59  -5.651
 14.65  -5.649
 14.70  -5.648
 14.76  -5.647
 14.81  -5.645
 14.87  -5.644
 14.93  -5.642
 14.99  -5.640
 16.37  -5.437
 16.45  -5.437
 16.53  -5.437
 16.61  -5.437
 16.69  -5.437
 16.77  -5.437
 16.85  -5.438
 16.92  -5.438
 17.01  -5.439
 17.09  -5.439
 17.17  -5.440
 17.25  -5.441
 17.33  -5.441
 17.41  -5.442
 17.49  -5.443
 17.57  -5.445
 17.65  -5.446
 17.73  -5.447
 17.81  -5.449
 17.90  -5.451
 17.97  -5.453
 18.03  -5.455
 18.09  -5.457
 18.12  -5.459
 18.16  -5.462
 18.20  -5.464
 18.25  -5.466
 18.30  -5.469
 18.36  -5.471
 18.42  -5.474
 18.48  -5.476
 18.54  -5.479
 18.59  -5.481
 18.65  -5.484
 18.70  -5.486
 18.76  -5.488
 18.82  -5.490
 18.87  -5.492
 18.92  -5.495
 18.98  -5.497
 19.03  -5.499
 19.09  -5.501
 19.15  -5.504
 19.21  -5.506
 19.26  -5.508
 19.32  -5.511
 19.37  -5.513
 19.43  -5.516
 19.49  -5.519
 19.54  -5.522
 19.60  -5.525
 19.66  -5.528
 19.72  -5.531
 19.78  -5.534
 19.84  -5.537
 19.90  -5.541
 19.96  -5.544
 20.05  -5.547
 20.12  -5.551
 20.17  -5.554
 20.23  -5.557
 20.29  -5.561
 20.34  -5.564
 20.40  -5.567
 20.46  -5.570
 20.52  -5.573
 20.58  -5.576
 20.64  -5.579
 20.70  -5.581
 20.75  -5.584
 20.81  -5.586
 20.89  -5.589
 20.96  -5.591
 21.02  -5.594
 21.08  -5.597
 21.14  -5.599
 21.20  -5.602
 21.26  -5.605
 21.32  -5.608
 21.37  -5.611
 21.43  -5.614
 21.49  -5.617
 21.55  -5.621
 21.61  -5.624
 21.67  -5.628
 21.73  -5.632
 21.78  -5.636
 21.85  -5.641
 21.90  -5.645
 21.96  -5.649
 22.02  -5.654
 22.08  -5.659
 22.14  -5.663
 22.21  -5.668
 22.29  -5.674
 22.37  -5.679
 22.46  -5.684
 22.55  -5.690
 22.64  -5.696
 22.74  -5.703
 22.84  -5.709
 22.94  -5.716
 23.04  -5.723
 23.13  -5.730
 23.23  -5.737
 23.32  -5.745
 23.42  -5.752
 23.52  -5.759
 23.61  -5.767
 23.71  -5.774
 23.81  -5.782
 23.91  -5.790
 24.01  -5.797
 24.10  -5.805
 24.19  -5.812
 24.29  -5.820
 24.39  -5.827
 24.49  -5.834
 24.59  -5.842
 24.70  -5.849
 24.80  -5.856
 24.90  -5.864
 25.00  -5.871
 25.09  -5.878
 25.19  -5.886
 25.29  -5.893
 25.39  -5.900
 25.49  -5.908
 25.59  -5.915
 25.69  -5.922
 25.79  -5.929
 25.89  -5.936
 25.99  -5.943
 26.09  -5.950
 26.19  -5.957
 26.29  -5.964
 26.39  -5.971
 26.48  -5.978
 26.58  -5.985
 26.68  -5.992
 26.78  -6.000
 26.88  -6.007
 26.98  -6.014
 27.08  -6.021
 27.18  -6.028
 27.28  -6.035
 27.38  -6.042
 27.48  -6.048
 27.57  -6.055
 27.67  -6.061
 27.77  -6.067
 27.87  -6.074
 27.97  -6.080
 28.07  -6.087
 28.17  -6.095
 28.27  -6.103
 28.36  -6.111
 28.46  -6.119
 28.56  -6.127
 28.65  -6.135
 28.75  -6.142
 28.84  -6.149
 28.94  -6.156
 29.04  -6.162
 29.14  -6.167
 29.23  -6.172
 29.33  -6.177
 29.43  -6.182
 29.52  -6.188
 29.62  -6.193
 29.71  -6.198
 29.81  -6.203
 29.91  -6.209
 30.00  -6.215
 30.10  -6.220
 30.20  -6.226
 30.29  -6.231
 30.39  -6.237
 30.49  -6.243
 30.59  -6.248
 30.69  -6.254
 30.78  -6.260
 30.87  -6.266
 30.97  -6.272
 31.07  -6.278
 31.16  -6.285
 31.26  -6.291
 31.36  -6.298
 31.45  -6.305
 31.55  -6.312
 31.65  -6.319
 31.74  -6.327
 31.84  -6.334
 31.93  -6.342
 32.03  -6.350
 32.13  -6.358
 32.23  -6.367
 32.32  -6.375
 32.42  -6.383
 32.51  -6.392
 32.61  -6.400
 32.71  -6.407
 32.81  -6.415
 32.90  -6.421
 33.00  -6.428
 33.09  -6.435
 33.19  -6.441
 33.29  -6.447
 33.38  -6.454
 33.48  -6.461
 33.58  -6.468
 33.68  -6.476
 33.77  -6.484
 33.87  -6.492
 33.97  -6.501
 34.06  -6.509
 34.15  -6.517
 34.25  -6.524
 34.35  -6.532
 34.45  -6.540
 34.54  -6.547
 34.64  -6.554
 34.73  -6.561
 34.83  -6.569
 34.93  -6.576
 35.02  -6.582
 35.12  -6.589
 35.22  -6.596
 35.31  -6.602
 35.40  -6.608
 35.50  -6.615
 35.60  -6.621
 35.70  -6.627
 35.79  -6.633
 35.89  -6.639
 35.98  -6.645
 36.08  -6.652
 36.18  -6.658
 36.28  -6.664
 36.37  -6.671
 36.47  -6.677
 36.56  -6.683
 36.66  -6.690
 36.76  -6.696
 36.85  -6.702
 36.95  -6.709
 37.05  -6.715
 37.14  -6.722
 37.24  -6.728
 37.34  -6.734
 37.43  -6.741
 37.52  -6.747
 37.62  -6.754
 37.72  -6.760
 37.82  -6.767
 37.91  -6.773
 38.01  -6.780
 38.10  -6.786
 38.20  -6.792
 38.30  -6.799
 38.40  -6.805
 38.49  -6.811
 38.59  -6.817
 38.68  -6.823
 38.78  -6.829
 38.87  -6.836
 38.97  -6.842
 39.06  -6.849
 39.17  -6.855
 39.26  -6.862
 39.36  -6.869
 39.45  -6.875
 39.55  -6.881
 39.65  -6.887
 39.74  -6.892
 39.84  -6.897
 39.93  -6.902
 40.03  -6.907
 40.13  -6.911
 40.22  -6.916
 40.32  -6.920
 40.41  -6.925
 40.51  -6.929
 40.61  -6.935
 40.71  -6.940
 40.80  -6.945
 40.89  -6.950
 40.99  -6.955
 41.09  -6.960
 41.18  -6.965
 41.28  -6.970
 41.38  -6.975
 41.47  -6.980
 41.57  -6.986
 41.67  -6.991
 41.76  -6.996
 41.86  -7.001
 41.96  -7.006
 42.05  -7.012
 42.15  -7.017
 42.24  -7.023
 42.34  -7.028
 42.44  -7.034
 42.53  -7.039
 42.63  -7.045
 42.73  -7.052
 42.83  -7.058
 42.92  -7.065
 43.02  -7.072
 43.11  -7.079
 43.21  -7.086
 43.30  -7.093
 43.40  -7.100
 43.50  -7.107
 43.59  -7.114
 43.69  -7.121
 43.79  -7.128
 43.88  -7.135
 43.98  -7.142
 44.08  -7.149
 44.17  -7.156
 44.26  -7.163
 44.36  -7.170
 44.46  -7.176
 44.55  -7.183
 44.65  -7.190
 44.74  -7.196
 44.84  -7.203
 44.94  -7.210
 45.04  -7.216
 45.13  -7.223
 45.23  -7.230
 45.32  -7.236
 45.41  -7.243
 45.51  -7.250
 45.61  -7.256
 45.71  -7.263
 45.81  -7.270
 45.90  -7.276
 46.00  -7.283
 46.09  -7.290
 46.19  -7.297
 46.29  -7.304
 46.39  -7.311
 46.48  -7.317
 46.57  -7.324
 46.67  -7.331
 46.77  -7.338
 46.87  -7.344
 46.96  -7.351
 47.06  -7.357
 47.15  -7.364
 47.25  -7.370
 47.35  -7.376
 47.44  -7.382
 47.54  -7.388
 47.63  -7.394
 47.73  -7.400
 47.82  -7.405
 47.92  -7.411
 48.02  -7.416
 48.12  -7.422
 48.21  -7.427
 48.30  -7.432
 48.40  -7.438
 48.50  -7.443
 48.60  -7.448
 48.69  -7.453
 48.78  -7.458
 48.88  -7.463
 48.98  -7.468
 49.07  -7.472
 49.17  -7.477
 49.27  -7.482
 49.36  -7.487
 49.46  -7.491
 49.56  -7.496
 49.65  -7.500
 49.75  -7.505
 49.85  -7.509
 49.94  -7.513
 50.04  -7.517
 50.13  -7.521
 50.23  -7.525
 50.33  -7.529
 50.42  -7.533
 50.52  -7.536
 50.61  -7.540
 50.71  -7.543
 50.81  -7.547
 50.91  -7.550
 51.00  -7.553
 51.09  -7.556
 51.19  -7.559
 51.29  -7.562
 51.39  -7.565
 51.48  -7.568
 51.58  -7.571
 51.67  -7.573
 51.77  -7.576
 51.87  -7.579
 51.97  -7.581
 52.06  -7.584
 52.15  -7.586
 52.25  -7.589
 52.35  -7.591
 52.44  -7.594
 52.54  -7.596
 52.64  -7.599
 52.73  -7.601
 52.83  -7.603
 52.93  -7.606
 53.02  -7.608
 53.12  -7.610
 53.21  -7.612
 53.31  -7.614
 53.40  -7.616
 53.50  -7.618
 53.60  -7.621
 53.70  -7.623
 53.79  -7.625
 53.89  -7.627
 53.99  -7.629
 54.08  -7.631
 54.18  -7.632
 54.28  -7.634
 54.37  -7.636
 54.47  -7.638
 54.56  -7.640
 54.66  -7.642
 54.76  -7.643
 54.85  -7.645
 54.95  -7.647
 55.04  -7.648
 55.14  -7.650
 55.24  -7.651
 55.34  -7.653
 55.43  -7.654
 55.52  -7.656
 55.62  -7.657
 55.72  -7.658
 55.81  -7.660
 55.91  -7.661
 56.01  -7.662
 56.11  -7.663
 56.20  -7.665
 56.30  -7.666
 56.40  -7.667
 56.49  -7.668
 56.59  -7.669
 56.68  -7.670
 56.78  -7.671
 56.88  -7.673
 56.97  -7.674
 57.07  -7.675
 57.17  -7.676
 57.26  -7.677
 57.36  -7.678
 57.45  -7.679
 57.55  -7.680
 57.65  -7.681
 57.74  -7.682
 57.83  -7.683
 57.93  -7.683
 58.03  -7.684
 58.13  -7.685
 58.23  -7.686
 58.32  -7.687
 58.42  -7.687
 58.51  -7.688
 58.61  -7.689
 58.71  -7.689
 58.81  -7.690
 58.90  -7.691
 58.99  -7.691
 59.09  -7.692
 59.19  -7.692
 59.28  -7.693
 59.38  -7.694
 59.48  -7.694
 59.57  -7.694
 59.67  -7.695
 59.77  -7.695
 59.87  -7.696
 59.96  -7.696
 60.05  -7.696
 60.15  -7.696
 60.25  -7.697
 60.34  -7.697
 60.44  -7.697
 60.54  -7.697
 60.63  -7.697
 60.73  -7.698
 60.83  -7.698
 60.92  -7.698
 61.02  -7.698
 61.12  -7.698
 61.21  -7.698
 61.31  -7.698
 61.41  -7.698
 61.50  -7.698
 61.60  -7.698
 61.70  -7.698
 61.79  -7.698
 61.89  -7.698
 61.98  -7.698
 62.08  -7.698
 62.18  -7.698
 62.28  -7.698
 62.37  -7.698
 62.46  -7.698
 62.56  -7.698
 62.66  -7.698
 62.75  -7.698
 62.85  -7.698
 62.95  -7.698
 63.05  -7.698
 63.14  -7.698
 63.24  -7.698
 63.34  -7.698
 63.43  -7.698
 63.53  -7.698
 63.62  -7.698
 63.72  -7.697
 63.82  -7.697
 63.92  -7.697
 64.01  -7.697
 64.10  -7.697
 64.20  -7.697
 64.30  -7.696
 64.40  -7.696
 64.50  -7.696
 64.59  -7.696
 64.68  -7.695
 64.78  -7.695
 64.88  -7.695
 64.97  -7.694
 65.07  -7.694
 65.17  -7.694
 65.26  -7.693
 65.36  -7.693
 65.45  -7.693
 65.55  -7.692
 65.65  -7.692
 65.74  -7.691
 65.84  -7.691
 65.93  -7.690
 66.03  -7.690
 66.13  -7.689
 66.23  -7.689
 66.32  -7.688
 66.42  -7.688
 66.52  -7.687
 66.61  -7.686
 66.71  -7.686
 66.80  -7.685
 66.89  -7.685
 66.99  -7.684
 67.09  -7.683
 67.19  -7.683
 67.28  -7.682
 67.38  -7.681
 67.48  -7.680
 67.57  -7.680
 67.67  -7.679
 67.76  -7.678
 67.86  -7.677
 67.95  -7.676
 68.04  -7.675
 68.14  -7.675
 68.23  -7.674
 68.33  -7.673
 68.42  -7.672
 68.51  -7.671
 68.61  -7.670
 68.71  -7.669
 68.79  -7.668
 68.89  -7.667
 68.98  -7.666
 69.07  -7.665
 69.17  -7.664
 69.26  -7.663
 69.36  -7.662
 69.46  -7.661
 69.55  -7.659
 69.65  -7.658
 69.73  -7.657
 69.83  -7.656
 69.92  -7.655
 70.02  -7.654
 70.11  -7.652
 70.20  -7.651
 70.30  -7.650
 70.39  -7.649
 70.49  -7.647
 70.58  -7.646
 70.68  -7.645
 70.77  -7.643
 70.87  -7.642
 70.96  -7.641
 71.05  -7.639
 71.15  -7.638
 71.24  -7.636
 71.33  -7.635
 71.43  -7.634
 71.52  -7.632
 71.62  -7.631
 71.72  -7.629
 71.81  -7.628
 71.90  -7.626
 72.00  -7.624
 72.09  -7.623
 72.19  -7.621
 72.28  -7.619
 72.37  -7.618
 72.46  -7.616
 72.56  -7.614
 72.65  -7.612
 72.75  -7.611
 72.84  -7.609
 72.94  -7.607
 73.03  -7.605
 73.13  -7.604
 73.23  -7.602
 73.31  -7.600
 73.41  -7.598
 73.50  -7.596
 73.59  -7.595
 73.69  -7.593
 73.79  -7.591
 73.88  -7.589
 73.97  -7.587
 74.07  -7.585
 74.17  -7.584
 74.26  -7.582
 74.35  -7.580
 74.45  -7.578
 74.54  -7.577
 74.63  -7.575
 74.73  -7.573
 74.82  -7.571
 74.92  -7.570
 75.01  -7.568
 75.11  -7.566
 75.20  -7.565
 75.30  -7.563
 75.39  -7.561
 75.48  -7.560
 75.58  -7.558
 75.67  -7.557
 75.76  -7.555
 75.86  -7.553
 75.96  -7.552
 76.05  -7.550
 76.14  -7.549
 76.24  -7.547
 76.33  -7.545
 76.43  -7.544
 76.52  -7.542
 76.61  -7.540
 76.71  -7.539
 76.81  -7.537
 76.90  -7.535
 76.99  -7.533
 77.08  -7.531
 77.18  -7.530
 77.27  -7.528
 77.37  -7.526
 77.46  -7.524
 77.56  -7.522
 77.65  -7.520
 77.74  -7.519
 77.84  -7.517
 77.94  -7.515
 78.03  -7.513
 78.12  -7.511
 78.21  -7.509
 78.31  -7.507
 78.40  -7.505
 78.50  -7.502
 78.59  -7.500
 78.69  -7.498
 78.78  -7.496
 78.88  -7.494
 78.97  -7.492
 79.06  -7.490
 79.15  -7.487
 79.25  -7.485
 79.35  -7.483
 79.44  -7.481
 79.53  -7.479
 79.63  -7.477
 79.73  -7.474
 79.82  -7.472
 79.91  -7.470
 80.01  -7.468
 80.10  -7.466
 80.19  -7.464
 80.29  -7.461
 80.38  -7.459
 80.48  -7.457
 80.57  -7.455
 80.67  -7.453
 80.76  -7.451
 80.86  -7.449
 80.95  -7.447
 81.05  -7.445
 81.13  -7.443
 81.23  -7.441
 81.33  -7.439
 81.42  -7.437
 81.51  -7.435
 81.61  -7.433
 81.70  -7.431
 81.80  -7.429
 81.89  -7.427
 81.99  -7.425
 82.08  -7.424
 82.18  -7.422
 82.27  -7.420
 82.36  -7.418
 82.45  -7.416
 82.55  -7.414
 82.64  -7.412
 82.74  -7.410
 82.83  -7.408
 82.93  -7.406
 83.02  -7.404
 83.12  -7.401
 83.22  -7.399
 83.31  -7.397
 83.40  -7.395
 83.49  -7.393
 83.58  -7.391
 83.68  -7.389
 83.77  -7.387
 83.87  -7.384
 83.96  -7.382
 84.06  -7.380
 84.16  -7.378
 84.25  -7.376
 84.35  -7.374
 84.44  -7.371
 84.53  -7.369
 84.63  -7.367
 84.72  -7.365
 84.81  -7.363
 84.91  -7.361
 85.00  -7.358
 85.10  -7.356
 85.19  -7.354
 85.29  -7.352
 85.38  -7.349
 85.48  -7.347
 85.57  -7.345
 85.66  -7.343
 85.76  -7.340
 85.85  -7.338
 85.94  -7.336
 86.04  -7.334
 86.13  -7.331
 86.23  -7.329
 86.32  -7.327
 86.42  -7.324
 86.52  -7.322
 86.61  -7.320
 86.70  -7.317
 86.79  -7.315
 86.89  -7.312
 86.98  -7.310
 87.07  -7.307
 87.17  -7.305
 87.26  -7.302
 87.36  -7.300
 87.46  -7.297
 87.55  -7.295
 87.64  -7.292
 87.74  -7.290
 87.84  -7.287
 87.92  -7.284
 88.01  -7.282
 88.11  -7.279
 88.20  -7.277
 88.30  -7.274
 88.40  -7.271
 88.49  -7.269
 88.58  -7.266
 88.68  -7.264
 88.77  -7.261
 88.87  -7.258
 88.96  -7.256
 89.05  -7.253
 89.14  -7.250
 89.24  -7.248
 89.34  -7.245
 89.43  -7.242
 89.52  -7.240
 89.62  -7.237
 89.71  -7.235
 89.81  -7.232
 89.91  -7.230
 90.00  -7.227
 90.09  -7.224
 90.18  -7.222
 90.27  -7.220
 90.37  -7.217
 90.47  -7.215
 90.56  -7.212
 90.66  -7.210
 90.75  -7.207
 90.85  -7.205
 90.94  -7.202
 91.03  -7.200
 91.13  -7.198
 91.22  -7.195
 91.32  -7.193
 91.41  -7.190
 91.50  -7.188
 91.60  -7.185
 91.69  -7.183
 91.79  -7.180
 91.88  -7.178
 91.98  -7.175
 92.07  -7.173
 92.17  -7.170
 92.26  -7.167
 92.35  -7.165
 92.45  -7.162
 92.54  -7.159
 92.63  -7.157
 92.73  -7.154
 92.82  -7.151
 92.92  -7.149
 93.01  -7.146
 93.10  -7.143
 93.20  -7.140
 93.30  -7.137
 93.39  -7.134
 93.49  -7.131
 93.58  -7.128
 93.67  -7.125
 93.76  -7.122
 93.86  -7.119
 93.95  -7.116
 94.05  -7.113
 94.15  -7.110
 94.24  -7.107
 94.33  -7.104
 94.43  -7.101
 94.52  -7.098
 94.61  -7.096
 94.71  -7.093
 94.80  -7.090
 94.90  -7.087
 94.99  -7.084
 95.09  -7.081
 95.18  -7.078
 95.27  -7.075
 95.37  -7.072
 95.47  -7.070
 95.56  -7.067
 95.66  -7.064
 95.75  -7.061
 95.84  -7.058
 95.93  -7.056
 96.03  -7.053
 96.12  -7.050
 96.22  -7.048
 96.32  -7.045
 96.41  -7.042
 96.50  -7.040
 96.60  -7.037
 96.69  -7.035
 96.79  -7.032
 96.89  -7.030
 96.97  -7.027
 97.06  -7.024
 97.16  -7.022
 97.26  -7.019
 97.35  -7.017
 97.44  -7.014
 97.54  -7.012
 97.64  -7.009
 97.73  -7.006
 97.83  -7.004
 97.92  -7.001
 98.01  -6.998
 98.10  -6.996
 98.20  -6.993
 98.29  -6.990
 98.39  -6.987
 98.48  -6.985
 98.58  -6.982
 98.68  -6.979
 98.77  -6.976
 98.86  -6.973
 98.96  -6.970
 99.05  -6.968
 99.15  -6.965
 99.24  -6.961
 99.33  -6.958
 99.42  -6.955
 99.52  -6.952
 99.62  -6.949
 99.71  -6.946
 99.81  -6.942
 99.91  -6.939
100.00  -6.936
100.10  -6.933
100.19  -6.930
100.28  -6.927
100.37  -6.923
100.47  -6.920
100.57  -6.917
100.66  -6.914
100.75  -6.911
100.85  -6.908
100.94  -6.905
101.04  -6.901
101.14  -6.898
101.23  -6.895
101.32  -6.892
101.41  -6.889
101.51  -6.887
101.60  -6.884
101.70  -6.881
101.79  -6.878
101.89  -6.876
101.98  -6.873
102.08  -6.871
102.17  -6.868
102.27  -6.866
102.37  -6.863
102.46  -6.861
102.55  -6.859
102.64  -6.856
102.73  -6.854
102.83  -6.852
102.93  -6.849
103.02  -6.847
103.12  -6.845
103.21  -6.842
103.31  -6.840
103.41  -6.838
103.50  -6.835
103.60  -6.833
103.68  -6.830
103.77  -6.827
103.87  -6.824
103.97  -6.821
104.06  -6.818
104.16  -6.815
104.25  -6.812
104.35  -6.809
104.44  -6.806
104.54  -6.803
104.63  -6.800
104.73  -6.797
104.82  -6.794
104.91  -6.791
105.01  -6.787
105.10  -6.784
105.20  -6.782
105.29  -6.779
105.39  -6.776
105.48  -6.773
105.58  -6.770
105.68  -6.768
105.77  -6.765
105.86  -6.762
105.95  -6.760
106.04  -6.757
106.14  -6.754
106.24  -6.751
106.33  -6.749
106.43  -6.746
106.52  -6.743
106.62  -6.740
106.70  -6.737
106.80  -6.735
106.90  -6.732
106.98  -6.729
107.07  -6.726
107.16  -6.723
107.25  -6.720
107.35  -6.717
107.44  -6.714
107.54  -6.711
107.62  -6.708
107.72  -6.705
107.81  -6.702
107.90  -6.699
108.00  -6.696
108.09  -6.693
108.17  -6.690
108.26  -6.687
108.36  -6.684
108.45  -6.682
108.54  -6.679
108.64  -6.676
108.73  -6.673
108.82  -6.671
108.92  -6.668
109.01  -6.665
109.10  -6.662
109.19  -6.660
109.28  -6.657
109.37  -6.654
109.46  -6.651
109.56  -6.648
109.65  -6.645
109.74  -6.642
109.83  -6.639
109.93  -6.636
110.02  -6.633
110.11  -6.630
110.21  -6.627
110.30  -6.624
110.39  -6.621
110.48  -6.618
110.57  -6.616
110.66  -6.613
110.76  -6.610
110.85  -6.607
110.94  -6.604
111.04  -6.601
111.13  -6.599
111.22  -6.596
111.31  -6.593
111.40  -6.591
111.49  -6.588
111.58  -6.586
111.68  -6.583
111.77  -6.581
111.86  -6.579
111.96  -6.576
112.05  -6.574
112.14  -6.571
112.23  -6.569
112.33  -6.566
112.42  -6.564
112.51  -6.561
112.60  -6.558
112.69  -6.556
112.78  -6.553
112.88  -6.550
112.97  -6.548
113.06  -6.545
113.15  -6.542
113.25  -6.539
113.34  -6.536
113.43  -6.533
113.53  -6.531
113.62  -6.528
113.70  -6.525
113.80  -6.522
113.89  -6.519
113.98  -6.516
114.07  -6.513
114.17  -6.510
114.26  -6.507
114.35  -6.503
114.45  -6.500
114.54  -6.497
114.63  -6.494
114.72  -6.491
114.81  -6.487
114.90  -6.484
114.99  -6.481
115.09  -6.478
115.18  -6.474
115.27  -6.471
115.37  -6.468
115.46  -6.464
115.55  -6.461
115.64  -6.458
115.74  -6.455
115.83  -6.452
115.91  -6.448
116.01  -6.445
116.10  -6.442
116.19  -6.439
116.29  -6.436
116.38  -6.433
116.47  -6.430
116.56  -6.426
116.66  -6.423
116.75  -6.420
116.84  -6.417
116.93  -6.414
117.02  -6.411
117.11  -6.408
117.21  -6.405
117.30  -6.402
117.39  -6.400
117.48  -6.397
117.57  -6.394
117.67  -6.391
117.76  -6.388
117.86  -6.385
117.95  -6.382
118.04  -6.380
118.13  -6.377
118.21  -6.374
118.31  -6.371
118.40  -6.368
118.50  -6.365
118.59  -6.362
118.68  -6.359
118.78  -6.355
118.87  -6.352
118.96  -6.349
119.06  -6.346
119.14  -6.342
119.23  -6.339
119.33  -6.336
119.42  -6.333
119.51  -6.329
119.60  -6.326
119.70  -6.323
119.79  -6.320
119.88  -6.316
119.97  -6.313
120.07  -6.310
120.16  -6.307
120.24  -6.303
120.33  -6.300
120.43  -6.297
120.52  -6.293
120.62  -6.290
120.71  -6.287
120.80  -6.284
120.89  -6.280
120.98  -6.277
121.08  -6.274
121.17  -6.271
121.26  -6.267
121.35  -6.264
121.44  -6.261
121.53  -6.257
121.62  -6.254
121.72  -6.251
121.81  -6.247
121.91  -6.244
122.00  -6.240
122.09  -6.237
122.18  -6.234
122.28  -6.230
122.37  -6.227
122.46  -6.224
122.55  -6.220
122.64  -6.217
122.73  -6.214
122.83  -6.210
122.92  -6.207
123.01  -6.204
123.10  -6.201
123.20  -6.198
123.29  -6.194
123.38  -6.191
123.47  -6.188
123.56  -6.185
123.65  -6.182
123.74  -6.179
123.84  -6.175
123.94  -6.172
124.02  -6.169
124.12  -6.166
124.21  -6.163
124.30  -6.160
124.39  -6.156
124.49  -6.153
124.57  -6.150
124.67  -6.147
124.76  -6.143
124.85  -6.140
124.94  -6.137
125.03  -6.133
125.13  -6.130
125.22  -6.127
125.31  -6.124
125.41  -6.120
125.50  -6.117
125.59  -6.113
125.68  -6.110
125.77  -6.107
125.86  -6.103
125.96  -6.100
126.05  -6.096
126.14  -6.092
126.24  -6.089
126.33  -6.085
126.42  -6.082
126.51  -6.078
126.61  -6.074
126.70  -6.071
126.79  -6.067
126.88  -6.064
126.97  -6.060
127.06  -6.056
127.16  -6.053
127.25  -6.049
127.34  -6.045
127.44  -6.042
127.53  -6.038
127.62  -6.034
127.71  -6.031
127.80  -6.027
127.89  -6.023
127.98  -6.020
128.08  -6.016
128.17  -6.013
128.26  -6.009
128.36  -6.005
128.45  -6.002
128.54  -5.998
128.63  -5.994
128.73  -5.991
128.82  -5.987
128.91  -5.983
129.00  -5.980
129.09  -5.976
129.19  -5.973
129.28  -5.969
129.37  -5.965
129.47  -5.962
129.56  -5.958
129.65  -5.954
129.74  -5.951
129.84  -5.947
129.93  -5.943
130.01  -5.940
130.11  -5.936
130.20  -5.932
130.30  -5.929
130.38  -5.925
130.48  -5.921
130.57  -5.918
130.66  -5.914
130.76  -5.910
130.85  -5.907
130.94  -5.903
131.03  -5.899
131.13  -5.895
131.21  -5.892
131.30  -5.888
131.40  -5.884
131.49  -5.881
131.59  -5.877
131.68  -5.873
131.77  -5.869
131.86  -5.866
131.96  -5.862
132.05  -5.858
132.14  -5.854
132.24  -5.850
132.32  -5.847
132.42  -5.843
132.51  -5.839
132.60  -5.835
132.70  -5.832
132.79  -5.828
132.88  -5.824
132.98  -5.820
133.07  -5.816
133.16  -5.812
133.24  -5.809
133.34  -5.805
133.43  -5.801
133.52  -5.797
133.62  -5.793
133.71  -5.789
133.80  -5.785
133.90  -5.781
133.99  -5.778
134.08  -5.774
134.17  -5.770
134.27  -5.766
134.35  -5.762
134.44  -5.758
134.54  -5.754
134.63  -5.750
134.72  -5.745
134.82  -5.741
134.91  -5.737
135.00  -5.733
135.10  -5.729
135.19  -5.725
135.28  -5.720
135.37  -5.716
135.46  -5.712
135.55  -5.708
135.65  -5.703
135.74  -5.699
135.83  -5.695
135.92  -5.690
136.02  -5.686
136.11  -5.682
136.20  -5.677
136.29  -5.673
136.39  -5.669
136.48  -5.664
136.57  -5.660
136.66  -5.656
136.75  -5.652
136.85  -5.647
136.94  -5.643
137.03  -5.639
137.13  -5.634
137.22  -5.630
137.31  -5.626
137.40  -5.621
137.49  -5.617
137.58  -5.613
137.68  -5.608
137.77  -5.604
137.87  -5.600
137.95  -5.595
138.05  -5.591
138.14  -5.587
138.24  -5.583
138.33  -5.578
138.42  -5.574
138.51  -5.570
138.60  -5.566
138.69  -5.561
138.79  -5.557
138.88  -5.553
138.97  -5.549
139.07  -5.544
139.16  -5.540
139.25  -5.536
139.35  -5.532
139.44  -5.528
139.53  -5.523
139.62  -5.519
139.71  -5.515
139.80  -5.511
139.90  -5.507
139.99  -5.503
140.08  -5.498
140.17  -5.494
140.27  -5.490
140.36  -5.486
140.45  -5.482
140.54  -5.478
140.64  -5.474
140.73  -5.470
140.82  -5.465
140.91  -5.461
141.01  -5.457
141.10  -5.453
141.19  -5.449
141.28  -5.445
141.38  -5.441
141.47  -5.437
141.56  -5.433
141.65  -5.429
141.74  -5.425
141.84  -5.421
141.93  -5.417
142.02  -5.413
142.12  -5.409
142.20  -5.405
142.30  -5.401
142.39  -5.398
142.49  -5.394
142.58  -5.390
142.67  -5.386
142.76  -5.382
142.85  -5.378
142.94  -5.374
143.04  -5.371
143.13  -5.367
143.22  -5.363
143.32  -5.359
143.41  -5.356
143.50  -5.352
143.59  -5.348
143.69  -5.345
143.78  -5.341
143.87  -5.338
143.96  -5.334
144.05  -5.330
144.15  -5.327
144.24  -5.323
144.33  -5.320
144.42  -5.316
144.51  -5.313
144.60  -5.309
144.69  -5.305
144.78  -5.302
144.87  -5.298
144.95  -5.295
145.05  -5.291
145.14  -5.287
145.23  -5.283
145.32  -5.280
145.41  -5.276
145.50  -5.272
145.59  -5.268
145.68  -5.264
145.77  -5.260
145.86  -5.257
145.95  -5.253
146.04  -5.249
146.13  -5.245
146.22  -5.240
146.31  -5.236
146.40  -5.232
146.49  -5.228
146.59  -5.224
146.68  -5.219
146.77  -5.215
146.85  -5.210
146.94  -5.206
147.03  -5.201
147.12  -5.197
147.21  -5.192
147.30  -5.187
147.39  -5.183
147.49  -5.178
147.58  -5.174
147.67  -5.169
147.76  -5.164
147.85  -5.160
147.94  -5.155
148.02  -5.151
148.12  -5.146
148.21  -5.142
148.29  -5.137
148.39  -5.132
148.48  -5.128
148.57  -5.123
148.66  -5.119
148.75  -5.114
148.84  -5.110
148.93  -5.105
149.01  -5.101
149.11  -5.096
149.20  -5.092
149.29  -5.088
149.38  -5.083
149.47  -5.079
149.56  -5.074
149.65  -5.070
149.74  -5.066
149.83  -5.062
149.92  -5.057
150.01  -5.053
150.10  -5.049
150.19  -5.045
150.28  -5.041
150.37  -5.036
150.46  -5.032
150.56  -5.028
150.65  -5.024
150.74  -5.020
150.83  -5.015
150.92  -5.011
151.00  -5.007
151.09  -5.003
151.19  -4.999
151.28  -4.994
151.36  -4.990
151.46  -4.986
151.55  -4.982
151.64  -4.978
151.73  -4.974
151.82  -4.969
151.91  -4.965
152.00  -4.961
152.09  -4.957
152.18  -4.953
152.26  -4.949
152.36  -4.945
152.45  -4.941
152.54  -4.937
152.63  -4.933
152.72  -4.929
152.81  -4.925
152.90  -4.921
152.99  -4.917
153.08  -4.913
153.17  -4.909
153.26  -4.905
153.35  -4.901
153.44  -4.897
153.53  -4.893
153.62  -4.889
153.71  -4.885
153.80  -4.880
153.89  -4.876
153.98  -4.872
154.07  -4.868
154.16  -4.864
154.25  -4.860
154.34  -4.856
154.43  -4.852
154.53  -4.847
154.62  -4.843
154.71  -4.839
154.80  -4.835
154.89  -4.831
154.97  -4.827
155.06  -4.823
155.15  -4.819
155.24  -4.815
155.33  -4.811
155.43  -4.807
155.52  -4.803
155.61  -4.800
155.70  -4.796
155.79  -4.792
155.88  -4.788
155.97  -4.784
156.06  -4.780
156.15  -4.776
156.23  -4.772
156.33  -4.768
156.42  -4.764
156.51  -4.759
156.60  -4.755
156.69  -4.750
156.78  -4.745
156.87  -4.741
156.96  -4.736
157.05  -4.731
157.14  -4.726
157.23  -4.721
157.32  -4.716
157.41  -4.711
157.50  -4.706
157.59  -4.701
157.68  -4.696
157.77  -4.691
157.86  -4.686
157.95  -4.681
158.04  -4.676
158.13  -4.670
158.22  -4.664
158.31  -4.659
158.40  -4.653
158.49  -4.648
158.59  -4.642
158.68  -4.637
158.77  -4.633
158.86  -4.630
158.94  -4.626
159.03  -4.623
159.12  -4.619
159.21  -4.616
159.31  -4.612
159.40  -4.608
159.49  -4.603
159.58  -4.598
159.67  -4.592
159.76  -4.587
159.85  -4.581
159.93  -4.575
160.02  -4.570
160.12  -4.564
160.21  -4.559
160.30  -4.555
160.39  -4.550
160.48  -4.546
160.57  -4.542
160.66  -4.537
160.75  -4.533
160.84  -4.529
160.93  -4.524
161.02  -4.520
161.11  -4.516
161.20  -4.512
161.29  -4.507
161.38  -4.503
161.47  -4.499
161.57  -4.495
161.65  -4.491
161.74  -4.487
161.83  -4.483
161.92  -4.480
162.01  -4.476
162.10  -4.472
162.19  -4.468
162.28  -4.464
162.37  -4.460
162.47  -4.456
162.56  -4.452
162.65  -4.448
162.74  -4.444
162.82  -4.440
162.91  -4.435
163.00  -4.431
163.09  -4.427
163.18  -4.423
163.28  -4.419
163.37  -4.415
163.46  -4.411
163.55  -4.407
163.64  -4.403
163.73  -4.399
163.81  -4.395
163.91  -4.391
164.00  -4.387
164.09  -4.384
164.18  -4.380
164.27  -4.376
164.36  -4.372
164.45  -4.368
164.54  -4.365
164.63  -4.361
164.72  -4.357
164.81  -4.353
164.90  -4.349
164.99  -4.346
165.08  -4.342
165.17  -4.338
165.26  -4.335
165.35  -4.331
165.45  -4.327
165.54  -4.324
165.62  -4.320
165.71  -4.316
165.80  -4.313
165.89  -4.309
165.99  -4.306
166.08  -4.302
166.17  -4.298
166.26  -4.295
166.35  -4.291
166.44  -4.288
166.52  -4.284
166.62  -4.280
166.71  -4.277
166.80  -4.273
166.89  -4.269
166.98  -4.265
167.07  -4.262
167.16  -4.258
167.25  -4.254
167.34  -4.251
167.43  -4.247
167.52  -4.243
167.61  -4.240
167.70  -4.236
167.79  -4.232
167.88  -4.229
167.97  -4.225
168.06  -4.222
168.16  -4.218
168.25  -4.215
168.33  -4.211
168.42  -4.208
168.51  -4.205
168.60  -4.201
168.70  -4.198
168.79  -4.195
168.88  -4.192
168.97  -4.188
169.06  -4.185
169.15  -4.182
169.23  -4.179
169.33  -4.176
169.42  -4.173
169.51  -4.170
169.60  -4.167
169.69  -4.164
169.78  -4.161
169.87  -4.158
169.96  -4.155
170.05  -4.152
170.14  -4.149
170.23  -4.147
170.32  -4.144
170.41  -4.141
170.50  -4.138
170.59  -4.136
170.68  -4.133
170.78  -4.130
170.87  -4.128
170.96  -4.125
171.05  -4.122
171.13  -4.119
171.23  -4.117
171.32  -4.114
171.41  -4.111
171.50  -4.108
171.59  -4.106
171.68  -4.103
171.77  -4.100
171.86  -4.097
171.95  -4.095
172.04  -4.092
172.13  -4.089
172.22  -4.086
172.31  -4.084
172.40  -4.081
172.49  -4.078
172.58  -4.075
172.67  -4.072
172.77  -4.069
172.85  -4.067
172.94  -4.064
173.03  -4.061
173.12  -4.058
173.22  -4.055
173.31  -4.052
173.40  -4.049
173.49  -4.046
173.58  -4.043
173.67  -4.040
173.75  -4.037
173.85  -4.034
173.94  -4.032
174.03  -4.029
174.12  -4.026
174.21  -4.023
174.30  -4.020
174.39  -4.017
174.47  -4.014
174.57  -4.011
174.66  -4.008
174.75  -4.005
174.85  -4.002
174.93  -3.999
175.02  -3.996
175.12  -3.993
175.21  -3.990
175.30  -3.987
175.38  -3.983
175.48  -3.980
175.57  -3.977
175.66  -3.974
175.75  -3.971
175.84  -3.968
175.93  -3.965
176.02  -3.962
176.11  -3.958
176.20  -3.955
176.29  -3.952
176.38  -3.949
176.47  -3.946
176.56  -3.943
176.66  -3.939
176.75  -3.936
176.84  -3.933
176.93  -3.930
177.02  -3.926
177.11  -3.923
177.20  -3.920
177.29  -3.917
177.38  -3.913
177.47  -3.910
177.56  -3.907
177.65  -3.904
177.74  -3.900
177.83  -3.897
177.93  -3.894
178.01  -3.890
178.10  -3.887
178.20  -3.884
178.29  -3.880
178.37  -3.877
178.46  -3.874
178.56  -3.870
178.65  -3.867
178.74  -3.864
178.83  -3.860
178.92  -3.857
179.01  -3.854
179.10  -3.850
179.19  -3.847
179.28  -3.844
179.37  -3.840
179.47  -3.837
179.56  -3.834
179.65  -3.830
179.74  -3.827
179.82  -3.824
179.91  -3.820
180.01  -3.817
180.10  -3.813
180.19  -3.810
180.28  -3.807
180.37  -3.803
180.46  -3.800
180.54  -3.796
180.64  -3.793
180.73  -3.790
180.82  -3.786
180.91  -3.783
181.00  -3.780
181.09  -3.777
181.18  -3.774
181.27  -3.771
181.36  -3.768
181.44  -3.765
181.53  -3.762
181.62  -3.759
181.71  -3.756
181.79  -3.753
181.89  -3.750
181.97  -3.747
182.06  -3.744
182.15  -3.741
182.23  -3.738
182.32  -3.735
182.41  -3.732
182.50  -3.729
182.59  -3.726
182.68  -3.722
182.77  -3.719
182.86  -3.716
182.95  -3.713
183.03  -3.710
183.12  -3.706
183.21  -3.703
183.30  -3.700
183.39  -3.696
183.47  -3.693
183.56  -3.690
183.66  -3.686
183.74  -3.683
183.82  -3.679
183.91  -3.675
184.00  -3.672
184.09  -3.668
184.18  -3.664
184.27  -3.660
184.36  -3.656
184.45  -3.652
184.54  -3.648
184.63  -3.644
184.71  -3.640
184.80  -3.636
184.89  -3.632
184.98  -3.628
185.06  -3.624
185.15  -3.620
185.24  -3.616
185.33  -3.612
185.42  -3.608
185.50  -3.604
185.59  -3.600
185.68  -3.596
185.77  -3.592
185.86  -3.588
185.95  -3.585
186.04  -3.581
186.12  -3.577
186.21  -3.573
186.30  -3.570
186.48  -3.563
186.56  -3.559
186.65  -3.556
186.74  -3.552
186.83  -3.549
186.92  -3.546
187.00  -3.543
187.09  -3.540
187.18  -3.537
187.27  -3.534
187.36  -3.531
187.45  -3.528
187.54  -3.525
187.63  -3.522
187.71  -3.519
187.79  -3.517
187.88  -3.514
187.97  -3.511
188.06  -3.508
188.15  -3.506
188.24  -3.503
188.33  -3.500
188.42  -3.497
188.50  -3.494
188.59  -3.491
188.68  -3.488
188.77  -3.485
188.86  -3.482
188.95  -3.479
189.03  -3.476
189.13  -3.473
189.21  -3.470
189.29  -3.468
189.38  -3.465
189.47  -3.462
189.56  -3.459
189.65  -3.455
189.74  -3.452
189.83  -3.449
189.92  -3.446
190.01  -3.443
190.09  -3.440
190.18  -3.437
190.26  -3.434
190.35  -3.430
190.44  -3.427
190.53  -3.424
190.63  -3.421
190.71  -3.418
190.79  -3.415
190.88  -3.411
190.97  -3.408
191.06  -3.405
191.15  -3.402
191.24  -3.399
191.33  -3.396
191.42  -3.393
191.51  -3.390
191.59  -3.387
191.68  -3.384
191.77  -3.381
191.86  -3.378
191.95  -3.375
192.03  -3.372
192.12  -3.369
192.21  -3.366
192.30  -3.363
192.39  -3.360
192.47  -3.357
192.56  -3.354
192.65  -3.351
192.74  -3.348
192.83  -3.345
192.92  -3.342
193.00  -3.339
193.09  -3.336
193.18  -3.333
193.27  -3.331
193.35  -3.328
193.45  -3.325
193.53  -3.322
193.62  -3.319
193.71  -3.316
193.80  -3.313
193.88  -3.310
193.97  -3.307
194.06  -3.304
194.15  -3.301
194.24  -3.298
194.33  -3.295
194.42  -3.293
194.51  -3.290
194.60  -3.287
194.68  -3.284
194.76  -3.281
194.85  -3.278
194.94  -3.275
195.03  -3.272
195.12  -3.269
195.21  -3.266
195.30  -3.263
195.39  -3.260
195.47  -3.257
195.56  -3.254
195.65  -3.251
195.74  -3.248
195.83  -3.245
195.92  -3.242
196.00  -3.239
196.09  -3.236
196.17  -3.233
196.26  -3.230
196.35  -3.227
196.44  -3.224
196.53  -3.221
196.62  -3.218
196.71  -3.215
196.80  -3.212
196.88  -3.209
196.97  -3.206
197.06  -3.203
197.14  -3.200
197.23  -3.197
197.32  -3.194
197.41  -3.191
197.50  -3.188
197.59  -3.185
197.68  -3.182
197.76  -3.179
197.85  -3.176
197.94  -3.173
198.03  -3.170
198.11  -3.167
198.20  -3.165
198.29  -3.162
198.37  -3.159
198.46  -3.156
198.55  -3.153
198.64  -3.150
198.73  -3.148
198.82  -3.145
198.91  -3.142
199.00  -3.139
199.09  -3.136
199.18  -3.133
199.26  -3.131
199.34  -3.128
199.43  -3.125
199.52  -3.122
199.61  -3.119
199.70  -3.116
199.79  -3.113
199.87  -3.110
