  
  DOI/GTN-P Deep Borehole Array, Arctic Alaska 
             U.S. Geological Survey 
            Processed Temperature Log 
                    28-Aug-2013 
________________________________________________ 
  
Temperature Log Information: 
  Well name:   North Inigok Test Well #1 
  File name:   NIN_02AUG26_c_d 
  Log date:    26-AUG-2002 
  
Contact Information: 
  Gary Clow 
  U.S. Geological Survey 
  clow@usgs.gov 
  
Definitions: 
  Depth:        Depth below local ground surface (m) 
  Temperature:  ITS-90 temperature (°C) 
________________________________________________ 
             
 Depth  Temperature 
  6.24  -5.073
  6.32  -5.083
  6.44  -5.096
  6.58  -5.113
  6.72  -5.137
  6.83  -5.165
  6.96  -5.196
  7.08  -5.229
  7.22  -5.261
  7.34  -5.293
  7.45  -5.326
  7.58  -5.360
  7.71  -5.395
  7.86  -5.430
  7.99  -5.464
  8.11  -5.498
  8.24  -5.532
  8.37  -5.564
  8.51  -5.596
  8.65  -5.624
  8.78  -5.650
  8.90  -5.672
  9.04  -5.694
  9.18  -5.715
  9.31  -5.736
  9.44  -5.758
  9.57  -5.779
  9.70  -5.799
  9.84  -5.819
  9.98  -5.838
 10.10  -5.856
 10.23  -5.873
 10.36  -5.887
 10.50  -5.901
 10.64  -5.912
 10.77  -5.922
 10.90  -5.931
 11.03  -5.938
 11.17  -5.944
 11.31  -5.948
 11.44  -5.952
 11.57  -5.955
 11.70  -5.957
 11.84  -5.959
 11.98  -5.961
 12.11  -5.963
 12.23  -5.965
 12.36  -5.967
 12.51  -5.968
 12.64  -5.969
 12.78  -5.970
 12.90  -5.972
 13.03  -5.974
 13.17  -5.976
 13.31  -5.978
 13.44  -5.980
 13.57  -5.982
 13.70  -5.985
 13.84  -5.987
 13.98  -5.988
 14.11  -5.989
 14.24  -5.990
 14.37  -5.991
 14.51  -5.991
 14.65  -5.992
 14.78  -5.992
 14.91  -5.993
 15.04  -5.995
 16.79  -5.956
 16.99  -5.958
 17.02  -5.961
 17.11  -5.963
 17.24  -5.966
 17.38  -5.968
 17.50  -5.971
 17.63  -5.974
 17.74  -5.977
 17.88  -5.980
 18.01  -5.984
 18.14  -5.987
 18.27  -5.991
 18.38  -5.995
 18.51  -5.999
 18.65  -6.004
 18.78  -6.009
 18.90  -6.014
 19.02  -6.019
 19.14  -6.024
 19.28  -6.030
 19.41  -6.036
 19.53  -6.041
 19.66  -6.047
 19.77  -6.053
 19.91  -6.059
 20.04  -6.065
 20.16  -6.071
 20.29  -6.077
 20.40  -6.083
 20.53  -6.090
 20.66  -6.096
 20.80  -6.103
 20.92  -6.109
 21.04  -6.116
 21.16  -6.123
 21.29  -6.130
 21.43  -6.137
 21.56  -6.144
 21.68  -6.151
 21.79  -6.159
 21.92  -6.166
 22.06  -6.174
 22.19  -6.181
 22.31  -6.189
 22.44  -6.197
 22.56  -6.205
 22.69  -6.213
 22.82  -6.222
 22.94  -6.230
 23.07  -6.239
 23.18  -6.248
 23.32  -6.257
 23.44  -6.266
 23.57  -6.275
 23.69  -6.284
 23.82  -6.293
 23.94  -6.302
 24.07  -6.311
 24.20  -6.320
 24.32  -6.329
 24.44  -6.338
 24.57  -6.347
 24.70  -6.357
 24.83  -6.366
 24.96  -6.375
 25.08  -6.384
 25.20  -6.394
 25.33  -6.403
 25.46  -6.412
 25.59  -6.421
 25.71  -6.430
 25.83  -6.439
 25.95  -6.448
 26.08  -6.457
 26.21  -6.465
 26.34  -6.474
 26.46  -6.482
 26.58  -6.490
 26.71  -6.497
 26.84  -6.504
 26.97  -6.511
 27.09  -6.518
 27.21  -6.525
 27.34  -6.531
 27.47  -6.538
 27.59  -6.545
 27.72  -6.552
 27.84  -6.559
 27.97  -6.566
 28.10  -6.574
 28.22  -6.581
 28.35  -6.588
 28.47  -6.595
 28.60  -6.603
 28.72  -6.610
 28.85  -6.617
 28.98  -6.624
 29.10  -6.631
 29.22  -6.638
 29.34  -6.646
 29.46  -6.653
 29.59  -6.660
 29.71  -6.667
 29.83  -6.675
 29.95  -6.682
 30.07  -6.689
 30.20  -6.697
 30.32  -6.704
 30.44  -6.712
 30.56  -6.720
 30.68  -6.728
 30.80  -6.737
 30.92  -6.746
 31.04  -6.755
 31.16  -6.764
 31.28  -6.773
 31.40  -6.782
 31.52  -6.790
 31.65  -6.799
 31.76  -6.808
 31.88  -6.817
 32.01  -6.825
 32.13  -6.834
 32.25  -6.842
 32.37  -6.851
 32.49  -6.859
 32.61  -6.867
 32.73  -6.876
 32.86  -6.884
 32.98  -6.892
 33.10  -6.900
 33.22  -6.908
 33.34  -6.916
 33.46  -6.924
 33.58  -6.932
 33.71  -6.940
 33.82  -6.948
 33.94  -6.956
 34.07  -6.964
 34.19  -6.972
 34.31  -6.980
 34.43  -6.988
 34.55  -6.996
 34.67  -7.004
 34.79  -7.012
 34.91  -7.020
 35.03  -7.028
 35.15  -7.036
 35.27  -7.043
 35.40  -7.051
 35.52  -7.059
 35.64  -7.066
 35.76  -7.073
 35.88  -7.081
 36.00  -7.088
 36.13  -7.096
 36.25  -7.103
 36.37  -7.111
 36.48  -7.120
 36.60  -7.128
 36.73  -7.137
 36.85  -7.146
 36.97  -7.154
 37.09  -7.163
 37.20  -7.171
 37.32  -7.179
 37.45  -7.187
 37.57  -7.195
 37.69  -7.202
 37.81  -7.209
 37.93  -7.216
 38.05  -7.223
 38.17  -7.229
 38.30  -7.234
 38.42  -7.239
 38.54  -7.244
 38.66  -7.248
 38.78  -7.252
 38.90  -7.255
 39.02  -7.259
 39.14  -7.262
 39.26  -7.265
 39.38  -7.269
 39.51  -7.273
 39.62  -7.277
 39.74  -7.281
 39.87  -7.285
 39.99  -7.288
 40.11  -7.292
 40.23  -7.296
 40.35  -7.300
 40.47  -7.304
 40.59  -7.308
 40.71  -7.312
 40.83  -7.316
 40.96  -7.320
 41.08  -7.325
 41.20  -7.329
 41.32  -7.334
 41.44  -7.338
 41.56  -7.343
 41.68  -7.347
 41.80  -7.352
 41.92  -7.357
 42.04  -7.362
 42.17  -7.368
 42.29  -7.373
 42.41  -7.379
 42.53  -7.385
 42.65  -7.391
 42.77  -7.397
 42.89  -7.403
 43.01  -7.410
 43.13  -7.416
 43.25  -7.423
 43.38  -7.429
 43.50  -7.436
 43.62  -7.442
 43.74  -7.449
 43.85  -7.456
 43.98  -7.463
 44.10  -7.470
 44.22  -7.478
 44.34  -7.486
 44.46  -7.493
 44.58  -7.501
 44.70  -7.509
 44.82  -7.517
 44.94  -7.524
 45.06  -7.532
 45.18  -7.540
 45.30  -7.548
 45.42  -7.555
 45.55  -7.563
 45.67  -7.570
 45.79  -7.577
 45.91  -7.584
 46.03  -7.591
 46.16  -7.597
 46.27  -7.603
 46.39  -7.608
 46.51  -7.613
 46.63  -7.618
 46.76  -7.623
 46.88  -7.628
 46.99  -7.633
 47.11  -7.638
 47.23  -7.643
 47.36  -7.648
 47.48  -7.654
 47.60  -7.659
 47.71  -7.664
 47.84  -7.669
 47.96  -7.675
 48.08  -7.680
 48.20  -7.686
 48.32  -7.692
 48.44  -7.698
 48.56  -7.703
 48.69  -7.709
 48.81  -7.714
 48.93  -7.720
 49.04  -7.725
 49.16  -7.730
 49.29  -7.735
 49.41  -7.739
 49.53  -7.744
 49.65  -7.748
 49.77  -7.752
 49.89  -7.756
 50.01  -7.760
 50.13  -7.763
 50.25  -7.767
 50.37  -7.770
 50.49  -7.773
 50.61  -7.776
 50.74  -7.778
 50.85  -7.781
 50.97  -7.783
 51.09  -7.786
 51.21  -7.788
 51.33  -7.790
 51.45  -7.792
 51.57  -7.794
 51.69  -7.796
 51.81  -7.798
 51.93  -7.800
 52.05  -7.802
 52.17  -7.803
 52.29  -7.805
 52.41  -7.806
 52.53  -7.808
 52.65  -7.809
 52.77  -7.810
 52.89  -7.811
 53.01  -7.813
 53.13  -7.814
 53.25  -7.815
 53.37  -7.816
 53.49  -7.816
 53.61  -7.817
 53.73  -7.818
 53.85  -7.819
 53.97  -7.820
 54.09  -7.821
 54.21  -7.821
 54.33  -7.822
 54.45  -7.823
 54.57  -7.823
 54.69  -7.824
 54.81  -7.824
 54.93  -7.825
 55.04  -7.825
 55.17  -7.826
 55.29  -7.826
 55.41  -7.827
 55.53  -7.827
 55.64  -7.827
 55.77  -7.827
 55.89  -7.828
 56.00  -7.828
 56.12  -7.828
 56.24  -7.828
 56.36  -7.828
 56.49  -7.828
 56.61  -7.828
 56.73  -7.828
 56.85  -7.828
 56.96  -7.828
 57.08  -7.828
 57.20  -7.828
 57.33  -7.828
 57.44  -7.828
 57.56  -7.828
 57.68  -7.828
 57.80  -7.828
 57.93  -7.828
 58.04  -7.828
 58.16  -7.828
 58.28  -7.828
 58.40  -7.828
 58.53  -7.828
 58.64  -7.828
 58.76  -7.828
 58.88  -7.828
 59.00  -7.827
 59.12  -7.827
 59.24  -7.827
 59.36  -7.827
 59.48  -7.827
 59.60  -7.827
 59.72  -7.827
 59.84  -7.826
 59.96  -7.826
 60.08  -7.826
 60.19  -7.826
 60.31  -7.825
 60.43  -7.825
 60.55  -7.824
 60.67  -7.824
 60.79  -7.824
 60.91  -7.823
 61.03  -7.823
 61.15  -7.822
 61.27  -7.822
 61.39  -7.821
 61.51  -7.821
 61.63  -7.820
 61.75  -7.819
 61.87  -7.819
 61.99  -7.818
 62.10  -7.817
 62.22  -7.817
 62.34  -7.816
 62.46  -7.815
 62.58  -7.814
 62.70  -7.813
 62.82  -7.813
 62.94  -7.812
 63.06  -7.811
 63.18  -7.810
 63.30  -7.809
 63.41  -7.808
 63.53  -7.807
 63.65  -7.806
 63.77  -7.805
 63.89  -7.804
 64.01  -7.803
 64.12  -7.801
 64.24  -7.800
 64.36  -7.799
 64.48  -7.798
 64.60  -7.797
 64.72  -7.795
 64.84  -7.794
 64.96  -7.793
 65.08  -7.792
 65.20  -7.790
 65.32  -7.789
 65.44  -7.787
 65.55  -7.786
 65.67  -7.784
 65.79  -7.783
 65.91  -7.781
 66.02  -7.779
 66.14  -7.778
 66.26  -7.776
 66.37  -7.774
 66.49  -7.773
 66.60  -7.771
 66.72  -7.769
 66.83  -7.767
 66.95  -7.766
 67.07  -7.764
 67.18  -7.762
 67.30  -7.760
 67.41  -7.759
 67.53  -7.757
 67.64  -7.755
 67.76  -7.754
 67.88  -7.752
 67.99  -7.750
 68.11  -7.748
 68.22  -7.746
 68.34  -7.745
 68.46  -7.743
 68.57  -7.741
 68.68  -7.739
 68.80  -7.737
 68.92  -7.736
 69.04  -7.734
 69.15  -7.732
 69.26  -7.730
 69.38  -7.728
 69.49  -7.726
 69.61  -7.725
 69.72  -7.723
 69.84  -7.721
 69.95  -7.719
 70.07  -7.717
 70.18  -7.715
 70.30  -7.713
 70.42  -7.711
 70.53  -7.709
 70.65  -7.707
 70.77  -7.705
 70.88  -7.703
 71.00  -7.701
 71.11  -7.698
 71.23  -7.696
 71.35  -7.694
 71.46  -7.691
 71.58  -7.689
 71.69  -7.687
 71.81  -7.684
 71.92  -7.682
 72.04  -7.679
 72.16  -7.677
 72.28  -7.675
 72.39  -7.672
 72.51  -7.670
 72.63  -7.667
 72.75  -7.665
 72.86  -7.662
 72.98  -7.660
 73.10  -7.657
 73.21  -7.655
 73.33  -7.653
 73.45  -7.650
 73.56  -7.648
 73.68  -7.645
 73.79  -7.643
 73.91  -7.640
 74.03  -7.638
 74.15  -7.635
 74.26  -7.633
 74.38  -7.630
 74.49  -7.627
 74.61  -7.625
 74.73  -7.622
 74.84  -7.620
 74.96  -7.617
 75.08  -7.615
 75.19  -7.612
 75.31  -7.609
 75.43  -7.607
 75.54  -7.604
 75.66  -7.602
 75.78  -7.599
 75.89  -7.596
 76.01  -7.593
 76.13  -7.591
 76.24  -7.588
 76.36  -7.585
 76.48  -7.582
 76.60  -7.579
 76.71  -7.575
 76.83  -7.572
 76.94  -7.569
 77.06  -7.566
 77.18  -7.562
 77.29  -7.559
 77.41  -7.556
 77.53  -7.552
 77.64  -7.549
 77.76  -7.546
 77.88  -7.542
 78.00  -7.539
 78.11  -7.536
 78.23  -7.533
 78.35  -7.530
 78.46  -7.527
 78.58  -7.525
 78.69  -7.522
 78.81  -7.519
 78.93  -7.517
 79.04  -7.514
 79.16  -7.512
 79.28  -7.509
 79.39  -7.507
 79.51  -7.504
 79.63  -7.502
 79.75  -7.499
 79.86  -7.496
 79.98  -7.494
 80.10  -7.491
 80.21  -7.488
 80.33  -7.486
 80.45  -7.483
 80.56  -7.480
 80.68  -7.477
 80.80  -7.474
 80.91  -7.471
 81.03  -7.468
 81.15  -7.465
 81.26  -7.462
 81.38  -7.459
 81.50  -7.456
 81.61  -7.453
 81.73  -7.450
 81.85  -7.447
 81.96  -7.444
 82.08  -7.442
 82.20  -7.439
 82.32  -7.436
 82.43  -7.434
 82.55  -7.431
 82.67  -7.428
 82.78  -7.426
 82.90  -7.423
 83.01  -7.421
 83.13  -7.418
 83.25  -7.415
 83.36  -7.413
 83.49  -7.410
 83.60  -7.407
 83.72  -7.404
 83.84  -7.401
 83.95  -7.398
 84.07  -7.394
 84.19  -7.391
 84.31  -7.387
 84.43  -7.383
 84.54  -7.380
 84.65  -7.376
 84.77  -7.372
 84.89  -7.369
 85.01  -7.365
 85.12  -7.361
 85.24  -7.358
 85.36  -7.354
 85.48  -7.350
 85.60  -7.347
 85.71  -7.344
 85.83  -7.340
 85.94  -7.337
 86.06  -7.334
 86.18  -7.332
 86.29  -7.329
 86.41  -7.326
 86.53  -7.323
 86.64  -7.321
 86.76  -7.318
 86.88  -7.315
 87.00  -7.312
 87.12  -7.309
 87.23  -7.307
 87.35  -7.304
 87.47  -7.301
 87.59  -7.299
 87.70  -7.296
 87.82  -7.293
 87.94  -7.291
 88.05  -7.288
 88.17  -7.285
 88.29  -7.283
 88.40  -7.280
 88.52  -7.277
 88.64  -7.274
 88.76  -7.272
 88.88  -7.269
 88.99  -7.266
 89.11  -7.263
 89.23  -7.260
 89.34  -7.257
 89.46  -7.253
 89.58  -7.250
 89.70  -7.246
 89.81  -7.242
 89.93  -7.238
 90.05  -7.234
 90.17  -7.230
 90.28  -7.225
 90.40  -7.221
 90.52  -7.217
 90.63  -7.212
 90.75  -7.208
 90.87  -7.204
 90.98  -7.199
 91.10  -7.195
 91.22  -7.191
 91.34  -7.187
 91.45  -7.183
 91.57  -7.180
 91.69  -7.176
 91.80  -7.173
 91.92  -7.170
 92.04  -7.166
 92.16  -7.163
 92.28  -7.160
 92.39  -7.157
 92.51  -7.154
 92.63  -7.150
 92.74  -7.147
 92.86  -7.144
 92.98  -7.140
 93.10  -7.137
 93.22  -7.134
 93.33  -7.130
 93.45  -7.127
 93.56  -7.123
 93.68  -7.119
 93.80  -7.116
 93.92  -7.112
 94.04  -7.108
 94.15  -7.104
 94.27  -7.101
 94.39  -7.097
 94.51  -7.093
 94.63  -7.089
 94.74  -7.085
 94.86  -7.082
 94.98  -7.078
 95.10  -7.074
 95.22  -7.070
 95.33  -7.066
 95.45  -7.061
 95.57  -7.057
 95.69  -7.053
 95.80  -7.049
 95.92  -7.045
 96.04  -7.041
 96.15  -7.037
 96.27  -7.032
 96.39  -7.028
 96.51  -7.024
 96.62  -7.020
 96.74  -7.016
 96.85  -7.012
 96.97  -7.009
 97.09  -7.005
 97.20  -7.001
 97.32  -6.998
 97.44  -6.995
 97.55  -6.991
 97.67  -6.988
 97.79  -6.985
 97.90  -6.982
 98.02  -6.979
 98.14  -6.976
 98.26  -6.973
 98.38  -6.970
 98.49  -6.967
 98.61  -6.964
 98.73  -6.961
 98.84  -6.958
 98.96  -6.955
 99.08  -6.952
 99.20  -6.949
 99.31  -6.946
 99.43  -6.943
 99.55  -6.940
 99.67  -6.937
 99.79  -6.934
 99.90  -6.931
100.02  -6.928
100.14  -6.925
100.25  -6.922
100.37  -6.919
100.49  -6.916
100.60  -6.913
100.72  -6.909
100.84  -6.906
100.96  -6.902
101.07  -6.899
101.19  -6.895
101.30  -6.891
101.42  -6.888
101.54  -6.884
101.65  -6.880
101.77  -6.876
101.88  -6.872
102.00  -6.869
102.11  -6.865
102.23  -6.861
102.34  -6.857
102.45  -6.854
102.57  -6.850
102.68  -6.847
102.79  -6.844
102.91  -6.841
103.02  -6.838
103.14  -6.835
103.25  -6.832
103.36  -6.829
103.48  -6.826
103.59  -6.823
103.70  -6.820
103.82  -6.817
103.93  -6.814
104.04  -6.811
104.16  -6.807
104.27  -6.804
104.38  -6.801
104.49  -6.797
104.61  -6.794
104.72  -6.790
104.84  -6.786
104.95  -6.782
105.07  -6.778
105.18  -6.775
105.29  -6.771
105.40  -6.767
105.52  -6.763
105.63  -6.759
105.74  -6.755
105.86  -6.751
105.97  -6.747
106.08  -6.743
106.19  -6.739
106.31  -6.736
106.42  -6.732
106.54  -6.728
106.65  -6.725
106.76  -6.721
106.88  -6.718
106.99  -6.714
107.11  -6.711
107.22  -6.707
107.33  -6.704
107.45  -6.700
107.56  -6.697
107.67  -6.693
107.79  -6.690
107.90  -6.687
108.01  -6.683
108.13  -6.680
108.24  -6.677
108.36  -6.674
108.47  -6.670
108.58  -6.667
108.70  -6.664
108.81  -6.661
108.92  -6.657
109.04  -6.654
109.15  -6.651
109.27  -6.648
109.38  -6.645
109.49  -6.642
109.61  -6.639
109.72  -6.635
109.84  -6.632
109.95  -6.629
110.06  -6.625
110.18  -6.622
110.29  -6.618
110.41  -6.615
110.52  -6.611
110.63  -6.608
110.75  -6.604
110.86  -6.601
110.97  -6.597
111.09  -6.594
111.20  -6.590
111.31  -6.586
111.43  -6.583
111.54  -6.579
111.66  -6.576
111.77  -6.573
111.88  -6.569
112.00  -6.566
112.11  -6.563
112.23  -6.560
112.34  -6.556
112.45  -6.553
112.56  -6.550
112.68  -6.547
112.79  -6.543
112.91  -6.540
113.02  -6.537
113.13  -6.533
113.25  -6.530
113.36  -6.526
113.48  -6.523
113.59  -6.519
113.70  -6.515
113.82  -6.512
113.93  -6.508
114.05  -6.504
114.16  -6.500
114.27  -6.496
114.39  -6.492
114.50  -6.488
114.62  -6.484
114.73  -6.480
114.84  -6.476
114.95  -6.472
115.07  -6.468
115.18  -6.464
115.30  -6.460
115.41  -6.456
115.52  -6.452
115.64  -6.448
115.75  -6.444
115.86  -6.440
115.98  -6.436
116.09  -6.433
116.20  -6.429
116.32  -6.425
116.43  -6.421
116.55  -6.417
116.66  -6.413
116.77  -6.409
116.89  -6.406
117.00  -6.402
117.12  -6.398
117.24  -6.395
117.35  -6.392
117.46  -6.389
117.57  -6.386
117.69  -6.382
117.80  -6.379
117.92  -6.376
118.03  -6.373
118.14  -6.370
118.26  -6.367
118.37  -6.363
118.49  -6.360
118.60  -6.357
118.71  -6.353
118.82  -6.349
118.94  -6.345
119.06  -6.341
119.17  -6.336
119.28  -6.331
119.39  -6.325
119.51  -6.320
119.62  -6.315
119.74  -6.309
119.85  -6.304
119.96  -6.298
120.08  -6.292
120.19  -6.287
120.31  -6.281
120.42  -6.276
120.54  -6.271
120.65  -6.266
120.76  -6.261
120.88  -6.257
120.99  -6.253
121.11  -6.249
121.22  -6.245
121.33  -6.242
121.45  -6.238
121.56  -6.235
121.68  -6.232
121.79  -6.228
121.90  -6.225
122.02  -6.222
122.13  -6.218
122.25  -6.215
122.36  -6.212
122.47  -6.208
122.59  -6.205
122.70  -6.201
122.82  -6.197
122.93  -6.193
123.04  -6.189
123.16  -6.185
123.27  -6.181
123.39  -6.176
123.50  -6.172
123.61  -6.168
123.73  -6.164
123.84  -6.160
123.95  -6.155
124.07  -6.151
124.19  -6.147
124.30  -6.143
124.41  -6.139
124.53  -6.135
124.64  -6.131
124.76  -6.127
124.87  -6.123
124.98  -6.119
125.09  -6.115
125.21  -6.111
125.33  -6.107
125.44  -6.103
125.55  -6.100
125.67  -6.096
125.78  -6.092
125.90  -6.088
126.01  -6.084
126.12  -6.080
126.24  -6.076
126.35  -6.072
126.47  -6.068
126.58  -6.064
126.69  -6.060
126.81  -6.056
126.92  -6.052
127.04  -6.048
127.15  -6.044
127.26  -6.040
127.38  -6.036
127.49  -6.031
127.60  -6.027
127.72  -6.023
127.83  -6.019
127.94  -6.015
128.06  -6.011
128.17  -6.006
128.29  -6.002
128.40  -5.997
128.52  -5.993
128.63  -5.988
128.74  -5.983
128.85  -5.979
128.97  -5.974
129.08  -5.970
129.19  -5.965
129.31  -5.960
129.42  -5.956
129.53  -5.951
129.65  -5.947
129.76  -5.942
129.88  -5.937
129.99  -5.933
130.10  -5.928
130.22  -5.923
130.33  -5.919
130.45  -5.914
130.56  -5.909
130.67  -5.905
130.78  -5.900
130.90  -5.895
131.01  -5.891
131.13  -5.886
131.24  -5.881
131.35  -5.877
131.47  -5.872
131.58  -5.868
131.69  -5.864
131.80  -5.860
131.92  -5.856
132.03  -5.853
132.15  -5.849
132.26  -5.845
132.37  -5.842
132.48  -5.838
132.60  -5.835
132.71  -5.831
132.82  -5.827
132.94  -5.824
133.05  -5.820
133.16  -5.816
133.28  -5.812
133.39  -5.808
133.50  -5.804
133.61  -5.799
133.73  -5.794
133.84  -5.789
133.95  -5.783
134.07  -5.778
134.18  -5.772
134.29  -5.767
134.41  -5.761
134.52  -5.755
134.63  -5.749
134.75  -5.744
134.86  -5.738
134.97  -5.732
135.09  -5.726
135.20  -5.721
135.31  -5.715
135.43  -5.710
135.54  -5.704
135.65  -5.699
135.77  -5.694
135.88  -5.689
135.99  -5.684
136.10  -5.679
136.22  -5.674
136.33  -5.669
136.44  -5.664
136.55  -5.659
136.66  -5.653
136.77  -5.648
136.88  -5.644
137.00  -5.639
137.11  -5.634
137.22  -5.629
137.33  -5.624
137.44  -5.619
137.55  -5.614
137.66  -5.609
137.77  -5.604
137.88  -5.599
137.98  -5.595
138.10  -5.590
138.21  -5.585
138.32  -5.580
138.43  -5.576
138.53  -5.571
138.65  -5.566
138.76  -5.562
138.87  -5.557
138.98  -5.552
139.09  -5.547
139.20  -5.542
139.31  -5.537
139.42  -5.532
139.53  -5.527
139.64  -5.523
139.75  -5.518
139.86  -5.513
139.97  -5.509
140.08  -5.504
140.19  -5.500
140.30  -5.495
140.41  -5.491
140.52  -5.486
140.63  -5.481
140.74  -5.476
140.85  -5.470
140.96  -5.464
141.07  -5.458
141.19  -5.452
141.30  -5.446
141.41  -5.440
141.52  -5.434
141.63  -5.428
141.74  -5.422
141.85  -5.416
141.96  -5.410
142.07  -5.404
142.18  -5.398
142.30  -5.393
142.41  -5.388
142.52  -5.383
142.63  -5.379
142.74  -5.375
142.85  -5.371
142.96  -5.367
143.07  -5.363
143.18  -5.359
143.29  -5.356
143.40  -5.352
143.51  -5.348
143.63  -5.344
143.74  -5.340
143.85  -5.336
143.96  -5.332
144.07  -5.327
144.18  -5.323
144.29  -5.317
144.40  -5.311
144.51  -5.305
144.62  -5.298
144.73  -5.292
144.84  -5.285
144.95  -5.278
145.06  -5.271
145.17  -5.264
145.28  -5.257
145.40  -5.250
145.51  -5.243
145.62  -5.236
145.73  -5.230
145.84  -5.223
145.95  -5.216
146.06  -5.210
146.17  -5.203
146.28  -5.197
146.39  -5.191
146.50  -5.185
146.62  -5.179
146.73  -5.174
146.84  -5.168
146.95  -5.162
147.06  -5.156
147.17  -5.151
147.28  -5.145
147.39  -5.139
147.50  -5.134
147.61  -5.128
147.73  -5.123
147.84  -5.117
147.95  -5.112
148.06  -5.106
148.17  -5.101
148.28  -5.096
148.39  -5.091
148.50  -5.085
148.61  -5.080
148.72  -5.075
148.83  -5.070
148.94  -5.065
149.06  -5.060
149.17  -5.055
149.28  -5.050
149.39  -5.045
149.50  -5.041
149.61  -5.036
149.72  -5.031
149.83  -5.026
149.95  -5.021
150.06  -5.017
150.17  -5.012
150.28  -5.007
150.39  -5.003
150.50  -4.998
150.61  -4.993
150.72  -4.988
150.84  -4.984
150.95  -4.979
151.06  -4.974
151.17  -4.969
151.28  -4.965
151.39  -4.960
151.51  -4.955
151.62  -4.950
151.73  -4.945
151.84  -4.939
151.95  -4.934
152.06  -4.929
152.18  -4.924
152.28  -4.919
152.40  -4.914
152.51  -4.909
152.62  -4.904
152.73  -4.898
152.84  -4.893
152.95  -4.888
153.06  -4.883
153.17  -4.877
153.29  -4.872
153.40  -4.867
153.51  -4.862
153.62  -4.856
153.73  -4.851
153.84  -4.846
153.95  -4.841
154.06  -4.835
154.17  -4.830
154.28  -4.825
154.40  -4.820
154.51  -4.814
154.62  -4.809
154.73  -4.804
154.84  -4.799
154.95  -4.794
155.07  -4.789
155.18  -4.785
155.29  -4.780
155.40  -4.775
155.51  -4.771
155.62  -4.766
155.74  -4.761
155.84  -4.757
155.95  -4.752
156.07  -4.747
156.18  -4.742
156.29  -4.738
156.40  -4.733
156.51  -4.728
156.63  -4.724
156.73  -4.719
156.85  -4.714
156.96  -4.709
157.07  -4.705
157.18  -4.700
157.29  -4.695
157.40  -4.690
157.52  -4.685
157.62  -4.680
157.73  -4.676
157.85  -4.671
157.96  -4.666
158.07  -4.661
158.18  -4.656
158.29  -4.650
158.40  -4.645
158.51  -4.639
158.63  -4.633
158.74  -4.626
158.85  -4.620
158.96  -4.614
159.07  -4.607
159.18  -4.601
159.30  -4.594
159.41  -4.588
159.63  -4.577
159.74  -4.571
159.86  -4.565
159.97  -4.559
160.08  -4.554
160.19  -4.548
160.30  -4.542
160.41  -4.536
160.52  -4.530
160.63  -4.525
160.74  -4.519
160.85  -4.513
160.97  -4.508
161.08  -4.502
161.19  -4.497
161.30  -4.492
161.41  -4.486
161.53  -4.481
161.64  -4.476
161.75  -4.471
161.86  -4.465
161.97  -4.460
162.08  -4.456
162.19  -4.451
162.31  -4.446
162.42  -4.441
162.53  -4.436
162.64  -4.432
162.75  -4.427
162.86  -4.422
162.97  -4.418
163.09  -4.413
163.20  -4.409
163.31  -4.404
163.42  -4.399
163.53  -4.395
163.64  -4.390
163.76  -4.385
163.87  -4.380
163.98  -4.375
164.09  -4.370
164.20  -4.365
164.31  -4.359
164.43  -4.354
164.54  -4.349
164.65  -4.343
164.76  -4.338
164.87  -4.333
164.98  -4.327
165.09  -4.322
165.21  -4.317
165.32  -4.312
165.43  -4.306
165.54  -4.301
165.65  -4.296
165.77  -4.291
165.88  -4.287
165.99  -4.282
166.10  -4.277
166.21  -4.272
166.33  -4.268
166.44  -4.263
166.55  -4.258
166.66  -4.254
166.77  -4.249
166.88  -4.244
167.00  -4.240
167.11  -4.236
167.22  -4.231
167.33  -4.227
167.44  -4.222
167.55  -4.218
167.66  -4.214
167.78  -4.210
167.89  -4.206
168.00  -4.202
168.11  -4.198
168.23  -4.194
168.33  -4.190
168.45  -4.186
168.56  -4.182
168.67  -4.178
168.78  -4.174
168.89  -4.170
169.00  -4.166
169.11  -4.163
169.23  -4.159
169.34  -4.155
169.45  -4.151
169.56  -4.147
169.67  -4.144
169.79  -4.140
169.90  -4.136
170.01  -4.133
170.12  -4.129
170.23  -4.125
170.34  -4.122
170.44  -4.118
170.55  -4.115
170.66  -4.111
170.77  -4.108
170.88  -4.104
170.98  -4.101
171.09  -4.098
171.20  -4.094
171.31  -4.091
171.42  -4.088
171.53  -4.084
171.64  -4.081
171.74  -4.078
171.85  -4.075
171.96  -4.072
172.07  -4.068
172.18  -4.065
172.28  -4.062
172.39  -4.059
172.50  -4.056
172.61  -4.053
172.72  -4.050
172.82  -4.047
172.93  -4.044
173.04  -4.041
173.15  -4.038
173.26  -4.035
173.37  -4.032
173.47  -4.029
173.58  -4.026
173.69  -4.023
173.80  -4.020
173.91  -4.017
174.01  -4.014
174.12  -4.011
174.23  -4.008
174.34  -4.005
174.45  -4.001
174.56  -3.998
174.67  -3.994
174.78  -3.991
174.89  -3.987
174.99  -3.984
175.10  -3.980
175.21  -3.976
175.32  -3.973
175.43  -3.969
175.54  -3.965
175.64  -3.962
175.75  -3.958
175.86  -3.954
175.97  -3.951
176.08  -3.947
176.19  -3.944
176.30  -3.940
176.41  -3.937
176.52  -3.933
176.63  -3.930
176.74  -3.927
176.84  -3.923
176.95  -3.920
177.06  -3.916
177.17  -3.913
177.28  -3.909
177.39  -3.906
177.50  -3.902
177.61  -3.899
177.72  -3.895
177.83  -3.892
177.93  -3.888
178.04  -3.884
178.15  -3.881
178.26  -3.877
178.37  -3.873
178.48  -3.869
178.59  -3.865
178.70  -3.861
178.80  -3.857
178.91  -3.853
179.02  -3.849
179.13  -3.845
179.24  -3.841
179.35  -3.837
179.46  -3.833
179.56  -3.829
179.67  -3.825
179.78  -3.821
179.89  -3.816
180.00  -3.812
180.11  -3.808
180.22  -3.803
180.33  -3.799
180.43  -3.795
180.54  -3.790
180.65  -3.786
180.76  -3.781
180.87  -3.777
180.98  -3.773
181.09  -3.768
181.20  -3.764
181.31  -3.760
181.42  -3.755
181.53  -3.751
181.64  -3.747
181.74  -3.743
181.85  -3.739
181.96  -3.735
182.07  -3.731
182.18  -3.727
182.29  -3.723
182.40  -3.719
182.51  -3.715
182.62  -3.711
182.73  -3.707
182.83  -3.703
182.94  -3.699
183.05  -3.695
183.16  -3.691
183.27  -3.687
183.38  -3.683
183.49  -3.679
183.60  -3.675
183.71  -3.671
183.81  -3.667
183.92  -3.663
184.03  -3.659
184.14  -3.654
184.25  -3.650
184.36  -3.646
184.47  -3.642
184.58  -3.638
184.68  -3.634
184.79  -3.630
184.90  -3.625
185.01  -3.621
185.12  -3.617
185.23  -3.612
185.34  -3.608
185.45  -3.603
185.56  -3.599
185.67  -3.594
185.78  -3.590
185.89  -3.586
185.99  -3.581
186.11  -3.577
186.21  -3.572
186.32  -3.568
186.43  -3.563
186.54  -3.559
186.65  -3.555
186.76  -3.550
186.87  -3.546
186.98  -3.542
187.09  -3.537
187.20  -3.533
187.31  -3.529
187.42  -3.525
187.52  -3.520
187.63  -3.516
187.74  -3.512
187.86  -3.508
187.96  -3.504
188.07  -3.500
188.18  -3.495
188.29  -3.491
188.40  -3.487
188.51  -3.483
188.61  -3.479
188.72  -3.475
188.83  -3.471
188.95  -3.467
189.05  -3.463
189.16  -3.459
189.27  -3.455
189.38  -3.452
189.49  -3.448
189.60  -3.444
189.71  -3.440
189.82  -3.436
189.93  -3.432
190.04  -3.429
190.15  -3.425
190.26  -3.421
190.37  -3.418
190.47  -3.414
190.58  -3.410
190.69  -3.407
190.80  -3.403
190.91  -3.399
191.02  -3.396
191.12  -3.392
191.23  -3.388
191.34  -3.385
191.45  -3.381
191.56  -3.378
191.67  -3.374
191.78  -3.371
191.89  -3.367
192.00  -3.364
192.11  -3.360
192.21  -3.357
192.32  -3.353
192.43  -3.350
192.54  -3.346
192.65  -3.343
192.76  -3.339
192.86  -3.336
192.98  -3.332
193.08  -3.329
193.19  -3.325
193.30  -3.322
193.41  -3.318
193.52  -3.314
193.63  -3.311
193.74  -3.307
193.85  -3.303
193.95  -3.299
194.06  -3.295
194.17  -3.291
194.28  -3.287
194.39  -3.283
194.50  -3.279
194.61  -3.274
194.72  -3.270
194.83  -3.266
194.94  -3.262
195.05  -3.258
195.16  -3.254
195.26  -3.250
195.37  -3.246
195.48  -3.243
195.59  -3.240
195.70  -3.237
195.81  -3.234
195.91  -3.231
196.02  -3.228
196.14  -3.225
196.24  -3.222
196.35  -3.219
196.46  -3.216
196.57  -3.213
196.68  -3.210
196.79  -3.207
196.90  -3.204
197.00  -3.201
197.11  -3.198
197.22  -3.194
197.33  -3.190
197.44  -3.187
197.55  -3.183
197.66  -3.179
197.77  -3.175
197.88  -3.171
197.99  -3.167
198.09  -3.163
198.20  -3.159
198.31  -3.154
198.42  -3.150
198.53  -3.146
198.64  -3.142
198.74  -3.139
198.85  -3.135
198.96  -3.132
199.07  -3.128
199.18  -3.125
199.29  -3.122
199.40  -3.119
199.50  -3.116
199.61  -3.113
199.72  -3.110
199.83  -3.107
199.93  -3.104
200.04  -3.101
200.15  -3.098
200.26  -3.095
200.37  -3.092
200.48  -3.088
200.59  -3.085
200.70  -3.081
200.80  -3.078
200.91  -3.074
201.02  -3.070
201.13  -3.066
201.24  -3.063
201.35  -3.059
201.45  -3.055
201.56  -3.051
201.67  -3.048
201.78  -3.044
201.89  -3.040
201.99  -3.037
202.10  -3.033
202.21  -3.030
202.32  -3.027
202.43  -3.024
202.54  -3.020
202.65  -3.017
202.75  -3.014
202.86  -3.011
202.97  -3.008
203.08  -3.006
203.18  -3.003
203.29  -3.000
203.39  -2.997
203.50  -2.994
203.60  -2.991
203.71  -2.987
203.81  -2.984
203.92  -2.981
204.02  -2.977
204.13  -2.973
204.24  -2.969
204.34  -2.965
204.45  -2.960
204.55  -2.956
204.66  -2.952
204.76  -2.947
204.87  -2.942
204.97  -2.938
205.08  -2.933
205.19  -2.929
205.29  -2.924
205.40  -2.919
205.50  -2.915
205.61  -2.910
205.71  -2.906
205.82  -2.902
205.93  -2.898
206.03  -2.894
206.14  -2.890
206.24  -2.887
206.35  -2.883
206.46  -2.879
206.56  -2.875
206.67  -2.871
206.77  -2.867
206.87  -2.863
206.98  -2.859
207.09  -2.855
207.19  -2.851
207.30  -2.847
207.40  -2.843
207.51  -2.838
207.62  -2.834
207.72  -2.829
207.82  -2.825
207.93  -2.820
208.04  -2.816
208.15  -2.811
208.25  -2.807
208.36  -2.802
208.46  -2.797
208.57  -2.793
208.67  -2.788
208.78  -2.784
208.89  -2.779
208.99  -2.775
209.10  -2.770
209.20  -2.766
209.31  -2.762
209.42  -2.757
209.52  -2.753
209.63  -2.749
209.73  -2.744
209.84  -2.740
209.95  -2.736
210.05  -2.732
210.16  -2.728
210.27  -2.723
210.38  -2.719
210.48  -2.715
210.59  -2.710
210.69  -2.706
210.80  -2.701
210.91  -2.696
211.01  -2.691
211.12  -2.686
211.22  -2.681
211.33  -2.676
211.44  -2.671
211.54  -2.666
211.65  -2.661
211.75  -2.656
211.86  -2.650
211.97  -2.645
212.07  -2.640
212.18  -2.634
212.28  -2.629
212.39  -2.624
212.50  -2.619
212.61  -2.615
212.71  -2.611
212.82  -2.606
212.92  -2.602
213.03  -2.598
213.14  -2.594
213.24  -2.590
213.35  -2.586
213.46  -2.582
213.56  -2.578
213.67  -2.574
213.78  -2.570
213.89  -2.566
213.99  -2.562
214.10  -2.558
214.21  -2.554
214.32  -2.550
214.42  -2.546
214.53  -2.541
214.64  -2.537
214.74  -2.532
214.85  -2.528
214.96  -2.524
215.07  -2.519
215.17  -2.515
215.28  -2.511
215.39  -2.506
215.49  -2.502
215.60  -2.497
215.71  -2.493
215.81  -2.489
215.92  -2.484
216.03  -2.479
216.14  -2.475
216.25  -2.470
216.35  -2.465
216.46  -2.461
216.57  -2.456
216.68  -2.451
216.79  -2.447
216.89  -2.442
217.00  -2.437
217.10  -2.432
217.21  -2.428
217.32  -2.423
217.43  -2.419
217.53  -2.414
217.64  -2.410
217.75  -2.405
217.85  -2.401
217.96  -2.397
218.07  -2.393
218.18  -2.389
218.29  -2.385
218.39  -2.381
218.50  -2.377
218.61  -2.373
218.71  -2.369
218.82  -2.365
218.93  -2.361
219.03  -2.357
219.14  -2.353
219.25  -2.349
219.36  -2.344
219.47  -2.340
219.57  -2.336
219.68  -2.332
219.79  -2.327
219.90  -2.323
220.00  -2.319
220.11  -2.315
220.22  -2.310
220.32  -2.306
220.43  -2.302
220.54  -2.297
220.65  -2.293
220.75  -2.289
220.86  -2.285
220.97  -2.280
221.08  -2.276
221.18  -2.273
221.29  -2.269
221.40  -2.265
221.50  -2.261
221.61  -2.257
221.72  -2.254
221.83  -2.250
221.94  -2.247
222.04  -2.243
222.15  -2.240
222.26  -2.236
222.37  -2.233
222.48  -2.229
222.58  -2.226
222.69  -2.222
222.80  -2.218
222.91  -2.214
223.02  -2.210
223.12  -2.205
223.23  -2.201
223.34  -2.197
223.45  -2.192
223.55  -2.188
223.66  -2.183
223.77  -2.178
223.87  -2.173
223.98  -2.168
224.09  -2.164
224.20  -2.159
224.30  -2.154
224.41  -2.150
224.52  -2.145
224.63  -2.141
224.73  -2.137
224.84  -2.133
224.95  -2.130
225.06  -2.126
225.17  -2.122
225.28  -2.119
225.38  -2.115
225.49  -2.111
225.60  -2.108
225.71  -2.104
225.82  -2.101
225.92  -2.097
226.03  -2.093
226.14  -2.090
226.25  -2.086
226.36  -2.082
226.46  -2.077
226.57  -2.073
226.68  -2.069
226.79  -2.064
226.90  -2.060
227.01  -2.056
227.11  -2.051
227.22  -2.047
227.33  -2.043
227.44  -2.039
227.55  -2.034
227.65  -2.030
227.76  -2.026
227.87  -2.022
227.98  -2.018
228.09  -2.014
228.19  -2.010
228.30  -2.005
228.41  -2.001
228.52  -1.997
228.63  -1.993
228.73  -1.989
228.84  -1.985
228.95  -1.981
229.06  -1.977
229.17  -1.973
229.27  -1.969
229.38  -1.966
229.49  -1.962
229.59  -1.958
229.71  -1.954
229.81  -1.950
229.92  -1.947
230.03  -1.943
230.14  -1.939
230.24  -1.936
230.35  -1.932
230.46  -1.928
230.56  -1.925
230.68  -1.921
230.78  -1.918
230.89  -1.914
231.00  -1.910
231.10  -1.907
231.21  -1.903
231.32  -1.899
231.43  -1.895
231.53  -1.891
231.64  -1.887
231.75  -1.882
231.86  -1.878
231.97  -1.874
232.07  -1.869
232.18  -1.865
232.29  -1.860
232.39  -1.856
232.51  -1.851
232.61  -1.847
232.72  -1.843
232.82  -1.838
232.93  -1.834
233.04  -1.829
233.15  -1.824
233.26  -1.820
233.36  -1.815
233.47  -1.811
233.58  -1.806
233.69  -1.802
233.79  -1.797
233.90  -1.793
234.01  -1.788
234.12  -1.784
234.23  -1.780
234.33  -1.775
234.44  -1.771
234.55  -1.766
234.66  -1.762
234.76  -1.758
234.87  -1.754
234.97  -1.750
235.07  -1.746
235.18  -1.742
235.28  -1.738
235.39  -1.734
235.49  -1.731
235.60  -1.727
235.70  -1.723
235.80  -1.719
235.91  -1.716
236.01  -1.712
236.11  -1.708
236.21  -1.705
236.32  -1.701
236.43  -1.697
236.53  -1.693
236.63  -1.690
236.74  -1.686
236.84  -1.682
236.94  -1.678
237.05  -1.673
237.15  -1.669
237.26  -1.665
237.36  -1.661
237.46  -1.657
237.57  -1.653
237.67  -1.648
237.77  -1.644
237.88  -1.640
237.98  -1.635
238.09  -1.631
238.19  -1.626
238.29  -1.621
238.40  -1.616
238.50  -1.611
238.61  -1.606
238.71  -1.601
238.82  -1.596
238.92  -1.591
239.02  -1.586
239.13  -1.581
239.24  -1.576
239.34  -1.571
239.44  -1.566
239.55  -1.561
239.65  -1.556
239.76  -1.552
239.86  -1.547
239.97  -1.543
240.07  -1.538
240.18  -1.534
240.28  -1.530
240.39  -1.526
240.49  -1.522
240.60  -1.518
240.70  -1.514
240.81  -1.511
240.91  -1.507
241.02  -1.503
241.12  -1.500
241.22  -1.496
241.33  -1.493
241.44  -1.489
241.54  -1.485
241.64  -1.481
241.75  -1.477
241.85  -1.473
241.96  -1.469
242.06  -1.465
242.17  -1.460
242.27  -1.456
242.38  -1.452
242.48  -1.448
242.59  -1.444
242.69  -1.439
242.79  -1.435
242.90  -1.431
243.01  -1.427
243.11  -1.423
243.22  -1.419
243.32  -1.415
243.42  -1.411
243.53  -1.407
243.64  -1.403
243.74  -1.399
243.85  -1.395
243.95  -1.391
244.06  -1.388
244.16  -1.384
244.27  -1.380
244.37  -1.376
244.47  -1.372
244.58  -1.368
244.68  -1.365
244.79  -1.361
244.89  -1.357
245.00  -1.353
245.10  -1.349
245.21  -1.345
245.32  -1.342
245.42  -1.338
245.53  -1.334
245.63  -1.330
245.74  -1.326
245.84  -1.323
245.95  -1.319
246.05  -1.315
246.16  -1.311
246.26  -1.307
246.37  -1.304
246.47  -1.300
246.58  -1.297
246.68  -1.293
246.79  -1.290
246.89  -1.287
247.00  -1.283
247.10  -1.280
247.21  -1.277
247.31  -1.273
247.42  -1.270
247.52  -1.267
247.63  -1.264
247.73  -1.260
247.84  -1.257
247.94  -1.254
248.05  -1.251
248.15  -1.247
248.26  -1.244
248.36  -1.240
248.47  -1.237
248.58  -1.233
248.68  -1.230
248.79  -1.226
248.89  -1.222
249.00  -1.219
249.10  -1.215
249.21  -1.211
249.31  -1.207
249.42  -1.203
249.52  -1.200
249.63  -1.196
249.74  -1.192
249.84  -1.189
249.95  -1.185
250.05  -1.182
250.16  -1.179
250.27  -1.176
250.37  -1.172
250.48  -1.169
250.58  -1.166
250.69  -1.163
250.79  -1.160
250.90  -1.157
251.00  -1.154
251.11  -1.152
251.22  -1.149
251.32  -1.146
251.42  -1.143
251.53  -1.140
251.64  -1.137
251.74  -1.134
251.85  -1.130
251.96  -1.127
252.06  -1.124
252.16  -1.121
252.27  -1.117
252.38  -1.114
252.48  -1.111
252.59  -1.108
252.69  -1.104
252.80  -1.101
252.91  -1.098
253.01  -1.095
253.12  -1.092
253.22  -1.089
253.33  -1.086
253.43  -1.083
253.53  -1.080
253.64  -1.078
253.75  -1.075
253.85  -1.072
253.96  -1.069
254.06  -1.067
254.17  -1.064
254.27  -1.061
254.38  -1.058
254.48  -1.056
254.59  -1.053
254.70  -1.050
254.80  -1.048
254.90  -1.045
255.01  -1.043
255.11  -1.040
255.22  -1.037
255.33  -1.035
255.43  -1.032
255.53  -1.029
255.64  -1.027
255.75  -1.024
255.85  -1.021
255.96  -1.019
256.06  -1.016
256.17  -1.014
256.28  -1.011
256.38  -1.008
256.49  -1.006
256.59  -1.003
256.69  -1.000
256.80  -0.998
256.91  -0.995
257.01  -0.992
257.11  -0.990
257.22  -0.987
257.32  -0.984
257.43  -0.981
257.54  -0.979
257.64  -0.976
257.74  -0.973
257.85  -0.970
257.96  -0.967
258.06  -0.965
258.16  -0.962
258.27  -0.959
258.37  -0.956
258.48  -0.954
258.58  -0.951
258.69  -0.948
258.79  -0.946
258.90  -0.943
259.00  -0.940
259.11  -0.937
259.21  -0.935
259.31  -0.932
259.42  -0.929
259.53  -0.927
259.63  -0.924
259.74  -0.921
259.84  -0.918
259.94  -0.916
260.05  -0.913
260.16  -0.910
260.26  -0.907
260.37  -0.904
260.47  -0.901
260.57  -0.899
260.68  -0.896
260.79  -0.893
260.89  -0.890
260.99  -0.887
261.10  -0.884
261.20  -0.881
261.31  -0.878
261.41  -0.876
261.51  -0.873
261.62  -0.870
261.73  -0.867
261.83  -0.865
261.94  -0.862
262.04  -0.859
262.14  -0.857
262.25  -0.854
262.35  -0.852
262.45  -0.849
262.56  -0.846
262.66  -0.844
262.77  -0.841
262.87  -0.838
262.98  -0.836
263.08  -0.833
263.19  -0.830
263.29  -0.827
263.50  -0.821
263.60  -0.817
263.71  -0.814
263.81  -0.811
263.92  -0.807
264.02  -0.804
264.13  -0.800
264.23  -0.797
264.34  -0.793
264.44  -0.789
264.54  -0.786
264.65  -0.782
264.75  -0.778
264.85  -0.774
264.96  -0.771
265.06  -0.767
265.17  -0.763
265.27  -0.760
265.38  -0.756
265.48  -0.753
265.58  -0.749
265.68  -0.746
265.78  -0.742
265.88  -0.739
265.98  -0.735
266.08  -0.731
266.18  -0.728
266.28  -0.724
266.38  -0.720
266.49  -0.717
266.59  -0.713
266.68  -0.710
266.79  -0.706
266.89  -0.703
266.99  -0.699
267.09  -0.696
267.19  -0.692
267.29  -0.688
267.39  -0.685
267.49  -0.681
267.59  -0.678
267.69  -0.674
267.79  -0.671
267.89  -0.667
267.99  -0.664
268.09  -0.660
268.19  -0.656
268.30  -0.652
268.40  -0.648
268.49  -0.644
268.60  -0.640
268.70  -0.636
268.80  -0.632
268.90  -0.628
269.00  -0.624
269.10  -0.620
269.20  -0.616
269.30  -0.612
269.40  -0.608
269.50  -0.604
269.60  -0.601
269.70  -0.597
269.80  -0.593
269.90  -0.589
270.00  -0.586
270.11  -0.583
270.20  -0.579
270.31  -0.576
270.41  -0.573
270.51  -0.569
270.61  -0.566
270.71  -0.563
270.81  -0.560
270.91  -0.557
271.01  -0.554
271.11  -0.551
271.21  -0.548
271.31  -0.545
271.41  -0.542
271.51  -0.539
271.61  -0.537
271.71  -0.534
271.81  -0.531
271.92  -0.528
272.01  -0.525
272.11  -0.523
272.21  -0.520
272.31  -0.517
272.41  -0.514
272.52  -0.511
272.62  -0.509
272.72  -0.506
272.81  -0.503
272.91  -0.500
273.02  -0.497
273.12  -0.493
273.22  -0.490
273.32  -0.486
273.42  -0.483
273.52  -0.479
273.62  -0.476
273.72  -0.472
273.82  -0.468
273.92  -0.465
274.02  -0.461
274.12  -0.457
274.22  -0.453
274.32  -0.449
274.42  -0.446
274.52  -0.442
274.63  -0.438
274.73  -0.434
274.82  -0.430
274.92  -0.426
275.02  -0.422
275.12  -0.418
275.23  -0.414
275.33  -0.410
275.43  -0.406
275.53  -0.402
275.63  -0.398
275.73  -0.394
275.83  -0.390
275.93  -0.386
276.03  -0.382
276.14  -0.379
276.24  -0.375
276.34  -0.371
276.44  -0.367
276.54  -0.364
276.64  -0.360
276.74  -0.357
276.84  -0.353
276.94  -0.350
277.05  -0.346
277.15  -0.343
277.25  -0.339
277.35  -0.336
277.45  -0.333
277.55  -0.329
277.65  -0.326
277.75  -0.322
277.85  -0.319
277.95  -0.316
278.05  -0.312
278.16  -0.309
278.26  -0.306
278.36  -0.302
278.46  -0.299
278.56  -0.295
278.66  -0.292
278.76  -0.289
278.87  -0.285
278.97  -0.282
279.07  -0.278
279.17  -0.275
279.27  -0.271
279.37  -0.268
279.47  -0.264
279.57  -0.260
279.67  -0.256
279.77  -0.253
279.88  -0.249
279.98  -0.245
280.08  -0.241
280.18  -0.237
280.28  -0.233
280.38  -0.229
280.48  -0.224
280.58  -0.220
280.68  -0.216
280.78  -0.212
280.88  -0.208
280.98  -0.203
281.09  -0.199
281.19  -0.195
281.28  -0.191
281.39  -0.187
281.49  -0.183
281.59  -0.179
281.69  -0.175
281.79  -0.171
281.89  -0.168
281.99  -0.164
282.10  -0.160
282.20  -0.156
282.30  -0.152
282.50  -0.145
282.60  -0.141
282.70  -0.137
282.80  -0.134
282.90  -0.130
283.00  -0.126
283.10  -0.123
283.21  -0.119
283.31  -0.116
283.41  -0.112
283.51  -0.109
283.61  -0.105
283.71  -0.102
283.81  -0.098
283.91  -0.095
284.01  -0.092
284.11  -0.088
284.22  -0.085
284.31  -0.081
284.41  -0.078
284.51  -0.074
284.62  -0.071
284.72  -0.067
284.82  -0.063
284.92  -0.060
285.02  -0.056
285.12  -0.053
285.22  -0.049
285.33  -0.045
285.42  -0.042
285.53  -0.038
285.63  -0.034
285.73  -0.030
285.83  -0.027
285.93  -0.023
286.03  -0.019
286.13  -0.015
286.23  -0.011
286.33  -0.008
286.43  -0.004
286.53   0.000
286.63   0.004
286.73   0.008
286.83   0.012
286.93   0.016
287.03   0.020
287.13   0.024
287.23   0.028
287.33   0.032
287.44   0.036
287.54   0.040
287.63   0.045
287.74   0.049
287.84   0.053
287.94   0.057
288.04   0.062
288.14   0.066
288.24   0.070
288.34   0.075
288.44   0.079
288.54   0.083
288.64   0.088
288.74   0.092
288.84   0.096
288.95   0.100
289.04   0.105
289.15   0.109
289.25   0.113
289.34   0.117
289.45   0.121
289.55   0.125
289.65   0.129
289.75   0.133
289.85   0.137
289.95   0.141
290.06   0.145
290.15   0.149
290.25   0.153
290.35   0.157
290.45   0.160
290.55   0.164
290.66   0.168
290.76   0.171
290.85   0.175
290.95   0.178
291.06   0.182
291.15   0.185
291.26   0.189
291.36   0.192
291.46   0.195
291.56   0.199
291.66   0.202
291.76   0.205
291.86   0.209
291.96   0.212
292.06   0.216
292.16   0.219
292.26   0.223
292.36   0.227
292.46   0.231
292.56   0.235
292.66   0.239
292.76   0.243
292.86   0.247
292.96   0.251
293.05   0.256
293.16   0.260
293.26   0.265
293.35   0.271
293.45   0.276
293.55   0.281
293.65   0.286
293.75   0.292
293.86   0.297
293.95   0.302
294.05   0.307
294.16   0.311
294.26   0.316
294.36   0.320
294.46   0.324
294.55   0.328
294.65   0.332
294.76   0.336
294.85   0.340
294.96   0.343
295.06   0.346
295.16   0.349
295.25   0.352
295.35   0.355
295.45   0.358
295.55   0.362
295.64   0.365
295.74   0.368
295.83   0.372
295.94   0.375
296.03   0.379
296.13   0.382
296.22   0.386
296.32   0.390
296.42   0.393
296.51   0.397
296.61   0.401
296.70   0.404
296.80   0.408
296.90   0.412
296.99   0.416
297.09   0.420
297.19   0.424
297.28   0.428
297.38   0.432
297.48   0.436
297.57   0.441
297.67   0.445
297.77   0.449
297.86   0.453
297.96   0.457
298.06   0.462
298.15   0.466
298.25   0.470
298.34   0.474
298.44   0.478
298.54   0.482
298.63   0.486
298.73   0.490
298.82   0.494
298.92   0.498
299.02   0.501
299.21   0.508
299.31   0.511
299.41   0.515
299.50   0.518
299.60   0.521
299.69   0.524
299.79   0.527
299.89   0.530
299.98   0.533
300.08   0.536
300.17   0.539
300.27   0.543
300.36   0.546
300.46   0.549
300.56   0.553
300.66   0.556
300.75   0.559
300.85   0.563
300.94   0.567
301.04   0.570
301.14   0.574
301.24   0.578
301.33   0.582
301.43   0.587
301.53   0.591
301.63   0.595
301.72   0.599
301.82   0.603
301.92   0.607
302.01   0.611
302.11   0.615
302.21   0.619
302.30   0.623
302.40   0.627
302.50   0.632
302.59   0.636
302.69   0.640
302.78   0.645
302.88   0.649
302.98   0.653
303.07   0.658
303.17   0.662
303.27   0.667
303.36   0.671
303.46   0.675
303.56   0.680
303.65   0.684
303.75   0.689
303.85   0.693
303.95   0.698
304.04   0.702
304.14   0.706
304.24   0.711
304.33   0.715
304.43   0.720
304.53   0.724
304.62   0.728
304.72   0.733
304.82   0.737
304.91   0.741
305.01   0.745
305.11   0.750
305.20   0.754
305.30   0.758
305.40   0.762
305.49   0.766
305.59   0.771
305.68   0.775
305.78   0.779
305.88   0.782
305.97   0.786
306.07   0.790
306.17   0.794
306.26   0.798
306.36   0.802
306.45   0.806
306.55   0.809
306.65   0.813
306.75   0.817
306.84   0.821
306.94   0.825
307.03   0.829
307.13   0.832
307.23   0.836
307.32   0.840
307.42   0.844
307.52   0.847
307.61   0.851
307.71   0.855
307.80   0.858
307.90   0.862
308.00   0.866
308.09   0.870
308.19   0.874
308.28   0.877
308.38   0.881
308.47   0.885
308.57   0.889
308.67   0.893
308.76   0.896
308.86   0.900
308.95   0.904
309.05   0.908
309.14   0.912
309.24   0.915
309.34   0.919
309.44   0.923
309.53   0.926
309.63   0.930
309.72   0.934
309.82   0.937
309.92   0.941
310.01   0.944
310.11   0.948
310.21   0.951
310.30   0.955
310.40   0.959
310.50   0.962
310.59   0.966
310.68   0.970
310.78   0.973
310.88   0.977
310.97   0.981
311.07   0.985
311.16   0.989
311.26   0.993
311.36   0.996
311.46   1.000
311.55   1.004
311.65   1.008
311.74   1.013
311.84   1.017
311.93   1.021
312.03   1.026
312.12   1.030
312.22   1.034
312.32   1.039
312.42   1.043
312.51   1.048
312.61   1.052
312.71   1.056
312.80   1.061
312.90   1.065
312.99   1.069
313.09   1.073
313.18   1.077
313.28   1.081
313.38   1.086
313.47   1.090
313.57   1.094
313.67   1.099
313.76   1.103
313.86   1.107
313.96   1.111
314.05   1.115
314.15   1.118
314.24   1.122
314.34   1.125
314.44   1.128
314.53   1.131
314.63   1.134
314.72   1.138
314.82   1.141
314.91   1.144
315.01   1.148
315.10   1.151
315.20   1.155
315.29   1.158
315.39   1.162
315.49   1.165
315.58   1.169
315.68   1.172
315.77   1.175
315.87   1.178
315.96   1.181
316.06   1.184
316.15   1.187
316.25   1.190
316.35   1.193
316.44   1.196
316.54   1.199
316.63   1.202
316.73   1.205
316.82   1.208
316.92   1.211
317.01   1.214
317.11   1.217
317.20   1.220
317.30   1.222
317.40   1.225
317.49   1.228
317.59   1.231
317.69   1.234
317.78   1.237
317.87   1.240
317.97   1.243
318.07   1.246
318.26   1.253
318.35   1.256
318.45   1.259
318.54   1.262
318.64   1.265
318.74   1.268
318.83   1.272
318.92   1.275
319.02   1.278
319.11   1.282
319.21   1.285
319.30   1.288
319.40   1.292
319.49   1.295
319.59   1.299
319.69   1.302
319.78   1.305
319.87   1.309
319.97   1.312
320.06   1.315
320.16   1.319
320.26   1.322
320.35   1.325
320.44   1.328
320.54   1.332
320.64   1.335
320.73   1.338
320.83   1.341
320.92   1.344
321.02   1.347
321.11   1.350
321.21   1.353
321.30   1.356
321.40   1.359
321.50   1.361
321.59   1.364
321.69   1.367
321.78   1.370
321.88   1.373
321.97   1.376
322.07   1.379
322.16   1.382
322.26   1.385
322.36   1.388
322.45   1.391
322.55   1.394
322.64   1.397
322.74   1.401
322.83   1.404
322.92   1.407
323.02   1.410
323.12   1.413
323.21   1.416
323.30   1.419
323.40   1.422
323.49   1.425
323.59   1.428
323.68   1.431
323.78   1.434
323.87   1.436
323.97   1.439
324.06   1.442
324.15   1.444
324.24   1.447
324.33   1.450
324.42   1.452
324.52   1.455
324.61   1.457
324.70   1.460
324.79   1.463
324.88   1.466
324.97   1.469
325.07   1.473
325.16   1.476
325.25   1.479
325.34   1.483
325.43   1.486
325.52   1.490
325.61   1.493
325.71   1.497
325.80   1.500
325.89   1.504
325.98   1.508
326.07   1.511
326.16   1.515
326.26   1.518
326.35   1.521
326.44   1.524
326.53   1.527
326.62   1.530
326.72   1.533
326.81   1.536
326.90   1.539
326.99   1.542
327.08   1.545
327.18   1.547
327.27   1.550
327.36   1.553
327.45   1.556
327.54   1.558
327.63   1.561
327.73   1.563
327.82   1.566
327.91   1.569
328.00   1.571
328.09   1.574
328.18   1.576
328.28   1.579
328.37   1.581
328.46   1.584
328.55   1.587
328.64   1.589
328.74   1.592
328.83   1.594
328.92   1.597
329.01   1.600
329.10   1.603
329.19   1.606
329.29   1.609
329.38   1.612
329.47   1.615
329.56   1.618
329.65   1.621
329.74   1.624
329.83   1.627
329.92   1.630
330.01   1.633
330.10   1.637
330.20   1.640
330.29   1.643
330.38   1.647
330.47   1.650
330.56   1.653
330.65   1.657
330.74   1.660
330.84   1.664
330.93   1.668
331.02   1.671
331.11   1.675
331.20   1.678
331.29   1.682
331.38   1.685
331.48   1.689
331.57   1.692
331.66   1.696
331.75   1.699
331.84   1.702
331.93   1.706
332.03   1.709
332.12   1.712
332.21   1.716
332.30   1.719
332.39   1.722
332.48   1.725
332.57   1.728
332.66   1.731
332.75   1.734
332.84   1.737
332.94   1.739
333.03   1.742
333.12   1.744
333.21   1.747
333.30   1.749
333.39   1.751
333.48   1.754
333.58   1.756
333.67   1.759
333.76   1.762
333.85   1.764
333.94   1.767
334.03   1.770
334.12   1.772
334.22   1.775
334.30   1.778
334.40   1.781
334.49   1.784
334.58   1.787
334.67   1.791
334.76   1.794
334.86   1.797
334.95   1.800
335.04   1.803
335.13   1.806
335.22   1.809
335.32   1.812
335.41   1.816
335.50   1.819
335.59   1.822
335.69   1.825
335.78   1.828
335.87   1.831
335.96   1.834
336.06   1.837
336.15   1.840
336.24   1.843
336.33   1.846
336.42   1.850
336.52   1.853
336.61   1.856
336.70   1.860
336.79   1.864
336.89   1.867
336.98   1.871
337.07   1.875
337.16   1.878
337.25   1.882
337.34   1.886
337.44   1.890
337.53   1.893
337.62   1.897
337.72   1.901
337.81   1.905
337.90   1.908
338.00   1.912
338.09   1.915
338.18   1.919
338.27   1.922
338.36   1.925
338.46   1.929
338.55   1.932
338.64   1.935
338.74   1.938
338.83   1.941
338.92   1.944
339.01   1.947
339.11   1.950
339.20   1.953
339.29   1.956
339.38   1.959
339.47   1.962
339.57   1.965
339.66   1.967
339.75   1.970
339.84   1.973
339.94   1.976
340.03   1.979
340.12   1.982
340.21   1.985
340.31   1.988
340.40   1.992
340.49   1.995
340.59   1.998
340.68   2.001
340.77   2.005
340.86   2.008
340.96   2.011
341.05   2.015
341.14   2.018
341.23   2.021
341.33   2.024
341.42   2.028
341.60   2.034
341.70   2.038
341.79   2.041
341.88   2.044
341.97   2.048
342.07   2.051
342.16   2.055
342.25   2.058
342.34   2.062
342.43   2.065
342.53   2.069
342.62   2.072
342.71   2.076
342.80   2.079
342.89   2.083
342.99   2.086
343.08   2.090
343.17   2.093
343.26   2.097
343.36   2.100
343.45   2.104
343.54   2.108
343.64   2.111
343.73   2.115
343.82   2.118
343.91   2.122
344.01   2.125
344.10   2.128
344.19   2.132
344.28   2.135
344.38   2.138
344.47   2.142
344.57   2.145
344.66   2.148
344.75   2.152
344.84   2.155
344.94   2.159
345.03   2.162
345.12   2.166
345.21   2.169
345.30   2.173
345.40   2.176
345.49   2.180
345.58   2.184
345.68   2.188
345.77   2.192
345.86   2.195
345.95   2.199
346.04   2.203
346.13   2.207
346.22   2.211
346.32   2.215
346.41   2.219
346.51   2.223
346.60   2.227
346.69   2.231
346.78   2.235
346.88   2.239
346.97   2.242
347.06   2.245
347.15   2.249
347.25   2.252
347.34   2.255
347.43   2.258
347.52   2.261
347.61   2.265
347.70   2.268
347.80   2.271
347.89   2.273
347.98   2.276
348.07   2.279
348.17   2.282
348.26   2.285
348.35   2.289
348.44   2.292
348.54   2.295
348.63   2.299
348.72   2.302
348.81   2.306
348.90   2.309
348.99   2.313
349.09   2.316
349.18   2.319
349.27   2.323
349.36   2.326
349.45   2.329
349.54   2.332
349.64   2.336
349.73   2.339
349.82   2.343
349.91   2.346
350.00   2.350
350.09   2.354
350.18   2.357
350.27   2.361
350.36   2.365
350.46   2.368
350.55   2.372
350.64   2.375
350.73   2.378
350.82   2.381
350.92   2.384
351.01   2.387
351.10   2.391
351.19   2.394
351.28   2.397
351.37   2.400
351.47   2.403
351.56   2.406
351.65   2.409
351.74   2.413
351.83   2.416
351.92   2.419
352.00   2.422
352.10   2.425
352.18   2.428
352.27   2.431
352.36   2.434
352.45   2.438
352.54   2.441
352.63   2.444
352.72   2.447
352.81   2.451
352.89   2.454
352.98   2.458
353.07   2.461
353.16   2.465
353.25   2.468
353.34   2.472
353.42   2.476
353.51   2.479
353.60   2.483
353.69   2.487
353.78   2.491
353.86   2.494
353.95   2.498
354.04   2.502
354.13   2.506
354.22   2.509
354.31   2.513
354.39   2.517
354.48   2.520
354.57   2.524
354.66   2.527
354.75   2.531
354.84   2.534
354.93   2.538
355.01   2.541
355.10   2.545
355.19   2.548
355.28   2.551
355.37   2.555
355.46   2.558
355.54   2.561
355.63   2.565
355.72   2.568
355.81   2.572
355.90   2.575
355.99   2.579
356.07   2.582
356.16   2.586
356.25   2.589
356.34   2.593
356.43   2.596
356.52   2.600
356.61   2.603
356.70   2.607
356.79   2.610
356.87   2.614
356.97   2.618
357.05   2.621
357.14   2.625
357.23   2.629
357.32   2.633
357.41   2.636
357.50   2.640
357.59   2.644
357.67   2.648
357.76   2.652
357.85   2.655
357.94   2.659
358.03   2.663
358.12   2.667
358.21   2.670
358.29   2.674
358.38   2.678
358.47   2.681
358.56   2.685
358.65   2.689
358.74   2.692
358.83   2.696
358.91   2.699
359.00   2.703
359.09   2.706
359.18   2.709
359.27   2.712
359.36   2.715
359.45   2.719
359.54   2.722
359.63   2.725
359.72   2.728
359.80   2.731
359.89   2.734
359.98   2.737
360.07   2.741
360.16   2.744
360.25   2.747
360.34   2.750
360.42   2.753
360.52   2.756
360.60   2.760
360.69   2.763
360.78   2.766
360.87   2.769
360.96   2.772
361.04   2.775
361.13   2.778
361.22   2.782
361.31   2.785
361.40   2.788
361.49   2.791
361.58   2.794
361.67   2.797
361.76   2.800
361.85   2.803
361.93   2.806
362.02   2.809
362.11   2.812
362.20   2.816
362.29   2.819
362.38   2.822
362.47   2.825
362.64   2.832
362.73   2.835
362.82   2.839
362.91   2.842
363.00   2.846
363.09   2.849
363.17   2.853
363.26   2.856
363.35   2.860
363.44   2.863
363.53   2.867
363.62   2.871
363.71   2.874
363.80   2.878
363.89   2.881
363.98   2.885
364.06   2.888
364.15   2.891
364.24   2.894
364.33   2.897
364.42   2.900
364.51   2.903
364.60   2.906
364.68   2.909
364.77   2.912
364.86   2.915
364.95   2.918
365.04   2.921
365.13   2.924
365.22   2.927
365.30   2.930
365.39   2.933
365.48   2.936
365.57   2.939
365.66   2.942
365.75   2.946
365.84   2.949
365.93   2.952
366.02   2.955
366.10   2.959
366.19   2.962
366.28   2.966
366.37   2.970
366.46   2.974
366.54   2.978
366.63   2.982
366.72   2.986
366.81   2.991
366.90   2.995
366.99   2.999
367.08   3.003
367.16   3.008
367.25   3.012
367.34   3.016
367.43   3.020
367.52   3.024
367.61   3.028
367.70   3.031
367.79   3.035
367.88   3.038
367.97   3.041
368.05   3.044
368.14   3.047
368.23   3.051
368.32   3.054
368.41   3.057
368.50   3.060
368.58   3.064
368.67   3.067
368.77   3.070
368.85   3.073
368.94   3.077
369.03   3.080
369.12   3.084
369.21   3.087
369.30   3.091
369.39   3.095
369.47   3.098
369.56   3.102
369.65   3.106
369.74   3.110
369.83   3.113
369.92   3.117
370.01   3.121
370.10   3.125
370.18   3.129
370.27   3.133
370.36   3.137
370.45   3.140
370.54   3.144
370.63   3.148
370.72   3.152
370.80   3.156
370.89   3.160
370.98   3.164
371.07   3.167
371.16   3.171
371.25   3.175
371.33   3.178
371.42   3.182
371.51   3.185
371.59   3.188
371.68   3.192
371.77   3.195
371.86   3.198
371.94   3.201
372.03   3.204
372.12   3.207
372.21   3.210
372.30   3.212
372.39   3.215
372.47   3.218
372.56   3.221
372.65   3.223
372.74   3.226
372.83   3.229
372.92   3.232
373.01   3.235
373.09   3.237
373.18   3.240
373.27   3.243
373.35   3.246
373.44   3.249
373.53   3.251
373.62   3.254
373.71   3.257
373.79   3.260
373.88   3.263
373.97   3.267
374.06   3.270
374.15   3.274
374.24   3.277
374.33   3.281
374.41   3.284
374.50   3.288
374.60   3.292
374.68   3.295
374.77   3.299
374.86   3.303
374.95   3.307
375.04   3.310
375.13   3.314
375.31   3.322
375.40   3.326
375.48   3.330
375.57   3.334
375.66   3.338
375.75   3.342
375.84   3.346
375.93   3.349
376.02   3.353
376.11   3.357
376.19   3.360
376.28   3.363
376.37   3.367
376.46   3.370
376.55   3.373
376.63   3.376
376.72   3.379
376.81   3.383
376.90   3.386
376.99   3.389
377.08   3.392
377.16   3.396
377.25   3.399
377.34   3.402
377.43   3.405
377.51   3.409
377.60   3.412
377.69   3.415
377.78   3.418
377.87   3.422
377.96   3.425
378.04   3.428
378.13   3.432
378.22   3.435
378.31   3.438
378.39   3.442
378.48   3.445
378.57   3.449
378.65   3.452
378.74   3.455
378.83   3.459
378.91   3.462
379.00   3.466
379.08   3.469
379.16   3.472
379.25   3.476
379.33   3.479
379.42   3.483
379.50   3.486
379.59   3.490
379.67   3.493
379.76   3.496
379.84   3.499
379.93   3.503
380.01   3.506
380.10   3.509
380.18   3.513
380.27   3.516
380.35   3.519
380.44   3.522
380.52   3.526
380.61   3.529
380.69   3.532
380.78   3.535
380.86   3.539
380.95   3.542
381.04   3.545
381.12   3.548
381.21   3.551
381.29   3.555
381.37   3.558
381.46   3.561
381.55   3.564
381.63   3.568
381.72   3.571
381.80   3.574
381.89   3.577
381.97   3.580
382.06   3.584
382.15   3.587
382.23   3.590
382.31   3.593
382.40   3.596
382.49   3.600
382.57   3.603
382.65   3.606
382.74   3.609
382.82   3.612
382.91   3.616
383.00   3.619
383.09   3.622
383.17   3.625
383.25   3.628
383.34   3.632
383.42   3.635
383.51   3.638
383.59   3.641
383.68   3.644
383.76   3.647
383.85   3.651
383.93   3.654
384.02   3.657
384.10   3.660
384.19   3.663
384.27   3.666
384.36   3.669
384.44   3.672
384.61   3.679
384.69   3.682
384.78   3.685
384.87   3.688
384.95   3.691
385.03   3.694
385.12   3.698
385.21   3.701
385.29   3.704
385.38   3.707
385.46   3.711
385.55   3.714
385.63   3.717
385.72   3.720
385.80   3.723
385.88   3.727
385.97   3.730
386.05   3.733
386.14   3.736
386.23   3.740
386.31   3.743
386.40   3.746
386.48   3.749
386.57   3.752
386.65   3.756
386.74   3.759
386.82   3.762
386.91   3.765
386.99   3.768
387.08   3.772
387.17   3.775
387.25   3.778
387.34   3.781
387.42   3.784
387.51   3.787
387.59   3.791
387.68   3.794
387.76   3.797
387.85   3.800
387.94   3.803
388.02   3.807
388.10   3.810
388.19   3.813
388.28   3.816
388.36   3.820
388.45   3.823
388.53   3.826
388.62   3.829
388.70   3.833
388.79   3.836
388.88   3.839
388.96   3.842
389.05   3.846
389.13   3.849
389.22   3.852
389.30   3.855
389.39   3.858
389.48   3.862
389.56   3.865
389.64   3.868
389.73   3.871
389.82   3.874
389.90   3.877
389.99   3.881
390.07   3.884
390.16   3.887
390.24   3.890
390.33   3.893
390.42   3.897
390.50   3.900
390.58   3.903
390.67   3.907
390.76   3.910
390.84   3.913
390.93   3.917
391.01   3.920
391.10   3.924
391.19   3.927
391.27   3.931
391.36   3.935
391.44   3.939
391.53   3.942
391.61   3.946
391.70   3.950
391.78   3.954
391.87   3.957
391.96   3.961
392.04   3.964
392.13   3.968
392.22   3.971
392.30   3.974
392.38   3.978
392.47   3.981
392.56   3.984
392.64   3.987
392.73   3.990
392.81   3.993
392.90   3.996
392.99   3.999
393.07   4.002
393.16   4.005
393.24   4.007
393.33   4.010
393.42   4.013
393.50   4.015
393.59   4.018
393.68   4.020
393.76   4.023
393.84   4.026
393.93   4.028
394.02   4.031
394.10   4.033
394.19   4.036
394.27   4.039
394.36   4.041
394.44   4.044
394.53   4.047
394.62   4.050
394.70   4.052
394.79   4.055
394.88   4.058
394.96   4.061
395.05   4.064
395.13   4.066
395.22   4.069
395.31   4.072
395.39   4.075
395.48   4.078
395.56   4.081
395.65   4.084
395.73   4.087
395.82   4.090
395.91   4.093
395.99   4.096
396.08   4.100
396.16   4.103
396.25   4.106
396.34   4.109
396.42   4.112
396.51   4.115
396.59   4.119
396.68   4.122
396.77   4.126
396.85   4.129
396.93   4.132
397.02   4.136
397.11   4.139
397.19   4.143
397.28   4.146
397.37   4.150
397.45   4.153
397.54   4.157
397.63   4.161
397.71   4.164
397.80   4.167
397.88   4.171
397.97   4.174
398.05   4.177
398.14   4.181
398.23   4.184
398.31   4.187
398.40   4.190
398.48   4.193
398.57   4.196
398.66   4.199
398.74   4.202
398.83   4.204
398.91   4.207
399.00   4.210
399.08   4.213
399.17   4.216
399.25   4.219
399.34   4.222
399.43   4.225
399.52   4.228
399.60   4.232
399.68   4.235
399.77   4.239
399.86   4.242
399.94   4.246
400.02   4.250
400.11   4.253
400.19   4.257
400.28   4.261
400.37   4.264
400.45   4.268
400.54   4.272
400.62   4.275
