  
  DOI/GTN-P Deep Borehole Array, Arctic Alaska 
             U.S. Geological Survey 
            Processed Temperature Log 
                    28-Aug-2013 
________________________________________________ 
  
Temperature Log Information: 
  Well name:   North Kalikpik 
  File name:   NKP_03AUG19b_c_d 
  Log date:    19-AUG-2003 
  
Contact Information: 
  Gary Clow 
  U.S. Geological Survey 
  clow@usgs.gov 
  
Definitions: 
  Depth:        Depth below local ground surface (m) 
  Temperature:  ITS-90 temperature (°C) 
________________________________________________ 
             
 Depth  Temperature 
 10.61  -8.279
 10.65  -8.280
 10.71  -8.280
 10.75  -8.280
 10.80  -8.280
 10.85  -8.281
 10.90  -8.281
 10.97  -8.281
 11.03  -8.282
 11.09  -8.282
 11.16  -8.282
 11.23  -8.283
 11.29  -8.283
 11.35  -8.284
 11.41  -8.284
 11.47  -8.285
 11.53  -8.285
 11.59  -8.286
 11.65  -8.287
 11.72  -8.287
 11.78  -8.288
 11.84  -8.289
 11.91  -8.289
 11.97  -8.290
 12.03  -8.291
 12.09  -8.292
 12.15  -8.292
 12.21  -8.293
 12.27  -8.294
 12.34  -8.295
 12.40  -8.296
 12.46  -8.297
 12.53  -8.298
 12.59  -8.299
 12.65  -8.300
 12.71  -8.301
 12.77  -8.302
 12.83  -8.303
 12.89  -8.304
 12.95  -8.305
 13.02  -8.306
 13.08  -8.307
 13.14  -8.308
 13.20  -8.310
 13.26  -8.311
 13.33  -8.312
 13.39  -8.313
 13.45  -8.315
 13.51  -8.316
 13.57  -8.318
 13.63  -8.319
 13.69  -8.321
 13.76  -8.322
 13.82  -8.324
 13.89  -8.325
 13.95  -8.327
 14.01  -8.329
 14.07  -8.330
 14.13  -8.332
 14.19  -8.334
 14.25  -8.336
 14.31  -8.338
 14.37  -8.340
 14.43  -8.342
 14.49  -8.344
 14.55  -8.346
 14.61  -8.348
 14.67  -8.350
 14.73  -8.352
 14.79  -8.355
 14.85  -8.357
 14.91  -8.359
 14.97  -8.362
 15.03  -8.364
 15.09  -8.367
 15.15  -8.369
 15.22  -8.372
 15.28  -8.374
 15.34  -8.377
 15.40  -8.379
 15.46  -8.382
 15.52  -8.385
 15.57  -8.387
 15.63  -8.390
 15.69  -8.393
 15.75  -8.396
 15.81  -8.398
 15.87  -8.401
 15.93  -8.404
 15.99  -8.407
 16.05  -8.410
 16.12  -8.413
 16.18  -8.416
 16.23  -8.419
 16.29  -8.421
 16.35  -8.424
 16.41  -8.427
 16.48  -8.430
 16.54  -8.433
 16.60  -8.437
 16.66  -8.440
 16.72  -8.443
 16.78  -8.446
 16.84  -8.449
 16.90  -8.452
 16.96  -8.455
 17.02  -8.458
 17.08  -8.462
 17.14  -8.465
 17.20  -8.468
 17.26  -8.471
 17.32  -8.474
 17.38  -8.477
 17.44  -8.481
 17.50  -8.484
 17.56  -8.487
 17.62  -8.490
 17.68  -8.493
 17.74  -8.496
 17.80  -8.499
 17.86  -8.503
 17.92  -8.506
 17.99  -8.509
 18.05  -8.512
 18.11  -8.515
 18.17  -8.518
 18.23  -8.521
 18.29  -8.524
 18.35  -8.527
 18.41  -8.530
 18.47  -8.533
 18.53  -8.536
 18.60  -8.539
 18.66  -8.542
 18.72  -8.544
 18.78  -8.547
 18.84  -8.550
 18.90  -8.553
 18.96  -8.555
 19.02  -8.558
 19.08  -8.561
 19.14  -8.563
 19.20  -8.566
 19.26  -8.569
 19.32  -8.571
 19.38  -8.574
 19.44  -8.577
 19.50  -8.579
 19.56  -8.582
 19.62  -8.585
 19.68  -8.588
 19.74  -8.590
 19.80  -8.593
 19.86  -8.596
 19.92  -8.599
 19.98  -8.601
 20.04  -8.604
 20.10  -8.607
 20.16  -8.610
 20.22  -8.613
 20.28  -8.616
 20.34  -8.618
 20.40  -8.621
 20.46  -8.624
 20.52  -8.627
 20.60  -8.629
 20.69  -8.632
 20.77  -8.635
 20.86  -8.638
 20.94  -8.640
 21.03  -8.643
 21.12  -8.646
 21.21  -8.648
 21.30  -8.651
 21.40  -8.654
 21.50  -8.657
 21.60  -8.660
 21.70  -8.662
 21.81  -8.665
 21.91  -8.668
 22.02  -8.672
 22.12  -8.675
 22.22  -8.678
 22.33  -8.682
 22.43  -8.685
 22.53  -8.689
 22.64  -8.692
 22.74  -8.695
 22.85  -8.698
 22.95  -8.702
 23.05  -8.705
 23.16  -8.707
 23.26  -8.710
 23.37  -8.713
 23.47  -8.715
 23.58  -8.717
 23.68  -8.720
 23.78  -8.721
 23.89  -8.723
 23.99  -8.725
 24.10  -8.726
 24.20  -8.727
 24.30  -8.729
 24.41  -8.730
 24.51  -8.731
 24.62  -8.732
 24.73  -8.732
 24.83  -8.733
 24.93  -8.734
 25.04  -8.735
 25.14  -8.735
 25.25  -8.736
 25.35  -8.736
 25.46  -8.737
 25.56  -8.738
 25.66  -8.738
 25.77  -8.739
 25.87  -8.739
 25.98  -8.740
 26.09  -8.740
 26.19  -8.740
 26.29  -8.741
 26.40  -8.741
 26.50  -8.741
 26.60  -8.741
 26.71  -8.741
 26.82  -8.742
 26.92  -8.742
 27.02  -8.742
 27.13  -8.742
 27.23  -8.742
 27.34  -8.742
 27.45  -8.742
 27.55  -8.742
 27.66  -8.742
 27.76  -8.742
 27.86  -8.742
 27.97  -8.742
 28.08  -8.742
 28.18  -8.742
 28.29  -8.742
 28.39  -8.742
 28.49  -8.742
 28.59  -8.742
 28.69  -8.742
 28.80  -8.742
 28.90  -8.742
 29.00  -8.741
 29.10  -8.741
 29.20  -8.741
 29.31  -8.741
 29.41  -8.741
 29.51  -8.740
 29.62  -8.740
 29.72  -8.740
 29.82  -8.740
 29.92  -8.739
 30.02  -8.739
 30.13  -8.739
 30.23  -8.738
 30.33  -8.738
 30.43  -8.738
 30.53  -8.737
 30.64  -8.737
 30.74  -8.737
 30.84  -8.736
 30.95  -8.736
 31.05  -8.735
 31.15  -8.735
 31.25  -8.734
 31.35  -8.734
 31.46  -8.733
 31.56  -8.732
 31.66  -8.732
 31.77  -8.731
 31.87  -8.730
 31.97  -8.729
 32.08  -8.728
 32.18  -8.727
 32.28  -8.726
 32.38  -8.725
 32.48  -8.723
 32.59  -8.722
 32.69  -8.721
 32.79  -8.719
 32.89  -8.718
 33.00  -8.717
 33.10  -8.715
 33.20  -8.714
 33.31  -8.712
 33.41  -8.711
 33.51  -8.709
 33.62  -8.708
 33.71  -8.706
 33.82  -8.705
 33.92  -8.703
 34.03  -8.702
 34.13  -8.700
 34.23  -8.699
 34.33  -8.697
 34.44  -8.696
 34.54  -8.694
 34.64  -8.692
 34.75  -8.691
 34.85  -8.689
 34.95  -8.687
 35.05  -8.685
 35.16  -8.684
 35.26  -8.682
 35.37  -8.680
 35.47  -8.678
 35.57  -8.676
 35.67  -8.674
 35.78  -8.672
 35.88  -8.670
 35.98  -8.668
 36.09  -8.665
 36.19  -8.663
 36.30  -8.661
 36.40  -8.659
 36.50  -8.657
 36.60  -8.655
 36.70  -8.653
 36.81  -8.650
 36.91  -8.648
 37.01  -8.646
 37.11  -8.644
 37.21  -8.642
 37.32  -8.640
 37.42  -8.638
 37.53  -8.636
 37.63  -8.634
 37.73  -8.632
 37.84  -8.630
 37.94  -8.628
 38.04  -8.626
 38.15  -8.623
 38.25  -8.621
 38.35  -8.619
 38.45  -8.617
 38.55  -8.614
 38.66  -8.612
 38.76  -8.610
 38.86  -8.607
 38.97  -8.605
 39.07  -8.602
 39.18  -8.600
 39.28  -8.597
 39.38  -8.595
 39.49  -8.592
 39.59  -8.590
 39.69  -8.587
 39.80  -8.585
 39.90  -8.582
 40.01  -8.579
 40.11  -8.576
 40.21  -8.574
 40.31  -8.571
 40.42  -8.568
 40.52  -8.565
 40.63  -8.562
 40.73  -8.559
 40.84  -8.556
 40.94  -8.553
 41.04  -8.550
 41.14  -8.547
 41.25  -8.544
 41.35  -8.541
 41.45  -8.538
 41.56  -8.535
 41.66  -8.532
 41.76  -8.529
 41.87  -8.526
 41.97  -8.523
 42.08  -8.520
 42.18  -8.517
 42.28  -8.514
 42.39  -8.511
 42.49  -8.508
 42.59  -8.505
 42.70  -8.502
 42.80  -8.499
 42.90  -8.496
 43.00  -8.493
 43.11  -8.490
 43.21  -8.487
 43.32  -8.484
 43.42  -8.481
 43.52  -8.478
 43.62  -8.475
 43.73  -8.471
 43.83  -8.468
 43.94  -8.465
 44.04  -8.461
 44.15  -8.458
 44.25  -8.455
 44.35  -8.451
 44.46  -8.448
 44.56  -8.444
 44.67  -8.441
 44.77  -8.438
 44.87  -8.434
 44.98  -8.431
 45.08  -8.428
 45.18  -8.425
 45.29  -8.422
 45.39  -8.419
 45.50  -8.416
 45.60  -8.413
 45.70  -8.410
 45.81  -8.407
 45.91  -8.404
 46.02  -8.401
 46.12  -8.398
 46.22  -8.395
 46.33  -8.392
 46.43  -8.389
 46.53  -8.386
 46.64  -8.382
 46.75  -8.379
 46.85  -8.375
 46.95  -8.371
 47.06  -8.367
 47.17  -8.363
 47.27  -8.359
 47.37  -8.354
 47.48  -8.350
 47.58  -8.346
 47.68  -8.341
 47.79  -8.337
 47.89  -8.332
 47.99  -8.328
 48.10  -8.323
 48.20  -8.319
 48.30  -8.314
 48.41  -8.310
 48.51  -8.305
 48.61  -8.301
 48.72  -8.297
 48.82  -8.292
 48.92  -8.288
 49.03  -8.284
 49.13  -8.279
 49.24  -8.275
 49.34  -8.270
 49.45  -8.266
 49.65  -8.257
 49.76  -8.252
 49.86  -8.248
 49.97  -8.243
 50.07  -8.239
 50.17  -8.234
 50.28  -8.230
 50.38  -8.225
 50.48  -8.221
 50.59  -8.216
 50.69  -8.212
 50.79  -8.207
 50.89  -8.203
 51.00  -8.198
 51.10  -8.194
 51.21  -8.189
 51.31  -8.185
 51.42  -8.181
 51.52  -8.176
 51.62  -8.172
 51.73  -8.168
 51.83  -8.163
 51.94  -8.159
 52.04  -8.155
 52.15  -8.151
 52.25  -8.147
 52.35  -8.143
 52.46  -8.139
 52.56  -8.135
 52.66  -8.131
 52.77  -8.127
 52.87  -8.123
 52.97  -8.119
 53.08  -8.115
 53.19  -8.111
 53.29  -8.107
 53.39  -8.103
 53.50  -8.099
 53.60  -8.094
 53.71  -8.090
 53.81  -8.085
 53.92  -8.081
 54.02  -8.076
 54.12  -8.071
 54.23  -8.067
 54.33  -8.062
 54.44  -8.057
 54.54  -8.052
 54.65  -8.048
 54.75  -8.043
 54.86  -8.038
 54.96  -8.033
 55.06  -8.029
 55.17  -8.024
 55.27  -8.020
 55.38  -8.015
 55.48  -8.011
 55.59  -8.007
 55.69  -8.002
 55.80  -7.998
 55.90  -7.993
 56.00  -7.989
 56.11  -7.985
 56.21  -7.980
 56.31  -7.976
 56.42  -7.971
 56.53  -7.966
 56.63  -7.962
 56.74  -7.957
 56.84  -7.952
 56.94  -7.947
 57.05  -7.942
 57.16  -7.937
 57.26  -7.932
 57.37  -7.927
 57.47  -7.921
 57.58  -7.916
 57.68  -7.911
 57.79  -7.906
 57.89  -7.900
 58.00  -7.895
 58.10  -7.890
 58.21  -7.885
 58.31  -7.880
 58.42  -7.875
 58.52  -7.870
 58.63  -7.865
 58.74  -7.860
 58.84  -7.856
 58.94  -7.851
 59.05  -7.846
 59.16  -7.842
 59.26  -7.837
 59.36  -7.832
 59.47  -7.828
 59.57  -7.823
 59.68  -7.818
 59.78  -7.814
 59.89  -7.809
 59.99  -7.805
 60.10  -7.800
 60.20  -7.795
 60.31  -7.791
 60.41  -7.786
 60.52  -7.782
 60.63  -7.777
 60.73  -7.772
 60.84  -7.768
 60.94  -7.763
 61.04  -7.759
 61.15  -7.754
 61.26  -7.750
 61.36  -7.745
 61.46  -7.741
 61.57  -7.736
 61.68  -7.731
 61.78  -7.727
 61.89  -7.722
 61.99  -7.717
 62.10  -7.712
 62.20  -7.707
 62.31  -7.703
 62.41  -7.698
 62.52  -7.693
 62.62  -7.688
 62.73  -7.683
 62.83  -7.678
 62.94  -7.673
 63.05  -7.668
 63.15  -7.663
 63.26  -7.658
 63.36  -7.653
 63.46  -7.649
 63.57  -7.645
 63.68  -7.641
 63.78  -7.637
 63.89  -7.633
 63.99  -7.629
 64.09  -7.626
 64.20  -7.622
 64.31  -7.618
 64.41  -7.614
 64.52  -7.611
 64.63  -7.607
 64.73  -7.603
 64.84  -7.599
 64.95  -7.594
 65.05  -7.590
 65.15  -7.584
 65.25  -7.579
 65.35  -7.572
 65.46  -7.566
 65.56  -7.559
 65.66  -7.552
 65.76  -7.546
 65.87  -7.539
 65.97  -7.532
 66.07  -7.525
 66.17  -7.519
 66.28  -7.513
 66.38  -7.507
 66.48  -7.501
 66.58  -7.496
 66.69  -7.490
 66.79  -7.486
 66.89  -7.481
 67.00  -7.477
 67.11  -7.474
 67.21  -7.470
 67.31  -7.467
 67.42  -7.464
 67.52  -7.461
 67.62  -7.458
 67.73  -7.455
 67.83  -7.451
 67.93  -7.448
 68.04  -7.444
 68.14  -7.441
 68.24  -7.437
 68.35  -7.433
 68.45  -7.429
 68.55  -7.425
 68.66  -7.421
 68.76  -7.417
 68.86  -7.413
 68.97  -7.408
 69.07  -7.404
 69.18  -7.399
 69.28  -7.394
 69.38  -7.389
 69.49  -7.385
 69.59  -7.380
 69.70  -7.375
 69.80  -7.370
 69.90  -7.364
 70.01  -7.359
 70.12  -7.353
 70.22  -7.346
 70.32  -7.339
 70.43  -7.332
 70.53  -7.325
 70.63  -7.318
 70.74  -7.311
 70.84  -7.304
 70.95  -7.296
 71.05  -7.289
 71.15  -7.281
 71.26  -7.274
 71.36  -7.267
 71.46  -7.259
 71.57  -7.253
 71.68  -7.246
 71.78  -7.241
 71.88  -7.236
 71.99  -7.232
 72.09  -7.228
 72.20  -7.225
 72.31  -7.222
 72.41  -7.219
 72.52  -7.216
 72.62  -7.213
 72.73  -7.209
 72.84  -7.205
 72.94  -7.201
 73.05  -7.197
 73.15  -7.193
 73.25  -7.189
 73.36  -7.184
 73.47  -7.179
 73.57  -7.173
 73.68  -7.167
 73.78  -7.161
 73.88  -7.154
 73.99  -7.148
 74.09  -7.141
 74.20  -7.134
 74.30  -7.127
 74.41  -7.120
 74.51  -7.114
 74.62  -7.107
 74.72  -7.101
 74.83  -7.095
 74.93  -7.088
 75.04  -7.082
 75.14  -7.075
 75.25  -7.069
 75.35  -7.063
 75.45  -7.057
 75.56  -7.051
 75.66  -7.045
 75.77  -7.039
 75.87  -7.033
 75.98  -7.027
 76.08  -7.021
 76.19  -7.016
 76.29  -7.010
 76.40  -7.004
 76.51  -6.998
 76.62  -6.992
 76.72  -6.987
 76.83  -6.981
 76.93  -6.975
 77.04  -6.970
 77.15  -6.964
 77.25  -6.959
 77.36  -6.953
 77.46  -6.948
 77.57  -6.942
 77.67  -6.937
 77.78  -6.931
 77.88  -6.925
 77.99  -6.920
 78.09  -6.914
 78.20  -6.908
 78.30  -6.903
 78.41  -6.897
 78.52  -6.892
 78.62  -6.886
 78.73  -6.881
 78.83  -6.876
 78.93  -6.871
 79.04  -6.866
 79.15  -6.861
 79.25  -6.856
 79.36  -6.850
 79.46  -6.844
 79.57  -6.838
 79.67  -6.831
 79.78  -6.825
 79.89  -6.818
 79.99  -6.811
 80.10  -6.805
 80.20  -6.798
 80.30  -6.793
 80.41  -6.787
 80.52  -6.782
 80.63  -6.777
 80.73  -6.772
 80.83  -6.766
 80.94  -6.761
 81.04  -6.756
 81.15  -6.750
 81.25  -6.745
 81.35  -6.739
 81.46  -6.733
 81.56  -6.727
 81.67  -6.721
 81.77  -6.715
 81.88  -6.709
 81.99  -6.702
 82.09  -6.696
 82.19  -6.690
 82.30  -6.683
 82.41  -6.677
 82.51  -6.670
 82.62  -6.663
 82.72  -6.657
 82.83  -6.650
 82.93  -6.644
 83.04  -6.637
 83.14  -6.631
 83.25  -6.625
 83.35  -6.618
 83.46  -6.612
 83.56  -6.606
 83.67  -6.600
 83.77  -6.594
 83.88  -6.588
 83.98  -6.582
 84.09  -6.576
 84.20  -6.570
 84.30  -6.564
 84.41  -6.559
 84.52  -6.553
 84.62  -6.547
 84.72  -6.541
 84.83  -6.536
 84.93  -6.530
 85.04  -6.524
 85.14  -6.518
 85.25  -6.512
 85.35  -6.506
 85.46  -6.500
 85.56  -6.494
 85.67  -6.488
 85.77  -6.481
 85.88  -6.475
 85.98  -6.469
 86.08  -6.462
 86.19  -6.456
 86.30  -6.450
 86.40  -6.444
 86.51  -6.437
 86.61  -6.431
 86.72  -6.425
 86.83  -6.419
 86.93  -6.413
 87.04  -6.407
 87.14  -6.401
 87.25  -6.396
 87.35  -6.390
 87.46  -6.385
 87.56  -6.379
 87.67  -6.374
 87.77  -6.368
 87.88  -6.363
 87.98  -6.357
 88.09  -6.352
 88.19  -6.347
 88.30  -6.341
 88.40  -6.336
 88.50  -6.330
 88.61  -6.325
 88.72  -6.319
 88.82  -6.314
 88.93  -6.308
 89.03  -6.302
 89.13  -6.296
 89.24  -6.291
 89.34  -6.285
 89.45  -6.279
 89.56  -6.273
 89.66  -6.268
 89.76  -6.262
 89.87  -6.256
 89.98  -6.251
 90.09  -6.245
 90.19  -6.240
 90.30  -6.234
 90.40  -6.229
 90.50  -6.224
 90.61  -6.219
 90.71  -6.214
 90.82  -6.209
 90.92  -6.204
 91.03  -6.199
 91.13  -6.194
 91.24  -6.189
 91.34  -6.184
 91.45  -6.179
 91.55  -6.174
 91.66  -6.169
 91.76  -6.164
 91.87  -6.159
 91.97  -6.153
 92.08  -6.148
 92.18  -6.142
 92.29  -6.136
 92.39  -6.130
 92.50  -6.124
 92.60  -6.118
 92.71  -6.112
 92.81  -6.106
 92.92  -6.100
 93.03  -6.094
 93.13  -6.088
 93.24  -6.081
 93.35  -6.075
 93.45  -6.069
 93.56  -6.063
 93.66  -6.056
 93.76  -6.050
 93.87  -6.043
 93.98  -6.037
 94.08  -6.031
 94.19  -6.024
 94.29  -6.018
 94.39  -6.011
 94.50  -6.005
 94.61  -5.998
 94.72  -5.992
 94.82  -5.985
 94.93  -5.979
 95.03  -5.973
 95.14  -5.966
 95.24  -5.960
 95.35  -5.954
 95.45  -5.947
 95.55  -5.941
 95.66  -5.935
 95.77  -5.929
 95.87  -5.923
 95.97  -5.917
 96.08  -5.911
 96.18  -5.906
 96.29  -5.900
 96.39  -5.894
 96.50  -5.888
 96.60  -5.882
 96.71  -5.877
 96.81  -5.871
 96.91  -5.865
 97.02  -5.859
 97.12  -5.854
 97.23  -5.848
 97.34  -5.842
 97.44  -5.836
 97.54  -5.830
 97.65  -5.824
 97.75  -5.819
 97.85  -5.813
 97.96  -5.807
 98.06  -5.801
 98.16  -5.796
 98.27  -5.790
 98.37  -5.785
 98.47  -5.779
 98.58  -5.774
 98.68  -5.768
 98.78  -5.762
 98.89  -5.756
 98.99  -5.750
 99.09  -5.744
 99.20  -5.738
 99.30  -5.733
 99.40  -5.727
 99.51  -5.721
 99.61  -5.716
 99.71  -5.711
 99.82  -5.706
 99.92  -5.701
100.03  -5.696
100.13  -5.691
100.23  -5.686
100.34  -5.680
100.45  -5.675
100.55  -5.669
100.65  -5.663
100.76  -5.656
100.87  -5.650
100.97  -5.644
101.07  -5.638
101.17  -5.631
101.27  -5.625
101.37  -5.619
101.47  -5.613
101.57  -5.607
101.67  -5.601
101.78  -5.595
101.88  -5.589
101.98  -5.583
102.08  -5.577
102.18  -5.571
102.28  -5.564
102.38  -5.558
102.48  -5.552
102.58  -5.546
102.68  -5.540
102.78  -5.534
102.89  -5.528
102.98  -5.521
103.09  -5.515
103.18  -5.509
103.29  -5.504
103.39  -5.498
103.49  -5.492
103.59  -5.487
103.69  -5.483
103.79  -5.478
103.89  -5.474
103.99  -5.470
104.09  -5.466
104.19  -5.462
104.29  -5.458
104.39  -5.454
104.49  -5.450
104.60  -5.446
104.70  -5.442
104.80  -5.438
104.90  -5.434
104.99  -5.430
105.09  -5.425
105.20  -5.420
105.29  -5.415
105.40  -5.409
105.50  -5.402
105.59  -5.396
105.69  -5.389
105.80  -5.382
105.90  -5.376
106.00  -5.369
106.10  -5.363
106.21  -5.357
106.31  -5.351
106.41  -5.345
106.52  -5.338
106.62  -5.332
106.72  -5.326
106.92  -5.312
107.02  -5.304
107.12  -5.296
107.22  -5.289
107.33  -5.281
107.43  -5.273
107.53  -5.266
107.63  -5.258
107.73  -5.250
107.83  -5.242
107.93  -5.235
108.03  -5.228
108.13  -5.221
108.24  -5.214
108.34  -5.207
108.44  -5.202
108.55  -5.197
108.64  -5.193
108.74  -5.189
108.84  -5.186
108.95  -5.183
109.05  -5.180
109.16  -5.177
109.26  -5.174
109.36  -5.170
109.46  -5.167
109.56  -5.163
109.67  -5.159
109.77  -5.155
109.87  -5.151
109.97  -5.146
110.07  -5.141
110.17  -5.135
110.27  -5.129
110.37  -5.123
110.47  -5.116
110.57  -5.109
110.67  -5.102
110.78  -5.095
110.88  -5.088
110.98  -5.080
111.08  -5.073
111.18  -5.065
111.28  -5.058
111.38  -5.050
111.49  -5.043
111.59  -5.036
111.68  -5.029
111.79  -5.023
111.89  -5.017
111.99  -5.011
112.09  -5.006
112.19  -5.001
112.30  -4.996
112.40  -4.991
112.50  -4.986
112.60  -4.980
112.70  -4.975
112.80  -4.969
112.91  -4.963
113.01  -4.958
113.11  -4.953
113.21  -4.947
113.32  -4.942
113.42  -4.937
113.53  -4.933
113.63  -4.928
113.73  -4.923
113.83  -4.919
113.93  -4.914
114.03  -4.909
114.13  -4.905
114.23  -4.901
114.33  -4.897
114.44  -4.893
114.54  -4.888
114.64  -4.884
114.74  -4.880
114.85  -4.875
114.94  -4.870
115.05  -4.864
115.15  -4.857
115.25  -4.849
115.35  -4.842
115.45  -4.834
115.55  -4.827
115.66  -4.820
115.76  -4.813
115.86  -4.807
115.97  -4.803
116.07  -4.798
116.17  -4.794
116.37  -4.785
116.47  -4.781
116.58  -4.776
116.68  -4.771
116.78  -4.766
116.88  -4.760
116.98  -4.754
117.08  -4.748
117.19  -4.742
117.29  -4.737
117.39  -4.731
117.49  -4.726
117.59  -4.721
117.69  -4.716
117.80  -4.711
117.90  -4.706
118.00  -4.701
118.10  -4.696
118.20  -4.691
118.30  -4.685
118.40  -4.679
118.50  -4.673
118.60  -4.668
118.71  -4.662
118.81  -4.656
118.91  -4.650
119.01  -4.644
119.11  -4.638
119.21  -4.632
119.31  -4.626
119.41  -4.620
119.52  -4.614
119.62  -4.608
119.72  -4.603
119.82  -4.598
119.92  -4.593
120.02  -4.590
120.13  -4.586
120.23  -4.582
120.33  -4.579
120.43  -4.575
120.53  -4.572
120.63  -4.568
120.73  -4.564
120.83  -4.559
120.93  -4.554
121.04  -4.550
121.13  -4.545
121.24  -4.539
121.34  -4.534
121.44  -4.529
121.54  -4.523
121.64  -4.517
121.74  -4.511
121.85  -4.505
121.95  -4.498
122.05  -4.492
122.15  -4.485
122.25  -4.479
122.35  -4.472
122.45  -4.465
122.55  -4.458
122.65  -4.451
122.75  -4.444
122.85  -4.437
122.96  -4.430
123.06  -4.424
123.16  -4.418
123.26  -4.412
123.36  -4.406
123.46  -4.401
123.56  -4.395
123.66  -4.390
123.76  -4.385
123.86  -4.379
123.96  -4.374
124.06  -4.368
124.16  -4.362
124.26  -4.356
124.36  -4.350
124.46  -4.344
124.56  -4.338
124.66  -4.333
124.76  -4.327
124.86  -4.322
124.96  -4.317
125.06  -4.311
125.16  -4.306
125.26  -4.301
125.36  -4.296
125.46  -4.291
125.56  -4.285
125.66  -4.279
125.76  -4.273
125.86  -4.267
125.96  -4.262
126.06  -4.256
126.15  -4.250
126.25  -4.245
126.35  -4.240
126.46  -4.236
126.56  -4.232
126.66  -4.228
126.76  -4.224
126.86  -4.220
126.96  -4.215
127.06  -4.210
127.16  -4.204
127.26  -4.197
127.36  -4.189
127.46  -4.182
127.55  -4.175
127.65  -4.168
127.76  -4.162
127.86  -4.156
127.95  -4.149
128.05  -4.142
128.15  -4.136
128.25  -4.132
128.35  -4.129
128.45  -4.128
128.55  -4.127
128.65  -4.125
128.74  -4.122
128.84  -4.117
128.95  -4.112
129.05  -4.106
129.14  -4.102
129.24  -4.098
129.34  -4.094
129.44  -4.089
129.54  -4.085
129.64  -4.080
129.74  -4.075
129.84  -4.070
129.94  -4.065
130.04  -4.060
130.14  -4.055
130.24  -4.049
130.34  -4.044
130.44  -4.040
130.53  -4.035
130.63  -4.030
130.74  -4.025
130.84  -4.020
130.93  -4.015
131.03  -4.010
131.13  -4.005
131.23  -4.000
131.33  -3.995
131.43  -3.990
131.53  -3.985
131.63  -3.979
131.72  -3.974
131.82  -3.969
131.92  -3.964
132.02  -3.959
132.12  -3.954
132.22  -3.949
132.31  -3.944
132.42  -3.939
132.51  -3.934
132.61  -3.929
132.71  -3.925
132.81  -3.921
132.91  -3.917
133.01  -3.913
133.11  -3.909
133.21  -3.904
133.31  -3.900
133.41  -3.896
133.51  -3.892
133.61  -3.888
133.71  -3.884
133.81  -3.880
133.91  -3.876
134.01  -3.872
134.11  -3.867
134.21  -3.862
134.31  -3.857
134.41  -3.852
134.51  -3.846
134.61  -3.841
134.71  -3.835
134.81  -3.829
134.91  -3.823
135.01  -3.817
135.11  -3.811
135.21  -3.805
135.31  -3.799
135.41  -3.793
135.50  -3.787
135.61  -3.781
135.70  -3.775
135.80  -3.769
135.90  -3.763
135.99  -3.757
136.09  -3.751
136.19  -3.745
136.28  -3.739
136.38  -3.734
136.48  -3.728
136.57  -3.722
136.67  -3.716
136.77  -3.711
136.87  -3.705
136.96  -3.699
137.06  -3.694
137.16  -3.688
137.25  -3.683
137.35  -3.677
137.45  -3.672
137.54  -3.668
137.64  -3.663
137.74  -3.658
137.83  -3.654
137.93  -3.649
138.03  -3.645
138.12  -3.640
138.22  -3.636
138.32  -3.631
138.41  -3.627
138.51  -3.623
138.61  -3.618
138.70  -3.614
138.80  -3.609
138.90  -3.604
138.99  -3.599
139.09  -3.594
139.19  -3.589
139.28  -3.584
139.38  -3.578
139.48  -3.573
139.57  -3.567
139.67  -3.562
139.77  -3.557
139.87  -3.551
139.96  -3.546
140.06  -3.541
140.16  -3.535
140.25  -3.530
140.35  -3.525
140.45  -3.520
140.54  -3.515
140.64  -3.510
140.74  -3.505
140.84  -3.500
140.93  -3.496
141.03  -3.491
141.13  -3.486
141.22  -3.482
141.32  -3.477
141.42  -3.473
141.51  -3.468
141.61  -3.464
141.71  -3.459
141.81  -3.455
141.91  -3.450
142.00  -3.446
142.10  -3.442
142.20  -3.438
142.29  -3.434
142.39  -3.430
142.49  -3.426
142.59  -3.422
142.68  -3.418
142.78  -3.414
142.88  -3.410
142.98  -3.406
143.07  -3.402
143.17  -3.398
143.27  -3.393
143.36  -3.389
143.46  -3.385
143.56  -3.380
143.66  -3.375
143.75  -3.370
143.85  -3.365
143.95  -3.359
144.04  -3.354
144.14  -3.348
144.24  -3.342
144.34  -3.337
144.43  -3.331
144.53  -3.326
144.63  -3.320
144.73  -3.314
144.82  -3.309
144.92  -3.303
145.02  -3.297
145.12  -3.291
145.21  -3.285
145.31  -3.279
145.41  -3.273
145.51  -3.267
145.60  -3.261
145.70  -3.255
145.80  -3.249
145.90  -3.243
146.00  -3.237
146.09  -3.231
146.19  -3.225
146.29  -3.219
146.39  -3.214
146.48  -3.208
146.58  -3.203
146.68  -3.198
146.78  -3.194
146.88  -3.189
146.97  -3.185
147.07  -3.182
147.17  -3.178
147.27  -3.174
147.37  -3.171
147.47  -3.167
147.56  -3.164
147.66  -3.160
147.76  -3.157
147.85  -3.153
147.95  -3.150
148.05  -3.146
148.14  -3.142
148.24  -3.138
148.34  -3.133
148.44  -3.129
148.53  -3.123
148.63  -3.118
148.72  -3.113
148.82  -3.107
148.92  -3.102
149.02  -3.096
149.11  -3.090
149.21  -3.085
149.31  -3.079
149.41  -3.074
149.50  -3.068
149.60  -3.063
149.70  -3.057
149.80  -3.052
149.89  -3.047
149.99  -3.042
150.09  -3.038
150.18  -3.034
150.28  -3.029
150.38  -3.025
150.48  -3.021
150.57  -3.016
150.67  -3.012
150.77  -3.008
150.87  -3.003
150.96  -2.999
151.06  -2.994
151.16  -2.990
151.26  -2.985
151.36  -2.980
151.46  -2.974
151.56  -2.969
151.65  -2.963
151.75  -2.957
151.85  -2.951
151.95  -2.945
152.05  -2.939
152.15  -2.933
152.25  -2.927
152.35  -2.921
152.44  -2.915
152.54  -2.909
152.64  -2.903
152.74  -2.897
152.84  -2.891
152.94  -2.885
153.03  -2.880
153.13  -2.874
153.23  -2.869
153.33  -2.863
153.43  -2.858
153.52  -2.853
153.62  -2.847
153.72  -2.842
153.82  -2.837
153.91  -2.831
154.01  -2.826
154.11  -2.821
154.21  -2.815
154.30  -2.810
154.40  -2.804
154.50  -2.799
154.60  -2.793
154.70  -2.787
154.80  -2.781
154.89  -2.775
154.99  -2.769
155.09  -2.762
155.19  -2.756
155.28  -2.750
155.38  -2.744
155.48  -2.738
155.58  -2.732
155.68  -2.727
155.78  -2.721
155.87  -2.715
155.97  -2.710
156.07  -2.704
156.17  -2.699
156.27  -2.695
156.37  -2.690
156.47  -2.686
156.57  -2.681
156.66  -2.677
156.76  -2.673
156.86  -2.669
156.96  -2.665
157.06  -2.661
157.16  -2.657
157.26  -2.653
157.35  -2.649
157.46  -2.645
157.55  -2.641
157.65  -2.637
157.75  -2.632
157.85  -2.627
157.95  -2.622
158.04  -2.618
158.14  -2.612
158.25  -2.607
158.34  -2.602
158.44  -2.598
158.53  -2.593
158.64  -2.588
158.73  -2.584
158.83  -2.580
158.93  -2.575
159.03  -2.570
159.12  -2.566
159.22  -2.561
159.33  -2.556
159.42  -2.551
159.52  -2.545
159.62  -2.540
159.72  -2.535
159.82  -2.529
159.92  -2.524
160.02  -2.518
160.11  -2.513
160.21  -2.507
160.31  -2.502
160.41  -2.496
160.51  -2.491
160.61  -2.485
160.70  -2.480
160.80  -2.474
160.90  -2.469
160.99  -2.463
161.10  -2.457
161.19  -2.451
161.29  -2.445
161.39  -2.440
161.49  -2.434
161.59  -2.428
161.69  -2.422
161.78  -2.417
161.88  -2.411
161.98  -2.405
162.08  -2.400
162.17  -2.394
162.27  -2.389
162.37  -2.384
162.47  -2.379
162.57  -2.374
162.66  -2.369
162.76  -2.365
162.86  -2.360
162.96  -2.355
163.06  -2.351
163.15  -2.347
163.25  -2.343
163.34  -2.339
163.44  -2.335
163.55  -2.331
163.64  -2.327
163.74  -2.323
163.84  -2.318
163.93  -2.313
164.03  -2.308
164.13  -2.301
164.33  -2.288
164.43  -2.281
164.52  -2.274
164.62  -2.267
164.72  -2.260
164.82  -2.253
164.92  -2.246
165.02  -2.239
165.11  -2.232
165.21  -2.225
165.31  -2.218
165.41  -2.212
165.51  -2.206
165.60  -2.200
165.69  -2.195
165.79  -2.190
165.89  -2.185
165.99  -2.181
166.08  -2.176
166.18  -2.172
166.28  -2.167
166.37  -2.163
166.47  -2.159
166.57  -2.154
166.66  -2.150
166.76  -2.146
166.85  -2.142
166.95  -2.137
167.04  -2.133
167.14  -2.129
167.24  -2.125
167.33  -2.121
167.43  -2.116
167.52  -2.112
167.62  -2.108
167.71  -2.104
167.81  -2.099
167.90  -2.095
167.99  -2.091
168.09  -2.087
168.19  -2.083
168.28  -2.079
168.38  -2.075
168.47  -2.070
168.57  -2.066
168.66  -2.061
168.76  -2.056
168.85  -2.051
168.95  -2.046
169.04  -2.040
169.14  -2.035
169.23  -2.030
169.33  -2.024
169.42  -2.019
169.52  -2.014
169.61  -2.008
169.71  -2.003
169.80  -1.998
169.89  -1.993
169.98  -1.988
170.07  -1.983
170.17  -1.978
170.26  -1.974
170.35  -1.969
170.44  -1.965
170.54  -1.961
170.63  -1.957
170.72  -1.953
170.81  -1.949
170.90  -1.945
170.99  -1.941
171.09  -1.937
171.18  -1.933
171.27  -1.929
171.37  -1.925
171.46  -1.920
171.55  -1.916
171.64  -1.912
171.73  -1.907
171.83  -1.902
171.92  -1.898
172.01  -1.893
172.10  -1.888
172.19  -1.883
172.29  -1.879
172.38  -1.874
172.47  -1.869
172.56  -1.864
172.65  -1.859
172.75  -1.855
172.84  -1.850
172.93  -1.845
173.02  -1.840
173.12  -1.836
173.21  -1.831
173.30  -1.827
173.39  -1.822
173.48  -1.818
173.58  -1.813
173.67  -1.808
173.76  -1.804
173.86  -1.799
173.95  -1.794
174.04  -1.790
174.13  -1.785
174.22  -1.780
174.31  -1.775
174.41  -1.770
174.50  -1.766
174.59  -1.761
174.69  -1.757
174.78  -1.752
174.87  -1.748
174.97  -1.743
175.06  -1.739
175.15  -1.734
175.24  -1.730
175.33  -1.725
175.43  -1.721
175.52  -1.717
175.61  -1.712
175.70  -1.708
175.79  -1.703
175.89  -1.699
175.98  -1.694
176.07  -1.689
176.17  -1.684
176.26  -1.679
176.35  -1.673
176.44  -1.668
176.54  -1.663
176.63  -1.657
176.72  -1.652
176.81  -1.647
176.91  -1.641
177.00  -1.636
177.09  -1.631
177.18  -1.626
177.28  -1.620
177.37  -1.616
177.46  -1.611
177.56  -1.606
177.65  -1.602
177.74  -1.598
177.84  -1.594
177.93  -1.590
178.02  -1.586
178.11  -1.583
178.20  -1.579
178.30  -1.575
178.39  -1.571
178.49  -1.567
178.58  -1.563
178.67  -1.559
178.76  -1.555
178.85  -1.551
178.95  -1.547
179.04  -1.543
179.13  -1.539
179.22  -1.535
179.31  -1.531
179.41  -1.526
179.50  -1.522
179.59  -1.518
179.69  -1.513
179.78  -1.508
179.87  -1.503
179.96  -1.498
180.06  -1.493
180.15  -1.488
180.24  -1.483
180.33  -1.477
180.43  -1.472
180.52  -1.466
180.61  -1.460
180.70  -1.454
180.80  -1.447
180.89  -1.441
180.98  -1.435
181.08  -1.429
181.17  -1.423
181.26  -1.418
181.36  -1.413
181.45  -1.408
181.55  -1.403
181.64  -1.399
181.73  -1.394
181.82  -1.389
181.92  -1.384
182.01  -1.379
182.10  -1.374
182.19  -1.368
182.28  -1.363
182.38  -1.357
182.47  -1.352
182.56  -1.346
182.65  -1.341
182.75  -1.335
182.84  -1.330
182.93  -1.325
183.02  -1.320
183.12  -1.315
183.21  -1.309
183.30  -1.304
183.39  -1.298
183.49  -1.291
183.58  -1.284
183.67  -1.277
183.77  -1.270
183.86  -1.263
183.95  -1.256
184.04  -1.249
184.13  -1.242
184.23  -1.236
184.32  -1.230
184.41  -1.224
184.51  -1.219
184.60  -1.213
184.69  -1.208
184.79  -1.203
184.88  -1.199
184.97  -1.194
185.07  -1.190
185.16  -1.186
185.25  -1.182
185.34  -1.178
185.44  -1.174
185.53  -1.171
185.63  -1.167
185.72  -1.164
185.81  -1.161
185.90  -1.157
186.00  -1.154
186.09  -1.150
186.18  -1.147
186.28  -1.143
186.37  -1.139
186.46  -1.135
186.56  -1.130
186.65  -1.125
186.74  -1.119
186.84  -1.114
186.93  -1.109
187.03  -1.103
187.12  -1.098
187.22  -1.092
187.31  -1.087
187.40  -1.081
187.50  -1.076
187.59  -1.070
187.68  -1.065
187.78  -1.060
187.87  -1.055
187.97  -1.051
188.06  -1.046
188.16  -1.042
188.25  -1.038
188.34  -1.035
188.44  -1.031
188.53  -1.027
188.62  -1.024
188.72  -1.020
188.81  -1.017
188.90  -1.013
189.00  -1.009
189.09  -1.006
189.18  -1.002
189.27  -0.998
189.37  -0.994
189.46  -0.990
189.55  -0.986
189.65  -0.981
189.74  -0.977
189.83  -0.972
189.93  -0.968
190.02  -0.963
190.11  -0.959
190.20  -0.954
190.30  -0.950
190.39  -0.945
190.48  -0.941
190.58  -0.936
190.67  -0.932
190.76  -0.928
190.86  -0.924
190.95  -0.920
191.04  -0.917
191.13  -0.913
191.22  -0.910
191.32  -0.907
191.41  -0.903
191.51  -0.900
191.60  -0.897
191.69  -0.894
191.78  -0.891
191.88  -0.887
191.97  -0.884
192.06  -0.881
192.15  -0.877
192.25  -0.874
192.34  -0.870
192.43  -0.865
192.53  -0.861
192.62  -0.856
192.72  -0.852
192.81  -0.847
192.90  -0.842
193.00  -0.837
193.09  -0.832
193.18  -0.827
193.28  -0.822
193.37  -0.817
193.46  -0.812
193.55  -0.807
193.65  -0.802
193.74  -0.798
193.84  -0.793
193.93  -0.788
194.02  -0.784
194.12  -0.779
194.21  -0.775
194.31  -0.771
194.40  -0.767
194.49  -0.762
194.58  -0.758
194.68  -0.754
194.77  -0.750
194.86  -0.746
194.96  -0.742
195.05  -0.737
195.15  -0.733
195.24  -0.729
195.33  -0.726
195.43  -0.722
195.52  -0.718
195.61  -0.715
195.71  -0.711
195.80  -0.707
195.90  -0.704
195.99  -0.700
196.08  -0.697
196.18  -0.693
196.27  -0.690
196.37  -0.686
196.46  -0.682
196.55  -0.678
196.65  -0.675
196.74  -0.671
196.83  -0.666
196.93  -0.662
197.02  -0.657
197.12  -0.653
197.21  -0.648
197.31  -0.643
197.40  -0.638
197.50  -0.632
197.59  -0.627
197.68  -0.622
197.78  -0.617
197.87  -0.612
197.97  -0.607
198.06  -0.601
198.15  -0.596
198.25  -0.591
198.34  -0.586
198.43  -0.581
198.53  -0.576
198.62  -0.571
198.72  -0.565
198.81  -0.561
198.91  -0.556
199.00  -0.551
199.09  -0.546
199.19  -0.541
199.28  -0.536
199.38  -0.531
199.47  -0.527
199.56  -0.522
199.66  -0.517
199.75  -0.513
199.84  -0.509
199.94  -0.505
200.03  -0.501
200.13  -0.498
200.22  -0.494
200.31  -0.491
200.41  -0.487
200.50  -0.484
200.59  -0.481
200.69  -0.478
200.78  -0.474
200.88  -0.471
200.97  -0.468
201.06  -0.465
201.16  -0.462
201.25  -0.458
201.35  -0.455
201.44  -0.451
201.53  -0.447
201.63  -0.443
201.72  -0.439
201.81  -0.434
201.91  -0.430
202.00  -0.426
202.10  -0.421
202.19  -0.417
202.29  -0.413
202.38  -0.408
202.47  -0.404
202.56  -0.399
202.66  -0.395
202.75  -0.390
202.83  -0.386
202.92  -0.381
203.02  -0.377
203.11  -0.372
203.20  -0.367
203.29  -0.363
203.38  -0.358
203.47  -0.353
203.56  -0.349
203.65  -0.344
203.74  -0.340
203.84  -0.335
203.93  -0.331
204.01  -0.326
204.10  -0.322
204.20  -0.317
204.29  -0.313
204.38  -0.309
204.47  -0.305
204.56  -0.301
204.65  -0.297
204.74  -0.293
204.83  -0.289
204.92  -0.286
205.01  -0.282
205.10  -0.279
205.19  -0.276
205.28  -0.273
205.37  -0.269
205.46  -0.266
205.54  -0.263
205.63  -0.259
205.72  -0.255
205.81  -0.251
205.90  -0.246
205.99  -0.240
206.08  -0.235
206.17  -0.229
206.26  -0.223
206.36  -0.217
206.45  -0.211
206.54  -0.205
206.63  -0.198
206.72  -0.191
206.81  -0.185
206.90  -0.178
206.99  -0.172
207.08  -0.166
207.17  -0.160
207.26  -0.155
207.35  -0.151
207.44  -0.147
207.53  -0.143
207.63  -0.140
207.72  -0.137
207.81  -0.134
207.90  -0.130
207.98  -0.127
208.08  -0.124
208.17  -0.121
208.26  -0.117
208.35  -0.114
208.44  -0.111
208.53  -0.108
208.62  -0.104
208.71  -0.100
208.80  -0.096
208.89  -0.092
208.98  -0.087
209.07  -0.083
209.16  -0.078
209.25  -0.074
209.34  -0.069
209.43  -0.065
209.52  -0.060
209.61  -0.056
209.70  -0.052
209.79  -0.047
209.89  -0.043
209.98  -0.039
210.06  -0.034
210.15  -0.030
210.25  -0.026
210.34  -0.022
210.43  -0.018
210.52  -0.014
210.61  -0.011
210.69  -0.007
210.79  -0.003
210.88   0.001
210.97   0.005
211.06   0.009
211.15   0.012
211.24   0.016
211.33   0.020
211.42   0.024
211.51   0.027
211.60   0.031
211.69   0.034
211.78   0.038
211.87   0.041
211.96   0.044
212.06   0.048
212.15   0.051
212.24   0.054
212.33   0.058
212.42   0.061
212.51   0.064
212.60   0.068
212.69   0.071
212.78   0.075
212.87   0.078
212.96   0.082
213.05   0.086
213.14   0.090
213.24   0.095
213.33   0.099
213.42   0.104
213.51   0.108
213.60   0.113
213.69   0.117
213.78   0.122
213.87   0.127
213.96   0.131
214.05   0.136
214.14   0.140
214.23   0.145
214.33   0.150
214.42   0.154
214.51   0.158
214.60   0.162
214.69   0.166
214.78   0.170
214.87   0.174
214.96   0.178
215.06   0.182
215.15   0.186
215.24   0.190
215.33   0.194
215.42   0.198
215.52   0.202
215.61   0.206
215.70   0.210
215.79   0.214
215.88   0.218
215.97   0.223
216.07   0.227
216.16   0.232
216.25   0.237
216.34   0.243
216.43   0.248
216.53   0.253
216.62   0.258
216.71   0.263
216.80   0.269
216.89   0.274
216.99   0.279
217.07   0.284
217.17   0.289
217.26   0.294
217.35   0.300
217.45   0.305
217.53   0.310
217.62   0.315
217.72   0.320
217.81   0.324
217.90   0.329
217.99   0.334
218.08   0.339
218.17   0.344
218.26   0.348
218.36   0.353
218.45   0.358
218.54   0.363
218.63   0.367
218.72   0.372
218.81   0.376
218.90   0.380
219.00   0.385
219.09   0.389
219.18   0.393
219.27   0.397
219.36   0.401
219.46   0.405
219.55   0.409
219.64   0.412
219.74   0.416
219.83   0.420
219.92   0.424
220.01   0.428
220.11   0.432
220.20   0.436
220.29   0.440
220.38   0.444
220.47   0.449
220.56   0.454
220.65   0.458
220.75   0.463
220.84   0.468
220.93   0.473
221.02   0.478
221.11   0.484
221.20   0.489
221.29   0.494
221.39   0.500
221.48   0.505
221.57   0.510
221.66   0.516
221.75   0.520
221.84   0.525
221.93   0.529
222.02   0.533
222.12   0.537
222.20   0.541
222.30   0.545
222.39   0.549
222.48   0.552
222.57   0.556
222.67   0.559
222.76   0.562
222.85   0.566
222.94   0.569
223.04   0.572
223.12   0.576
223.22   0.580
223.31   0.584
223.40   0.588
223.49   0.593
223.59   0.597
223.68   0.602
223.77   0.607
223.86   0.612
223.95   0.617
224.05   0.622
224.14   0.627
224.23   0.632
224.32   0.637
224.41   0.642
224.50   0.647
224.60   0.652
224.69   0.657
224.78   0.662
224.87   0.666
224.96   0.671
225.05   0.675
225.14   0.679
225.24   0.684
225.33   0.688
225.42   0.692
225.51   0.696
225.60   0.700
225.69   0.704
225.79   0.707
225.88   0.711
225.97   0.715
226.06   0.719
226.15   0.723
226.24   0.728
226.33   0.732
226.42   0.736
226.51   0.741
226.60   0.745
226.69   0.750
226.78   0.755
226.87   0.759
226.96   0.764
227.06   0.768
227.15   0.772
227.24   0.777
227.33   0.781
227.42   0.786
227.51   0.791
227.61   0.795
227.70   0.800
227.79   0.805
227.88   0.810
227.97   0.816
228.06   0.821
228.16   0.826
228.25   0.831
228.34   0.836
228.43   0.841
228.52   0.846
228.62   0.851
228.71   0.856
228.89   0.866
228.98   0.871
229.07   0.875
229.16   0.879
229.25   0.883
229.35   0.886
229.43   0.890
229.52   0.893
229.62   0.897
229.71   0.900
229.80   0.903
229.89   0.906
229.98   0.909
230.07   0.912
230.16   0.916
230.26   0.919
230.35   0.922
230.44   0.926
230.53   0.930
230.62   0.934
230.71   0.938
230.80   0.942
230.89   0.946
230.98   0.951
231.07   0.956
231.16   0.960
231.25   0.965
231.34   0.970
231.43   0.974
231.52   0.979
231.61   0.984
231.70   0.989
231.79   0.994
231.89   0.998
231.98   1.003
232.07   1.008
232.16   1.013
232.25   1.018
232.33   1.023
232.42   1.028
232.52   1.032
232.61   1.037
232.70   1.042
232.79   1.047
232.88   1.052
232.97   1.057
233.06   1.062
233.15   1.066
233.24   1.071
233.33   1.076
233.42   1.080
233.51   1.085
233.61   1.089
233.70   1.093
233.79   1.097
233.88   1.102
233.97   1.106
234.06   1.110
234.15   1.114
234.24   1.118
234.33   1.122
234.41   1.125
234.50   1.129
234.59   1.133
234.67   1.137
234.76   1.141
234.85   1.146
234.94   1.150
235.03   1.154
235.12   1.159
235.21   1.163
235.29   1.168
235.38   1.172
235.47   1.177
235.56   1.181
235.65   1.186
235.73   1.191
235.82   1.195
235.91   1.200
236.00   1.204
236.09   1.208
236.17   1.213
236.26   1.217
236.35   1.221
236.43   1.225
236.52   1.229
236.61   1.233
236.70   1.237
236.79   1.241
236.88   1.244
236.97   1.248
237.06   1.252
237.14   1.255
237.23   1.259
237.32   1.263
237.40   1.267
237.49   1.270
237.58   1.274
237.67   1.278
237.76   1.282
237.84   1.286
237.93   1.290
238.02   1.294
238.11   1.299
238.20   1.303
238.29   1.307
238.38   1.311
238.46   1.315
238.55   1.320
238.64   1.324
238.73   1.328
238.82   1.331
238.91   1.335
238.99   1.339
239.08   1.343
239.17   1.346
239.26   1.350
239.35   1.353
239.44   1.356
239.53   1.359
239.61   1.362
239.70   1.365
239.79   1.368
239.88   1.371
239.97   1.374
240.06   1.376
240.14   1.379
240.23   1.382
240.32   1.385
240.41   1.388
240.50   1.391
240.59   1.395
240.68   1.399
240.76   1.403
240.85   1.407
240.94   1.411
241.03   1.415
241.11   1.420
241.20   1.425
241.29   1.429
241.38   1.434
241.47   1.439
241.56   1.444
241.64   1.449
241.73   1.454
241.82   1.459
241.90   1.464
241.99   1.469
242.08   1.473
242.17   1.478
242.26   1.483
242.35   1.488
242.44   1.493
242.53   1.497
242.62   1.502
242.71   1.507
242.80   1.511
242.88   1.516
242.97   1.521
243.06   1.526
243.15   1.530
243.24   1.535
243.33   1.539
243.41   1.544
243.50   1.549
243.59   1.553
243.68   1.557
243.77   1.562
243.86   1.566
243.95   1.570
244.03   1.574
244.12   1.578
244.21   1.582
244.30   1.586
244.39   1.589
244.48   1.593
244.57   1.596
244.65   1.599
244.75   1.602
244.83   1.605
244.92   1.608
245.01   1.610
245.10   1.613
245.19   1.615
245.28   1.618
245.37   1.620
245.46   1.622
245.55   1.623
245.63   1.625
245.72   1.626
245.81   1.627
245.90   1.628
245.99   1.630
246.08   1.631
246.16   1.633
246.25   1.636
246.34   1.639
246.43   1.642
246.52   1.645
246.61   1.648
246.70   1.652
246.79   1.656
246.88   1.660
246.97   1.664
247.06   1.669
247.15   1.673
247.24   1.678
247.33   1.682
247.42   1.687
247.51   1.692
247.60   1.696
247.69   1.701
247.78   1.705
247.86   1.709
247.96   1.713
248.05   1.718
248.14   1.722
248.23   1.726
248.32   1.730
248.41   1.734
248.50   1.739
248.59   1.743
248.68   1.748
248.77   1.752
248.86   1.756
248.95   1.761
249.03   1.765
249.13   1.769
249.22   1.773
249.30   1.777
249.39   1.781
249.48   1.785
249.57   1.789
249.67   1.794
249.76   1.798
249.85   1.802
249.94   1.806
250.03   1.810
250.11   1.814
250.21   1.818
250.30   1.822
250.39   1.825
250.48   1.829
250.56   1.833
250.66   1.837
250.75   1.842
250.84   1.846
250.93   1.850
251.02   1.854
251.10   1.858
251.19   1.862
251.28   1.866
251.38   1.870
251.46   1.874
251.55   1.878
251.64   1.883
251.73   1.887
251.82   1.891
251.91   1.896
252.00   1.901
252.09   1.905
252.18   1.910
252.27   1.915
252.36   1.920
252.45   1.925
252.54   1.930
252.63   1.935
252.72   1.940
252.81   1.945
252.90   1.950
252.99   1.955
253.08   1.960
253.17   1.965
253.26   1.970
253.35   1.974
253.44   1.979
253.53   1.983
253.62   1.987
253.71   1.992
253.79   1.996
253.88   2.000
253.97   2.003
254.06   2.007
254.15   2.011
254.24   2.014
254.33   2.018
254.42   2.021
254.51   2.025
254.60   2.028
254.69   2.032
254.78   2.036
254.87   2.040
254.95   2.045
255.04   2.050
255.13   2.055
255.22   2.060
255.31   2.065
255.40   2.070
255.49   2.075
255.57   2.080
255.66   2.085
255.75   2.090
255.84   2.095
255.93   2.100
256.02   2.105
256.10   2.110
256.19   2.115
256.29   2.120
256.38   2.124
256.47   2.128
256.56   2.132
256.65   2.136
256.74   2.140
256.82   2.144
256.91   2.149
257.01   2.153
257.09   2.159
257.18   2.164
257.27   2.169
257.36   2.174
257.45   2.179
257.54   2.184
257.63   2.189
257.72   2.193
257.81   2.197
257.90   2.201
257.99   2.204
258.09   2.208
258.17   2.212
258.26   2.215
258.35   2.219
258.44   2.222
258.54   2.226
258.63   2.230
258.72   2.234
258.80   2.237
258.89   2.241
258.98   2.245
259.07   2.249
259.17   2.252
259.26   2.256
259.35   2.260
259.44   2.264
259.53   2.268
259.62   2.271
259.71   2.275
259.80   2.279
259.89   2.283
259.97   2.287
260.06   2.291
260.16   2.295
260.24   2.300
260.33   2.304
260.42   2.308
260.51   2.313
260.60   2.318
260.69   2.323
260.78   2.328
260.87   2.333
260.96   2.338
261.05   2.344
261.14   2.349
261.23   2.355
261.31   2.360
261.40   2.366
261.49   2.371
261.58   2.377
261.67   2.382
261.76   2.388
261.85   2.393
261.94   2.399
262.03   2.404
262.12   2.410
262.21   2.415
262.30   2.420
262.39   2.425
262.48   2.430
262.56   2.436
262.65   2.441
262.74   2.446
262.83   2.451
262.92   2.456
263.01   2.461
263.10   2.466
263.19   2.471
263.28   2.476
263.37   2.481
263.46   2.486
263.55   2.491
263.64   2.495
263.73   2.500
263.81   2.505
263.90   2.510
263.99   2.514
264.08   2.519
264.17   2.523
264.26   2.528
264.34   2.532
264.43   2.537
264.52   2.541
264.61   2.545
264.70   2.549
264.79   2.554
264.88   2.559
264.96   2.564
265.05   2.569
265.14   2.574
265.22   2.579
265.31   2.584
265.39   2.589
265.48   2.593
265.57   2.597
265.65   2.601
265.74   2.605
265.83   2.608
265.91   2.612
265.99   2.616
266.08   2.620
266.17   2.624
266.25   2.629
266.34   2.634
266.42   2.639
266.51   2.644
266.60   2.650
266.68   2.655
266.77   2.661
266.86   2.666
