  
  DOI/GTN-P Deep Borehole Array, Arctic Alaska 
             U.S. Geological Survey 
            Processed Temperature Log 
                    28-Aug-2013 
________________________________________________ 
  
Temperature Log Information: 
  Well name:   North Kalikpik 
  File name:   NKP_12AUG10_c_d 
  Log date:    10-AUG-2012 
  
Contact Information: 
  Gary Clow 
  U.S. Geological Survey 
  clow@usgs.gov 
  
Definitions: 
  Depth:        Depth below local ground surface (m) 
  Temperature:  ITS-90 temperature (°C) 
________________________________________________ 
             
 Depth  Temperature 
  5.34  -6.741
  5.43  -6.748
  5.53  -6.757
  5.63  -6.770
  5.74  -6.790
  5.82  -6.814
  5.92  -6.840
  6.02  -6.867
  6.12  -6.893
  6.21  -6.917
  6.32  -6.942
  6.41  -6.967
  6.51  -6.994
  6.61  -7.020
  6.71  -7.046
  6.81  -7.071
  6.90  -7.096
  7.00  -7.120
  7.10  -7.142
  7.21  -7.164
  7.31  -7.183
  7.40  -7.201
  7.51  -7.218
  7.60  -7.234
  7.70  -7.250
  7.80  -7.266
  7.89  -7.280
  8.00  -7.294
  8.09  -7.307
  8.19  -7.318
  8.28  -7.329
  8.38  -7.340
  8.48  -7.349
  8.58  -7.358
  8.68  -7.365
  8.78  -7.372
  8.88  -7.378
  8.98  -7.382
  9.08  -7.386
  9.18  -7.389
  9.28  -7.391
  9.38  -7.393
  9.47  -7.394
  9.57  -7.395
  9.67  -7.396
  9.77  -7.396
  9.87  -7.395
  9.97  -7.395
 10.06  -7.394
 10.16  -7.393
 10.26  -7.391
 10.35  -7.390
 10.45  -7.389
 10.55  -7.388
 10.65  -7.387
 10.75  -7.386
 10.85  -7.385
 10.95  -7.384
 11.05  -7.383
 11.15  -7.381
 11.25  -7.379
 11.35  -7.377
 11.45  -7.374
 11.55  -7.372
 11.65  -7.369
 11.75  -7.367
 11.85  -7.364
 11.95  -7.362
 12.04  -7.360
 12.13  -7.358
 12.23  -7.356
 12.34  -7.354
 12.43  -7.353
 12.53  -7.352
 12.64  -7.351
 12.73  -7.350
 12.83  -7.349
 12.93  -7.348
 13.03  -7.348
 13.13  -7.348
 13.23  -7.348
 13.33  -7.348
 13.43  -7.349
 13.53  -7.350
 13.63  -7.352
 13.73  -7.354
 13.83  -7.357
 13.93  -7.359
 14.02  -7.362
 14.12  -7.366
 14.22  -7.369
 14.31  -7.373
 14.42  -7.378
 14.52  -7.382
 14.61  -7.387
 14.72  -7.392
 14.82  -7.397
 14.91  -7.403
 15.01  -7.409
 15.11  -7.415
 15.21  -7.421
 15.31  -7.427
 15.42  -7.434
 15.53  -7.441
 15.63  -7.448
 15.74  -7.455
 15.84  -7.463
 15.94  -7.470
 16.05  -7.478
 16.15  -7.486
 16.26  -7.494
 16.36  -7.503
 16.47  -7.511
 16.58  -7.520
 16.68  -7.528
 16.79  -7.537
 16.89  -7.546
 17.00  -7.555
 17.11  -7.565
 17.21  -7.574
 17.32  -7.583
 17.42  -7.593
 17.53  -7.602
 17.63  -7.612
 17.74  -7.622
 17.85  -7.632
 17.95  -7.641
 18.05  -7.651
 18.16  -7.661
 18.26  -7.671
 18.37  -7.680
 18.47  -7.690
 18.58  -7.699
 18.68  -7.709
 18.79  -7.718
 18.89  -7.727
 19.00  -7.736
 19.11  -7.745
 19.21  -7.754
 19.32  -7.763
 19.42  -7.773
 19.53  -7.782
 19.64  -7.791
 19.74  -7.800
 19.85  -7.809
 19.96  -7.818
 20.06  -7.828
 20.16  -7.837
 20.26  -7.846
 20.36  -7.856
 20.47  -7.865
 20.58  -7.875
 20.68  -7.884
 20.79  -7.894
 20.90  -7.903
 21.00  -7.913
 21.11  -7.922
 21.21  -7.932
 21.32  -7.941
 21.43  -7.951
 21.53  -7.960
 21.64  -7.970
 21.74  -7.979
 21.85  -7.988
 21.95  -7.997
 22.06  -8.007
 22.16  -8.016
 22.27  -8.025
 22.37  -8.034
 22.47  -8.043
 22.58  -8.052
 22.69  -8.061
 22.79  -8.069
 22.90  -8.078
 23.00  -8.087
 23.11  -8.095
 23.21  -8.104
 23.32  -8.112
 23.43  -8.120
 23.53  -8.129
 23.64  -8.137
 23.74  -8.145
 23.85  -8.153
 23.96  -8.160
 24.06  -8.168
 24.17  -8.176
 24.27  -8.183
 24.37  -8.191
 24.47  -8.198
 24.58  -8.205
 24.68  -8.212
 24.78  -8.219
 24.89  -8.226
 24.99  -8.232
 25.10  -8.239
 25.20  -8.245
 25.30  -8.252
 25.41  -8.258
 25.51  -8.264
 25.61  -8.270
 25.71  -8.276
 25.81  -8.281
 25.92  -8.287
 26.01  -8.292
 26.12  -8.298
 26.22  -8.303
 26.32  -8.308
 26.43  -8.313
 26.53  -8.318
 26.63  -8.323
 26.74  -8.328
 26.84  -8.332
 26.95  -8.337
 27.05  -8.341
 27.15  -8.346
 27.25  -8.350
 27.35  -8.354
 27.45  -8.359
 27.56  -8.363
 27.66  -8.367
 27.76  -8.370
 27.87  -8.374
 27.97  -8.378
 28.07  -8.381
 28.18  -8.385
 28.28  -8.388
 28.38  -8.392
 28.48  -8.395
 28.59  -8.398
 28.69  -8.401
 28.80  -8.404
 28.89  -8.407
 28.99  -8.410
 29.10  -8.413
 29.20  -8.416
 29.30  -8.419
 29.41  -8.421
 29.51  -8.424
 29.62  -8.426
 29.72  -8.428
 29.82  -8.431
 29.92  -8.433
 30.03  -8.435
 30.13  -8.437
 30.23  -8.439
 30.33  -8.440
 30.44  -8.442
 30.54  -8.443
 30.65  -8.445
 30.74  -8.446
 30.85  -8.447
 30.95  -8.448
 31.06  -8.449
 31.16  -8.450
 31.26  -8.451
 31.36  -8.452
 31.47  -8.453
 31.57  -8.454
 31.67  -8.455
 31.78  -8.456
 31.88  -8.456
 31.98  -8.457
 32.08  -8.458
 32.18  -8.458
 32.29  -8.459
 32.40  -8.459
 32.49  -8.460
 32.60  -8.460
 32.71  -8.461
 32.81  -8.461
 32.91  -8.462
 33.01  -8.462
 33.12  -8.462
 33.22  -8.463
 33.32  -8.463
 33.42  -8.463
 33.52  -8.464
 33.63  -8.464
 33.73  -8.464
 33.83  -8.465
 33.94  -8.465
 34.04  -8.465
 34.14  -8.465
 34.25  -8.466
 34.35  -8.466
 34.46  -8.466
 34.56  -8.466
 34.66  -8.467
 34.76  -8.467
 34.87  -8.467
 34.97  -8.467
 35.06  -8.467
 35.17  -8.467
 35.27  -8.467
 35.38  -8.466
 35.48  -8.466
 35.58  -8.466
 35.69  -8.466
 35.79  -8.465
 35.89  -8.465
 36.00  -8.465
 36.10  -8.464
 36.20  -8.464
 36.30  -8.463
 36.41  -8.462
 36.51  -8.462
 36.61  -8.461
 36.71  -8.461
 36.81  -8.460
 36.92  -8.459
 37.02  -8.459
 37.12  -8.458
 37.23  -8.457
 37.33  -8.457
 37.43  -8.456
 37.53  -8.455
 37.64  -8.454
 37.74  -8.453
 37.84  -8.452
 37.94  -8.451
 38.05  -8.450
 38.15  -8.449
 38.25  -8.448
 38.35  -8.446
 38.45  -8.445
 38.56  -8.443
 38.66  -8.442
 38.76  -8.440
 38.86  -8.438
 38.97  -8.436
 39.07  -8.434
 39.17  -8.432
 39.27  -8.430
 39.37  -8.428
 39.48  -8.426
 39.58  -8.424
 39.68  -8.422
 39.78  -8.420
 39.88  -8.418
 39.99  -8.416
 40.09  -8.414
 40.19  -8.412
 40.30  -8.410
 40.40  -8.408
 40.50  -8.406
 40.61  -8.404
 40.70  -8.401
 40.80  -8.399
 40.91  -8.397
 41.01  -8.395
 41.11  -8.393
 41.21  -8.391
 41.31  -8.389
 41.42  -8.386
 41.52  -8.384
 41.62  -8.382
 41.73  -8.380
 41.83  -8.378
 41.93  -8.376
 42.04  -8.374
 42.14  -8.372
 42.24  -8.369
 42.34  -8.367
 42.45  -8.365
 42.55  -8.363
 42.65  -8.361
 42.75  -8.359
 42.85  -8.357
 42.96  -8.354
 43.06  -8.352
 43.16  -8.350
 43.27  -8.347
 43.37  -8.345
 43.47  -8.343
 43.57  -8.340
 43.67  -8.338
 43.78  -8.335
 43.88  -8.332
 43.99  -8.330
 44.08  -8.327
 44.19  -8.325
 44.29  -8.322
 44.39  -8.319
 44.50  -8.316
 44.60  -8.314
 44.70  -8.311
 44.80  -8.308
 44.91  -8.305
 45.01  -8.302
 45.11  -8.299
 45.22  -8.296
 45.32  -8.293
 45.42  -8.290
 45.52  -8.287
 45.62  -8.284
 45.73  -8.281
 45.83  -8.277
 45.93  -8.274
 46.04  -8.271
 46.14  -8.268
 46.24  -8.264
 46.35  -8.261
 46.45  -8.258
 46.55  -8.255
 46.65  -8.251
 46.76  -8.248
 46.85  -8.245
 46.96  -8.241
 47.06  -8.238
 47.16  -8.235
 47.27  -8.231
 47.37  -8.228
 47.48  -8.225
 47.58  -8.221
 47.68  -8.218
 47.79  -8.215
 47.89  -8.211
 47.99  -8.208
 48.09  -8.204
 48.20  -8.201
 48.29  -8.198
 48.40  -8.194
 48.50  -8.191
 48.60  -8.187
 48.71  -8.184
 48.81  -8.180
 48.92  -8.177
 49.02  -8.173
 49.12  -8.170
 49.22  -8.166
 49.33  -8.163
 49.43  -8.159
 49.53  -8.156
 49.63  -8.152
 49.73  -8.148
 49.84  -8.145
 49.94  -8.141
 50.04  -8.137
 50.15  -8.134
 50.25  -8.130
 50.35  -8.126
 50.46  -8.122
 50.56  -8.119
 50.66  -8.115
 50.76  -8.111
 50.87  -8.107
 50.97  -8.103
 51.07  -8.099
 51.18  -8.095
 51.28  -8.092
 51.38  -8.088
 51.49  -8.084
 51.59  -8.080
 51.69  -8.076
 51.79  -8.071
 51.89  -8.067
 52.00  -8.063
 52.10  -8.059
 52.20  -8.055
 52.31  -8.051
 52.41  -8.047
 52.51  -8.042
 52.62  -8.038
 52.72  -8.034
 52.82  -8.030
 52.92  -8.026
 53.02  -8.022
 53.13  -8.017
 53.23  -8.013
 53.34  -8.009
 53.43  -8.005
 53.53  -8.001
 53.64  -7.997
 53.74  -7.993
 53.84  -7.989
 53.95  -7.985
 54.05  -7.981
 54.15  -7.977
 54.26  -7.973
 54.36  -7.969
 54.46  -7.965
 54.56  -7.961
 54.67  -7.957
 54.77  -7.953
 54.87  -7.949
 54.97  -7.945
 55.08  -7.941
 55.18  -7.937
 55.28  -7.933
 55.38  -7.929
 55.49  -7.926
 55.59  -7.922
 55.69  -7.918
 55.79  -7.914
 55.89  -7.910
 56.00  -7.906
 56.10  -7.902
 56.20  -7.899
 56.31  -7.895
 56.41  -7.891
 56.51  -7.888
 56.61  -7.884
 56.72  -7.881
 56.82  -7.878
 56.92  -7.874
 57.02  -7.871
 57.13  -7.867
 57.23  -7.864
 57.33  -7.861
 57.43  -7.857
 57.54  -7.854
 57.64  -7.851
 57.74  -7.847
 57.85  -7.844
 57.95  -7.840
 58.05  -7.836
 58.15  -7.832
 58.25  -7.828
 58.36  -7.824
 58.46  -7.820
 58.56  -7.816
 58.66  -7.811
 58.77  -7.807
 58.87  -7.803
 58.97  -7.798
 59.08  -7.794
 59.18  -7.790
 59.28  -7.785
 59.38  -7.781
 59.49  -7.776
 59.59  -7.772
 59.69  -7.768
 59.80  -7.763
 59.90  -7.759
 60.00  -7.755
 60.10  -7.751
 60.20  -7.747
 60.30  -7.743
 60.40  -7.739
 60.51  -7.735
 60.61  -7.731
 60.71  -7.726
 60.82  -7.722
 60.92  -7.718
 61.02  -7.714
 61.12  -7.709
 61.23  -7.705
 61.33  -7.701
 61.43  -7.696
 61.53  -7.692
 61.64  -7.687
 61.74  -7.683
 61.84  -7.678
 61.94  -7.674
 62.05  -7.669
 62.15  -7.665
 62.24  -7.660
 62.35  -7.656
 62.45  -7.651
 62.55  -7.646
 62.65  -7.642
 62.76  -7.637
 62.86  -7.632
 62.96  -7.627
 63.06  -7.623
 63.16  -7.618
 63.27  -7.613
 63.37  -7.608
 63.47  -7.604
 63.57  -7.599
 63.67  -7.594
 63.78  -7.589
 63.88  -7.584
 63.98  -7.579
 64.08  -7.575
 64.18  -7.570
 64.29  -7.565
 64.39  -7.560
 64.48  -7.555
 64.58  -7.550
 64.68  -7.544
 64.78  -7.539
 64.88  -7.534
 64.98  -7.529
 65.08  -7.524
 65.18  -7.519
 65.28  -7.513
 65.38  -7.508
 65.48  -7.503
 65.58  -7.498
 65.68  -7.492
 65.78  -7.487
 65.88  -7.482
 65.98  -7.476
 66.08  -7.471
 66.18  -7.466
 66.28  -7.461
 66.38  -7.455
 66.47  -7.450
 66.57  -7.445
 66.68  -7.440
 66.78  -7.434
 66.87  -7.429
 66.98  -7.424
 67.08  -7.419
 67.18  -7.414
 67.28  -7.408
 67.38  -7.403
 67.48  -7.398
 67.58  -7.393
 67.68  -7.388
 67.78  -7.383
 67.88  -7.378
 67.98  -7.373
 68.08  -7.368
 68.18  -7.364
 68.29  -7.359
 68.39  -7.354
 68.49  -7.349
 68.59  -7.345
 68.68  -7.340
 68.78  -7.335
 68.88  -7.331
 68.98  -7.326
 69.09  -7.321
 69.19  -7.316
 69.29  -7.312
 69.39  -7.307
 69.49  -7.301
 69.59  -7.296
 69.69  -7.291
 69.79  -7.286
 69.89  -7.280
 69.99  -7.275
 70.09  -7.270
 70.19  -7.264
 70.30  -7.259
 70.40  -7.254
 70.50  -7.248
 70.59  -7.243
 70.69  -7.237
 70.79  -7.232
 70.89  -7.227
 71.00  -7.222
 71.10  -7.216
 71.20  -7.211
 71.30  -7.206
 71.40  -7.201
 71.50  -7.196
 71.60  -7.191
 71.70  -7.187
 71.80  -7.182
 71.90  -7.177
 72.00  -7.172
 72.10  -7.167
 72.21  -7.162
 72.31  -7.157
 72.41  -7.153
 72.51  -7.148
 72.61  -7.143
 72.70  -7.138
 72.80  -7.133
 72.90  -7.128
 73.01  -7.123
 73.11  -7.118
 73.21  -7.113
 73.31  -7.108
 73.41  -7.103
 73.51  -7.098
 73.62  -7.093
 73.72  -7.088
 73.81  -7.083
 73.92  -7.078
 74.02  -7.073
 74.12  -7.068
 74.22  -7.064
 74.32  -7.059
 74.42  -7.055
 74.52  -7.050
 74.62  -7.046
 74.72  -7.042
 74.82  -7.037
 74.92  -7.033
 75.02  -7.029
 75.12  -7.024
 75.22  -7.020
 75.32  -7.016
 75.42  -7.011
 75.52  -7.007
 75.62  -7.003
 75.72  -6.998
 75.83  -6.994
 75.93  -6.989
 76.03  -6.985
 76.13  -6.980
 76.23  -6.975
 76.33  -6.970
 76.43  -6.966
 76.53  -6.961
 76.63  -6.956
 76.73  -6.951
 76.82  -6.946
 76.92  -6.941
 77.03  -6.936
 77.13  -6.931
 77.23  -6.926
 77.33  -6.921
 77.43  -6.916
 77.53  -6.910
 77.63  -6.905
 77.73  -6.899
 77.83  -6.894
 77.93  -6.888
 78.03  -6.882
 78.13  -6.876
 78.23  -6.871
 78.34  -6.865
 78.44  -6.860
 78.54  -6.854
 78.64  -6.849
 78.74  -6.843
 78.83  -6.837
 78.93  -6.832
 79.03  -6.826
 79.14  -6.820
 79.24  -6.814
 79.34  -6.808
 79.44  -6.802
 79.54  -6.796
 79.64  -6.790
 79.74  -6.784
 79.84  -6.778
 79.94  -6.772
 80.04  -6.766
 80.15  -6.761
 80.25  -6.755
 80.35  -6.749
 80.45  -6.744
 80.55  -6.738
 80.65  -6.733
 80.75  -6.727
 80.85  -6.722
 80.95  -6.717
 81.05  -6.712
 81.15  -6.707
 81.25  -6.701
 81.35  -6.696
 81.45  -6.691
 81.56  -6.686
 81.66  -6.681
 81.76  -6.676
 81.86  -6.671
 81.96  -6.666
 82.06  -6.661
 82.16  -6.656
 82.26  -6.651
 82.36  -6.646
 82.47  -6.641
 82.57  -6.635
 82.67  -6.630
 82.77  -6.625
 82.87  -6.619
 82.97  -6.614
 83.07  -6.608
 83.17  -6.603
 83.27  -6.598
 83.37  -6.592
 83.47  -6.587
 83.57  -6.581
 83.68  -6.576
 83.78  -6.570
 83.88  -6.565
 83.98  -6.560
 84.08  -6.554
 84.18  -6.549
 84.28  -6.543
 84.39  -6.538
 84.49  -6.533
 84.59  -6.527
 84.69  -6.522
 84.79  -6.516
 84.89  -6.511
 84.99  -6.506
 85.09  -6.500
 85.19  -6.495
 85.29  -6.489
 85.39  -6.484
 85.49  -6.478
 85.59  -6.473
 85.69  -6.467
 85.80  -6.462
 85.90  -6.456
 85.99  -6.451
 86.10  -6.445
 86.20  -6.440
 86.30  -6.434
 86.40  -6.429
 86.50  -6.423
 86.60  -6.418
 86.70  -6.412
 86.81  -6.407
 86.91  -6.401
 87.01  -6.396
 87.11  -6.390
 87.21  -6.384
 87.31  -6.379
 87.41  -6.373
 87.51  -6.367
 87.61  -6.361
 87.71  -6.356
 87.81  -6.350
 87.91  -6.344
 88.01  -6.338
 88.11  -6.333
 88.22  -6.327
 88.32  -6.321
 88.42  -6.315
 88.52  -6.310
 88.62  -6.304
 88.72  -6.298
 88.82  -6.293
 88.92  -6.287
 89.02  -6.281
 89.12  -6.276
 89.22  -6.270
 89.32  -6.265
 89.43  -6.259
 89.53  -6.254
 89.62  -6.248
 89.73  -6.243
 89.83  -6.238
 89.93  -6.232
 90.03  -6.227
 90.13  -6.222
 90.23  -6.216
 90.33  -6.211
 90.43  -6.205
 90.53  -6.200
 90.63  -6.194
 90.74  -6.189
 90.84  -6.183
 90.94  -6.178
 91.04  -6.172
 91.14  -6.167
 91.24  -6.162
 91.35  -6.156
 91.45  -6.151
 91.55  -6.146
 91.64  -6.141
 91.74  -6.135
 91.85  -6.130
 91.95  -6.126
 92.05  -6.121
 92.15  -6.117
 92.25  -6.112
 92.35  -6.108
 92.45  -6.104
 92.56  -6.099
 92.65  -6.095
 92.76  -6.091
 92.86  -6.087
 92.96  -6.082
 93.06  -6.078
 93.16  -6.073
 93.26  -6.069
 93.37  -6.064
 93.47  -6.059
 93.57  -6.054
 93.66  -6.049
 93.76  -6.043
 93.86  -6.037
 93.97  -6.031
 94.07  -6.025
 94.17  -6.019
 94.27  -6.012
 94.37  -6.006
 94.47  -5.999
 94.57  -5.993
 94.68  -5.986
 94.77  -5.980
 94.87  -5.973
 94.98  -5.967
 95.08  -5.961
 95.18  -5.954
 95.28  -5.948
 95.38  -5.943
 95.48  -5.937
 95.58  -5.931
 95.68  -5.926
 95.78  -5.920
 95.88  -5.915
 95.98  -5.909
 96.08  -5.904
 96.18  -5.898
 96.28  -5.892
 96.38  -5.886
 96.49  -5.880
 96.59  -5.874
 96.69  -5.868
 96.79  -5.862
 96.89  -5.856
 96.99  -5.850
 97.09  -5.844
 97.19  -5.837
 97.30  -5.831
 97.40  -5.825
 97.50  -5.819
 97.59  -5.812
 97.69  -5.806
 97.79  -5.800
 97.90  -5.794
 98.00  -5.787
 98.10  -5.781
 98.20  -5.775
 98.30  -5.768
 98.40  -5.762
 98.50  -5.756
 98.60  -5.750
 98.70  -5.744
 98.80  -5.738
 98.91  -5.732
 99.01  -5.726
 99.11  -5.720
 99.21  -5.714
 99.31  -5.708
 99.41  -5.702
 99.51  -5.696
 99.61  -5.690
 99.71  -5.684
 99.81  -5.678
 99.91  -5.672
100.01  -5.666
100.12  -5.660
100.21  -5.654
100.32  -5.648
100.42  -5.643
100.52  -5.637
100.62  -5.631
100.72  -5.625
100.82  -5.619
100.93  -5.614
101.03  -5.608
101.13  -5.602
101.22  -5.597
101.32  -5.591
101.42  -5.586
101.52  -5.580
101.63  -5.574
101.73  -5.569
101.82  -5.563
101.93  -5.557
102.03  -5.551
102.13  -5.546
102.23  -5.540
102.33  -5.534
102.43  -5.529
102.53  -5.523
102.63  -5.517
102.73  -5.512
102.83  -5.506
102.93  -5.501
103.03  -5.495
103.13  -5.490
103.22  -5.485
103.31  -5.480
103.41  -5.476
103.51  -5.471
103.61  -5.467
103.71  -5.463
103.81  -5.458
103.91  -5.454
104.00  -5.450
104.10  -5.445
104.20  -5.440
104.30  -5.436
104.40  -5.431
104.50  -5.426
104.60  -5.421
104.69  -5.415
104.78  -5.410
104.88  -5.404
104.98  -5.398
105.08  -5.392
105.18  -5.386
105.28  -5.379
105.38  -5.373
105.48  -5.367
105.57  -5.360
105.67  -5.354
105.87  -5.342
105.97  -5.336
106.07  -5.330
106.17  -5.324
106.26  -5.318
106.36  -5.312
106.46  -5.306
106.56  -5.301
106.65  -5.295
106.75  -5.290
106.85  -5.285
106.95  -5.280
107.05  -5.274
107.15  -5.269
107.24  -5.264
107.34  -5.259
107.44  -5.254
107.54  -5.249
107.64  -5.244
107.74  -5.238
107.83  -5.233
107.93  -5.228
108.03  -5.223
108.13  -5.217
108.22  -5.212
108.33  -5.206
108.41  -5.201
108.52  -5.196
108.62  -5.190
108.71  -5.185
108.81  -5.179
108.91  -5.174
109.01  -5.168
109.11  -5.163
109.21  -5.157
109.30  -5.152
109.40  -5.147
109.50  -5.141
109.60  -5.136
109.70  -5.131
109.79  -5.126
109.89  -5.120
109.98  -5.115
110.08  -5.110
110.18  -5.105
110.28  -5.100
110.38  -5.095
110.48  -5.090
110.58  -5.085
110.68  -5.079
110.77  -5.074
110.87  -5.069
110.97  -5.064
111.07  -5.059
111.17  -5.053
111.27  -5.048
111.36  -5.043
111.45  -5.037
111.55  -5.032
111.65  -5.027
111.75  -5.021
111.85  -5.016
111.95  -5.010
112.05  -5.005
112.15  -5.000
112.24  -4.994
112.34  -4.989
112.44  -4.983
112.54  -4.978
112.64  -4.972
112.74  -4.967
112.83  -4.961
112.93  -4.956
113.03  -4.950
113.13  -4.945
113.23  -4.939
113.32  -4.934
113.42  -4.928
113.52  -4.923
113.62  -4.917
113.72  -4.911
113.82  -4.906
113.92  -4.900
114.02  -4.895
114.11  -4.889
114.20  -4.884
114.30  -4.878
114.40  -4.873
114.50  -4.867
114.60  -4.862
114.70  -4.856
114.80  -4.851
114.90  -4.845
115.00  -4.840
115.09  -4.834
115.19  -4.829
115.29  -4.823
115.38  -4.818
115.49  -4.812
115.59  -4.807
115.68  -4.801
115.78  -4.796
115.88  -4.791
115.98  -4.785
116.08  -4.780
116.18  -4.775
116.28  -4.770
116.37  -4.764
116.47  -4.759
116.57  -4.754
116.66  -4.749
116.76  -4.743
116.86  -4.738
116.96  -4.733
117.06  -4.728
117.16  -4.723
117.25  -4.717
117.36  -4.712
117.45  -4.707
117.55  -4.701
117.65  -4.696
117.75  -4.691
117.85  -4.686
117.94  -4.680
118.04  -4.675
118.14  -4.670
118.24  -4.664
118.34  -4.659
118.43  -4.654
118.53  -4.649
118.63  -4.643
118.73  -4.638
118.83  -4.633
118.93  -4.628
119.02  -4.623
119.12  -4.618
119.22  -4.613
119.32  -4.608
119.42  -4.603
119.52  -4.598
119.62  -4.594
119.71  -4.589
119.81  -4.584
119.91  -4.579
120.01  -4.574
120.11  -4.569
120.20  -4.564
120.30  -4.559
120.40  -4.554
120.50  -4.549
120.59  -4.544
120.69  -4.540
120.80  -4.535
120.89  -4.530
120.99  -4.526
121.09  -4.521
121.19  -4.516
121.29  -4.511
121.38  -4.506
121.47  -4.500
121.58  -4.495
121.68  -4.490
121.77  -4.484
121.87  -4.478
121.97  -4.473
122.07  -4.467
122.17  -4.462
122.27  -4.456
122.37  -4.450
122.47  -4.445
122.56  -4.439
122.65  -4.434
122.75  -4.428
122.86  -4.422
122.95  -4.417
123.05  -4.411
123.15  -4.405
123.25  -4.399
123.35  -4.393
123.45  -4.387
123.55  -4.382
123.65  -4.376
123.74  -4.371
123.83  -4.366
123.93  -4.361
124.03  -4.356
124.13  -4.351
124.23  -4.346
124.33  -4.341
124.43  -4.336
124.53  -4.331
124.63  -4.326
124.72  -4.321
124.81  -4.316
124.91  -4.311
125.01  -4.306
125.11  -4.301
125.21  -4.295
125.31  -4.289
125.41  -4.284
125.51  -4.278
125.61  -4.272
125.71  -4.266
125.80  -4.260
125.90  -4.254
125.99  -4.248
126.09  -4.242
126.19  -4.236
126.29  -4.230
126.39  -4.224
126.49  -4.218
126.59  -4.212
126.69  -4.206
126.79  -4.201
126.88  -4.195
126.98  -4.189
127.08  -4.184
127.17  -4.178
127.27  -4.173
127.37  -4.168
127.47  -4.163
127.57  -4.157
127.67  -4.152
127.77  -4.147
127.87  -4.142
127.97  -4.137
128.07  -4.131
128.16  -4.126
128.25  -4.121
128.35  -4.116
128.45  -4.111
128.55  -4.106
128.65  -4.102
128.75  -4.097
128.85  -4.092
128.95  -4.087
129.05  -4.082
129.14  -4.077
129.25  -4.073
129.34  -4.068
129.43  -4.063
129.53  -4.058
129.63  -4.054
129.73  -4.049
129.83  -4.044
129.93  -4.039
130.03  -4.035
130.13  -4.030
130.23  -4.025
130.33  -4.021
130.42  -4.016
130.53  -4.011
130.62  -4.007
130.71  -4.002
130.81  -3.997
130.91  -3.992
131.01  -3.988
131.11  -3.983
131.21  -3.978
131.31  -3.973
131.41  -3.968
131.50  -3.963
131.60  -3.958
131.70  -3.953
131.79  -3.948
131.89  -3.943
131.99  -3.938
132.09  -3.933
132.19  -3.928
132.29  -3.923
132.39  -3.918
132.49  -3.912
132.59  -3.907
132.68  -3.902
132.78  -3.897
132.87  -3.892
132.97  -3.887
133.07  -3.882
133.17  -3.877
133.27  -3.872
133.37  -3.866
133.47  -3.861
133.56  -3.856
133.66  -3.852
133.77  -3.847
133.86  -3.842
133.96  -3.837
134.05  -3.832
134.15  -3.827
134.25  -3.822
134.35  -3.817
134.45  -3.812
134.55  -3.808
134.65  -3.803
134.75  -3.799
134.84  -3.794
134.94  -3.790
135.04  -3.786
135.14  -3.781
135.23  -3.777
135.34  -3.773
135.43  -3.769
135.53  -3.765
135.63  -3.761
135.73  -3.756
135.83  -3.752
135.93  -3.748
136.03  -3.744
136.13  -3.739
136.23  -3.735
136.31  -3.730
136.41  -3.725
136.51  -3.720
136.61  -3.715
136.71  -3.710
136.81  -3.705
136.91  -3.700
137.01  -3.695
137.11  -3.689
137.21  -3.684
137.31  -3.679
137.40  -3.674
137.50  -3.669
137.59  -3.664
137.70  -3.659
137.79  -3.654
137.89  -3.649
137.99  -3.644
138.09  -3.639
138.19  -3.635
138.29  -3.630
138.39  -3.626
138.49  -3.621
138.58  -3.617
138.68  -3.612
138.77  -3.608
138.87  -3.603
138.97  -3.599
139.07  -3.594
139.17  -3.590
139.27  -3.585
139.36  -3.581
139.47  -3.576
139.56  -3.572
139.66  -3.567
139.75  -3.563
139.85  -3.558
139.95  -3.554
140.04  -3.549
140.15  -3.545
140.25  -3.540
140.34  -3.536
140.44  -3.531
140.53  -3.527
140.63  -3.522
140.73  -3.518
140.81  -3.513
140.91  -3.508
141.00  -3.503
141.10  -3.499
141.20  -3.494
141.29  -3.489
141.39  -3.484
141.49  -3.479
141.58  -3.474
141.68  -3.469
141.78  -3.464
141.87  -3.459
141.97  -3.453
142.06  -3.448
142.15  -3.443
142.25  -3.438
142.35  -3.433
142.44  -3.428
142.54  -3.423
142.64  -3.418
142.73  -3.413
142.83  -3.408
142.93  -3.403
143.03  -3.398
143.12  -3.393
143.22  -3.388
143.32  -3.384
143.42  -3.379
143.53  -3.374
143.63  -3.369
143.73  -3.364
143.83  -3.359
143.93  -3.353
144.03  -3.348
144.13  -3.343
144.22  -3.338
144.32  -3.332
144.42  -3.327
144.52  -3.322
144.62  -3.316
144.73  -3.311
144.83  -3.305
144.93  -3.300
145.03  -3.294
145.13  -3.289
145.23  -3.284
145.33  -3.278
145.42  -3.273
145.52  -3.267
145.63  -3.262
145.72  -3.256
145.83  -3.251
145.93  -3.246
146.03  -3.240
146.13  -3.235
146.23  -3.230
146.33  -3.224
146.43  -3.219
146.53  -3.214
146.62  -3.209
146.73  -3.203
146.83  -3.198
146.93  -3.193
147.03  -3.188
147.13  -3.182
147.23  -3.177
147.33  -3.172
147.43  -3.167
147.53  -3.162
147.63  -3.157
147.72  -3.152
147.82  -3.147
147.92  -3.142
148.03  -3.137
148.13  -3.132
148.23  -3.127
148.33  -3.122
148.43  -3.117
148.53  -3.112
148.63  -3.107
148.73  -3.102
148.83  -3.097
148.93  -3.092
149.02  -3.086
149.12  -3.081
149.23  -3.076
149.33  -3.071
149.43  -3.066
149.53  -3.061
149.63  -3.056
149.73  -3.051
149.83  -3.046
149.93  -3.041
150.02  -3.036
150.12  -3.031
150.22  -3.025
150.32  -3.020
150.42  -3.015
150.53  -3.010
150.62  -3.005
150.73  -3.000
150.83  -2.994
150.93  -2.989
151.03  -2.984
151.13  -2.979
151.22  -2.974
151.32  -2.969
151.42  -2.963
151.52  -2.958
151.63  -2.953
151.73  -2.948
151.83  -2.943
151.93  -2.937
152.03  -2.932
152.13  -2.927
152.23  -2.922
152.33  -2.917
152.42  -2.912
152.52  -2.907
152.62  -2.902
152.72  -2.897
152.82  -2.892
152.93  -2.887
153.03  -2.882
153.13  -2.876
153.23  -2.871
153.33  -2.866
153.43  -2.860
153.52  -2.855
153.62  -2.850
153.72  -2.845
153.82  -2.840
153.92  -2.836
154.02  -2.831
154.13  -2.826
154.22  -2.821
154.33  -2.816
154.43  -2.811
154.53  -2.806
154.62  -2.800
154.72  -2.794
154.82  -2.788
154.92  -2.782
155.02  -2.776
155.12  -2.770
155.22  -2.764
155.32  -2.758
155.42  -2.751
155.52  -2.745
155.63  -2.739
155.73  -2.732
155.82  -2.726
155.92  -2.720
156.02  -2.713
156.12  -2.708
156.22  -2.702
156.32  -2.697
156.42  -2.692
156.53  -2.687
156.62  -2.681
156.72  -2.676
156.82  -2.671
156.93  -2.666
157.02  -2.661
157.12  -2.656
157.22  -2.650
157.32  -2.645
157.42  -2.640
157.52  -2.635
157.62  -2.629
157.72  -2.625
157.82  -2.620
157.92  -2.615
158.03  -2.610
158.12  -2.606
158.22  -2.601
158.32  -2.596
158.42  -2.591
158.52  -2.585
158.62  -2.580
158.72  -2.574
158.82  -2.568
158.93  -2.562
159.03  -2.557
159.12  -2.551
159.22  -2.545
159.32  -2.540
159.42  -2.534
159.52  -2.528
159.62  -2.523
159.72  -2.518
159.82  -2.512
159.92  -2.507
160.02  -2.502
160.12  -2.497
160.22  -2.492
160.32  -2.487
160.41  -2.482
160.52  -2.477
160.62  -2.473
160.72  -2.468
160.82  -2.464
160.92  -2.459
161.02  -2.454
161.12  -2.450
161.22  -2.445
161.32  -2.441
161.42  -2.436
161.51  -2.432
161.61  -2.427
161.72  -2.422
161.81  -2.418
161.91  -2.413
162.02  -2.408
162.12  -2.403
162.22  -2.398
162.32  -2.394
162.42  -2.389
162.52  -2.384
162.62  -2.379
162.72  -2.374
162.81  -2.369
162.91  -2.364
163.01  -2.360
163.11  -2.355
163.22  -2.350
163.31  -2.344
163.41  -2.339
163.52  -2.334
163.62  -2.329
163.72  -2.324
163.82  -2.319
163.92  -2.313
164.02  -2.308
164.11  -2.303
164.21  -2.298
164.31  -2.293
164.41  -2.288
164.51  -2.283
164.61  -2.277
164.72  -2.272
164.81  -2.267
164.92  -2.262
165.01  -2.257
165.11  -2.252
165.22  -2.247
165.32  -2.242
165.41  -2.236
165.51  -2.232
165.61  -2.227
165.71  -2.222
165.81  -2.217
165.91  -2.213
166.01  -2.208
166.11  -2.204
166.22  -2.200
166.32  -2.196
166.42  -2.191
166.52  -2.187
166.62  -2.183
166.72  -2.179
166.81  -2.175
166.91  -2.171
167.01  -2.167
167.11  -2.163
167.21  -2.159
167.31  -2.156
167.42  -2.152
167.52  -2.148
167.62  -2.144
167.72  -2.140
167.82  -2.136
167.92  -2.133
168.02  -2.129
168.12  -2.125
168.22  -2.121
168.31  -2.116
168.41  -2.112
168.51  -2.108
168.61  -2.104
168.72  -2.099
168.81  -2.095
168.92  -2.090
169.02  -2.086
169.12  -2.081
169.22  -2.077
169.32  -2.072
169.42  -2.067
169.52  -2.062
169.62  -2.057
169.72  -2.052
169.81  -2.046
169.91  -2.041
170.01  -2.035
170.11  -2.029
170.22  -2.023
170.31  -2.018
170.42  -2.012
170.52  -2.006
170.62  -2.000
170.72  -1.994
170.82  -1.988
170.92  -1.982
171.02  -1.976
171.12  -1.970
171.22  -1.964
171.32  -1.958
171.42  -1.952
171.52  -1.946
171.62  -1.940
171.72  -1.934
171.82  -1.928
171.91  -1.923
172.02  -1.917
172.11  -1.911
172.22  -1.905
172.32  -1.899
172.42  -1.893
172.52  -1.888
172.62  -1.882
172.72  -1.877
172.82  -1.871
172.92  -1.866
173.02  -1.861
173.12  -1.856
173.22  -1.851
173.32  -1.846
173.42  -1.841
173.52  -1.836
173.63  -1.831
173.72  -1.826
173.82  -1.821
173.92  -1.816
174.02  -1.811
174.12  -1.806
174.22  -1.801
174.32  -1.796
174.42  -1.791
174.52  -1.785
174.62  -1.779
174.73  -1.773
174.83  -1.767
174.93  -1.761
175.03  -1.755
175.13  -1.749
175.23  -1.743
175.33  -1.737
175.43  -1.731
175.53  -1.725
175.62  -1.720
175.72  -1.714
175.82  -1.708
175.93  -1.702
176.02  -1.696
176.13  -1.691
176.23  -1.685
176.33  -1.680
176.43  -1.675
176.53  -1.670
176.63  -1.665
176.73  -1.660
176.83  -1.655
176.93  -1.650
177.03  -1.645
177.13  -1.640
177.23  -1.635
177.32  -1.630
177.41  -1.625
177.51  -1.621
177.61  -1.616
177.71  -1.612
177.81  -1.608
177.90  -1.604
178.00  -1.600
178.10  -1.596
178.19  -1.593
178.29  -1.589
178.39  -1.585
178.49  -1.581
178.59  -1.577
178.69  -1.574
178.78  -1.570
178.88  -1.565
178.98  -1.561
179.08  -1.557
179.17  -1.552
179.27  -1.547
179.37  -1.541
179.46  -1.535
179.56  -1.529
179.66  -1.522
179.75  -1.516
179.85  -1.510
179.95  -1.504
180.05  -1.499
180.15  -1.494
180.25  -1.489
180.34  -1.484
180.44  -1.479
180.54  -1.474
180.63  -1.469
180.73  -1.463
180.83  -1.458
180.93  -1.452
181.02  -1.446
181.12  -1.440
181.22  -1.435
181.31  -1.429
181.41  -1.423
181.51  -1.417
181.60  -1.411
181.71  -1.405
181.80  -1.400
181.90  -1.394
182.00  -1.388
182.10  -1.382
182.19  -1.377
182.29  -1.372
182.39  -1.366
182.49  -1.361
182.59  -1.357
182.68  -1.352
182.77  -1.347
182.87  -1.342
182.97  -1.336
183.07  -1.331
183.16  -1.327
183.26  -1.322
183.36  -1.317
183.46  -1.311
183.56  -1.306
183.65  -1.300
183.75  -1.294
183.85  -1.287
183.94  -1.279
184.04  -1.270
184.14  -1.261
184.24  -1.251
184.34  -1.242
184.43  -1.232
184.53  -1.223
184.62  -1.215
184.72  -1.208
184.82  -1.201
184.92  -1.195
185.01  -1.190
185.11  -1.185
185.21  -1.179
185.31  -1.174
185.41  -1.169
185.50  -1.163
185.60  -1.158
185.70  -1.152
185.80  -1.146
185.89  -1.141
185.99  -1.135
186.09  -1.130
186.18  -1.125
186.28  -1.120
186.38  -1.116
186.47  -1.111
186.57  -1.107
186.67  -1.103
186.77  -1.098
186.87  -1.094
186.96  -1.089
187.06  -1.084
187.16  -1.079
187.26  -1.074
187.36  -1.069
187.46  -1.063
187.55  -1.058
187.65  -1.052
187.74  -1.047
187.84  -1.042
187.94  -1.036
188.03  -1.031
188.13  -1.026
188.23  -1.021
188.33  -1.016
188.43  -1.010
188.52  -1.005
188.62  -1.000
188.72  -0.995
188.81  -0.990
188.91  -0.986
189.01  -0.981
189.11  -0.976
189.21  -0.971
189.30  -0.966
189.40  -0.962
189.50  -0.957
189.59  -0.952
189.69  -0.947
189.79  -0.943
189.89  -0.938
189.98  -0.933
190.08  -0.929
190.18  -0.924
190.28  -0.919
190.37  -0.915
190.47  -0.910
190.57  -0.905
190.67  -0.901
190.76  -0.896
190.86  -0.891
190.96  -0.887
191.05  -0.882
191.15  -0.878
191.25  -0.873
191.34  -0.869
191.45  -0.864
191.54  -0.860
191.64  -0.855
191.74  -0.851
191.83  -0.846
191.93  -0.842
192.03  -0.838
192.12  -0.833
192.22  -0.829
192.32  -0.825
192.42  -0.820
192.51  -0.816
192.61  -0.812
192.71  -0.808
192.80  -0.803
192.90  -0.799
193.00  -0.795
193.10  -0.790
193.20  -0.786
193.29  -0.782
193.38  -0.778
193.48  -0.773
193.58  -0.769
193.68  -0.765
193.77  -0.760
193.87  -0.756
193.97  -0.752
194.07  -0.747
194.17  -0.743
194.26  -0.738
194.36  -0.734
194.46  -0.730
194.56  -0.725
194.65  -0.721
194.75  -0.716
194.85  -0.712
194.94  -0.708
195.04  -0.703
195.14  -0.699
195.24  -0.694
195.33  -0.690
195.43  -0.685
195.53  -0.681
195.63  -0.676
195.73  -0.672
195.82  -0.667
195.91  -0.662
196.01  -0.658
196.11  -0.653
196.20  -0.649
196.30  -0.644
196.40  -0.640
196.50  -0.635
196.60  -0.630
196.69  -0.626
196.79  -0.621
196.89  -0.616
196.99  -0.612
197.08  -0.607
197.18  -0.602
197.28  -0.598
197.37  -0.593
197.47  -0.588
197.57  -0.584
197.67  -0.579
197.77  -0.575
197.86  -0.570
197.96  -0.565
198.06  -0.561
198.16  -0.556
198.25  -0.552
198.34  -0.547
198.44  -0.542
198.54  -0.538
198.64  -0.533
198.74  -0.529
198.83  -0.524
198.93  -0.520
199.03  -0.515
199.13  -0.510
199.23  -0.506
199.33  -0.501
199.42  -0.497
199.51  -0.492
