  
  DOI/GTN-P Deep Borehole Array, Arctic Alaska 
             U.S. Geological Survey 
            Processed Temperature Log 
                    28-Aug-2013 
________________________________________________ 
  
Temperature Log Information: 
  Well name:   Peard 
  File name:   PEA_12AUG14_c_d 
  Log date:    14-AUG-2012 
  
Contact Information: 
  Gary Clow 
  U.S. Geological Survey 
  clow@usgs.gov 
  
Definitions: 
  Depth:        Depth below local ground surface (m) 
  Temperature:  ITS-90 temperature (°C) 
________________________________________________ 
             
 Depth  Temperature 
 12.14  -5.816
 12.20  -5.818
 12.27  -5.820
 12.34  -5.823
 12.41  -5.826
 12.48  -5.829
 12.57  -5.832
 12.67  -5.835
 12.77  -5.839
 12.86  -5.843
 12.96  -5.848
 13.06  -5.853
 13.15  -5.859
 13.25  -5.865
 13.35  -5.872
 13.45  -5.879
 13.55  -5.887
 13.65  -5.895
 13.76  -5.904
 13.86  -5.914
 13.97  -5.925
 14.07  -5.936
 14.17  -5.947
 14.28  -5.959
 14.39  -5.972
 14.49  -5.985
 14.59  -5.998
 14.69  -6.011
 14.80  -6.024
 14.90  -6.037
 15.00  -6.050
 15.11  -6.063
 15.22  -6.076
 15.32  -6.090
 15.43  -6.103
 15.53  -6.117
 15.64  -6.130
 15.74  -6.144
 15.85  -6.157
 15.95  -6.171
 16.06  -6.185
 16.16  -6.199
 16.27  -6.213
 16.38  -6.227
 16.47  -6.241
 16.58  -6.256
 16.68  -6.270
 16.79  -6.285
 16.89  -6.300
 17.00  -6.314
 17.10  -6.329
 17.21  -6.344
 17.32  -6.359
 17.42  -6.373
 17.53  -6.388
 17.63  -6.402
 17.74  -6.417
 17.84  -6.431
 17.95  -6.446
 18.05  -6.460
 18.16  -6.474
 18.26  -6.488
 18.36  -6.501
 18.47  -6.515
 18.57  -6.528
 18.68  -6.541
 18.79  -6.554
 18.89  -6.567
 19.00  -6.579
 19.10  -6.591
 19.21  -6.604
 19.32  -6.615
 19.42  -6.627
 19.53  -6.639
 19.63  -6.650
 19.73  -6.661
 19.83  -6.673
 19.94  -6.684
 20.04  -6.695
 20.15  -6.705
 20.26  -6.716
 20.36  -6.726
 20.47  -6.737
 20.58  -6.747
 20.68  -6.757
 20.78  -6.767
 20.89  -6.777
 21.00  -6.787
 21.10  -6.796
 21.21  -6.806
 21.31  -6.815
 21.42  -6.825
 21.52  -6.834
 21.63  -6.843
 21.73  -6.851
 21.84  -6.860
 21.94  -6.869
 22.05  -6.877
 22.15  -6.886
 22.26  -6.894
 22.36  -6.903
 22.47  -6.912
 22.57  -6.921
 22.68  -6.929
 22.79  -6.938
 22.89  -6.946
 23.00  -6.955
 23.10  -6.963
 23.21  -6.971
 23.32  -6.978
 23.42  -6.986
 23.53  -6.993
 23.63  -7.001
 23.73  -7.008
 23.83  -7.015
 23.94  -7.022
 24.05  -7.028
 24.15  -7.034
 24.26  -7.041
 24.36  -7.047
 24.47  -7.053
 24.57  -7.059
 24.68  -7.066
 24.78  -7.072
 24.89  -7.079
 25.00  -7.086
 25.10  -7.093
 25.21  -7.101
 25.32  -7.108
 25.42  -7.116
 25.52  -7.124
 25.62  -7.132
 25.73  -7.140
 25.84  -7.148
 25.94  -7.157
 26.05  -7.165
 26.26  -7.183
 26.37  -7.192
 26.47  -7.200
 26.58  -7.209
 26.69  -7.218
 26.79  -7.227
 26.90  -7.235
 27.00  -7.244
 27.11  -7.252
 27.22  -7.260
 27.31  -7.267
 27.41  -7.274
 27.52  -7.280
 27.63  -7.286
 27.73  -7.291
 27.84  -7.296
 27.94  -7.301
 28.05  -7.306
 28.16  -7.310
 28.26  -7.314
 28.37  -7.318
 28.48  -7.321
 28.58  -7.325
 28.68  -7.328
 28.79  -7.332
 28.89  -7.335
 29.00  -7.339
 29.11  -7.343
 29.20  -7.348
 29.31  -7.352
 29.42  -7.357
 29.52  -7.362
 29.62  -7.367
 29.73  -7.371
 29.83  -7.375
 29.94  -7.379
 30.05  -7.382
 30.15  -7.385
 30.26  -7.387
 30.36  -7.390
 30.47  -7.393
 30.57  -7.396
 30.68  -7.398
 30.78  -7.401
 30.88  -7.404
 30.99  -7.406
 31.08  -7.409
 31.18  -7.412
 31.28  -7.416
 31.38  -7.419
 31.49  -7.423
 31.59  -7.428
 31.69  -7.432
 31.80  -7.437
 31.90  -7.443
 32.00  -7.449
 32.11  -7.455
 32.21  -7.461
 32.31  -7.469
 32.42  -7.477
 32.52  -7.485
 32.62  -7.494
 32.72  -7.504
 32.83  -7.513
 32.93  -7.522
 33.03  -7.532
 33.13  -7.541
 33.23  -7.550
 33.33  -7.558
 33.44  -7.566
 33.54  -7.574
 33.65  -7.581
 33.75  -7.589
 33.85  -7.596
 33.96  -7.604
 34.06  -7.611
 34.16  -7.618
 34.27  -7.625
 34.37  -7.632
 34.47  -7.639
 34.58  -7.645
 34.68  -7.651
 34.78  -7.658
 34.88  -7.664
 34.98  -7.670
 35.08  -7.676
 35.19  -7.683
 35.29  -7.688
 35.39  -7.694
 35.50  -7.700
 35.60  -7.705
 35.70  -7.710
 35.81  -7.715
 35.91  -7.720
 36.01  -7.724
 36.12  -7.728
 36.22  -7.733
 36.32  -7.737
 36.43  -7.741
 36.53  -7.745
 36.63  -7.749
 36.74  -7.753
 36.83  -7.756
 36.94  -7.760
 37.04  -7.764
 37.14  -7.767
 37.25  -7.771
 37.35  -7.774
 37.45  -7.778
 37.56  -7.781
 37.66  -7.784
 37.76  -7.787
 37.87  -7.791
 37.97  -7.794
 38.07  -7.797
 38.18  -7.800
 38.28  -7.802
 38.38  -7.805
 38.48  -7.808
 38.59  -7.810
 38.68  -7.813
 38.79  -7.815
 38.89  -7.817
 38.99  -7.820
 39.10  -7.822
 39.20  -7.824
 39.30  -7.826
 39.41  -7.828
 39.51  -7.830
 39.62  -7.832
 39.72  -7.833
 39.82  -7.835
 39.93  -7.837
 40.03  -7.838
 40.13  -7.840
 40.24  -7.841
 40.34  -7.842
 40.44  -7.844
 40.54  -7.845
 40.64  -7.846
 40.74  -7.847
 40.85  -7.848
 40.96  -7.849
 41.06  -7.850
 41.16  -7.851
 41.27  -7.851
 41.37  -7.852
 41.47  -7.853
 41.58  -7.853
 41.68  -7.854
 41.78  -7.855
 41.89  -7.855
 41.99  -7.856
 42.09  -7.856
 42.19  -7.856
 42.30  -7.857
 42.40  -7.857
 42.50  -7.858
 42.60  -7.858
 42.70  -7.858
 42.80  -7.858
 42.91  -7.859
 43.01  -7.859
 43.12  -7.859
 43.22  -7.859
 43.33  -7.859
 43.42  -7.860
 43.53  -7.860
 43.63  -7.860
 43.74  -7.860
 43.84  -7.860
 43.95  -7.860
 44.05  -7.860
 44.15  -7.860
 44.25  -7.860
 44.35  -7.860
 44.45  -7.860
 44.56  -7.859
 44.66  -7.859
 44.76  -7.859
 44.86  -7.859
 44.97  -7.859
 45.07  -7.859
 45.17  -7.859
 45.28  -7.858
 45.38  -7.858
 45.49  -7.858
 45.59  -7.858
 45.69  -7.858
 45.79  -7.858
 45.90  -7.858
 46.00  -7.858
 46.10  -7.858
 46.21  -7.858
 46.31  -7.858
 46.40  -7.858
 46.51  -7.857
 46.61  -7.857
 46.72  -7.857
 46.82  -7.857
 46.92  -7.857
 47.03  -7.857
 47.13  -7.857
 47.23  -7.856
 47.34  -7.856
 47.44  -7.856
 47.54  -7.856
 47.65  -7.855
 47.75  -7.855
 47.85  -7.854
 47.96  -7.854
 48.06  -7.854
 48.16  -7.853
 48.26  -7.853
 48.37  -7.852
 48.46  -7.852
 48.57  -7.851
 48.67  -7.851
 48.78  -7.850
 48.88  -7.850
 48.98  -7.849
 49.09  -7.849
 49.19  -7.848
 49.29  -7.847
 49.40  -7.847
 49.50  -7.846
 49.60  -7.845
 49.71  -7.844
 49.81  -7.844
 49.91  -7.843
 50.01  -7.842
 50.12  -7.841
 50.22  -7.840
 50.32  -7.840
 50.42  -7.839
 50.52  -7.838
 50.63  -7.837
 50.73  -7.836
 50.83  -7.835
 50.94  -7.835
 51.04  -7.834
 51.15  -7.833
 51.25  -7.832
 51.35  -7.831
 51.46  -7.830
 51.56  -7.829
 51.66  -7.828
 51.76  -7.827
 51.87  -7.827
 51.97  -7.826
 52.07  -7.825
 52.18  -7.824
 52.28  -7.822
 52.38  -7.821
 52.49  -7.820
 52.59  -7.819
 52.69  -7.818
 52.80  -7.817
 52.90  -7.816
 53.00  -7.815
 53.11  -7.814
 53.21  -7.812
 53.30  -7.811
 53.37  -7.810
 53.54  -7.808
 53.62  -7.807
 53.81  -7.804
 53.92  -7.803
 54.03  -7.802
 54.13  -7.801
 54.23  -7.800
 54.33  -7.798
 54.44  -7.797
 54.55  -7.796
 54.65  -7.795
 54.75  -7.794
 54.86  -7.793
 54.96  -7.791
 55.06  -7.790
 55.17  -7.789
 55.27  -7.788
 55.37  -7.787
 55.48  -7.786
 55.58  -7.785
 55.68  -7.784
 55.78  -7.783
 55.89  -7.782
 55.99  -7.781
 56.09  -7.780
 56.19  -7.778
 56.30  -7.777
 56.40  -7.776
 56.50  -7.775
 56.61  -7.774
 56.71  -7.773
 56.81  -7.772
 56.92  -7.771
 57.02  -7.770
 57.12  -7.768
 57.23  -7.767
 57.33  -7.766
 57.43  -7.765
 57.53  -7.763
 57.64  -7.762
 57.74  -7.761
 57.84  -7.759
 57.95  -7.758
 58.05  -7.757
 58.15  -7.755
 58.25  -7.754
 58.37  -7.753
 58.47  -7.751
 58.57  -7.750
 58.68  -7.748
 58.78  -7.747
 58.88  -7.746
 58.99  -7.744
 59.09  -7.743
 59.19  -7.741
 59.30  -7.739
 59.40  -7.738
 59.50  -7.736
 59.60  -7.735
 59.71  -7.733
 59.81  -7.731
 59.91  -7.730
 60.02  -7.728
 60.12  -7.727
 60.22  -7.725
 60.32  -7.723
 60.42  -7.722
 60.53  -7.720
 60.63  -7.718
 60.73  -7.717
 60.84  -7.715
 60.94  -7.713
 61.04  -7.711
 61.15  -7.710
 61.25  -7.708
 61.35  -7.706
 61.45  -7.704
 61.56  -7.703
 61.66  -7.701
 61.77  -7.699
 61.87  -7.697
 61.97  -7.695
 62.07  -7.693
 62.17  -7.691
 62.28  -7.689
 62.38  -7.687
 62.48  -7.685
 62.59  -7.683
 62.69  -7.681
 62.79  -7.679
 62.90  -7.677
 63.00  -7.675
 63.11  -7.673
 63.21  -7.671
 63.31  -7.669
 63.41  -7.667
 63.52  -7.665
 63.62  -7.663
 63.72  -7.661
 63.83  -7.659
 63.93  -7.657
 64.03  -7.655
 64.13  -7.653
 64.23  -7.651
 64.34  -7.649
 64.44  -7.647
 64.55  -7.644
 64.65  -7.642
 64.75  -7.640
 64.86  -7.638
 64.96  -7.636
 65.06  -7.634
 65.17  -7.633
 65.27  -7.631
 65.37  -7.629
 65.47  -7.627
 65.58  -7.625
 65.68  -7.624
 65.78  -7.622
 65.89  -7.620
 65.99  -7.618
 66.09  -7.617
 66.19  -7.615
 66.29  -7.613
 66.40  -7.611
 66.50  -7.609
 66.60  -7.607
 66.71  -7.605
 66.81  -7.604
 66.91  -7.602
 67.02  -7.600
 67.11  -7.597
 67.21  -7.595
 67.32  -7.593
 67.43  -7.591
 67.53  -7.589
 67.63  -7.587
 67.74  -7.584
 67.84  -7.582
 67.94  -7.580
 68.03  -7.577
 68.14  -7.575
 68.24  -7.573
 68.34  -7.570
 68.45  -7.567
 68.55  -7.565
 68.65  -7.562
 68.76  -7.559
 68.86  -7.557
 68.96  -7.554
 69.06  -7.551
 69.16  -7.548
 69.27  -7.545
 69.37  -7.542
 69.47  -7.539
 69.57  -7.536
 69.67  -7.533
 69.77  -7.530
 69.87  -7.527
 69.96  -7.524
 70.06  -7.521
 70.16  -7.518
 70.26  -7.515
 70.36  -7.512
 70.46  -7.509
 70.56  -7.506
 70.67  -7.503
 70.77  -7.500
 70.86  -7.497
 70.97  -7.494
 71.06  -7.491
 71.16  -7.488
 71.27  -7.485
 71.37  -7.483
 71.47  -7.480
 71.57  -7.477
 71.67  -7.474
 71.77  -7.472
 71.87  -7.469
 71.97  -7.466
 72.07  -7.464
 72.17  -7.461
 72.27  -7.459
 72.37  -7.456
 72.47  -7.454
 72.57  -7.451
 72.67  -7.449
 72.77  -7.447
 72.87  -7.444
 72.97  -7.442
 73.08  -7.439
 73.18  -7.437
 73.28  -7.435
 73.38  -7.432
 73.48  -7.430
 73.58  -7.428
 73.68  -7.426
 73.78  -7.424
 73.88  -7.422
 73.99  -7.419
 74.08  -7.417
 74.18  -7.415
 74.28  -7.413
 74.38  -7.410
 74.48  -7.408
 74.59  -7.405
 74.69  -7.403
 74.79  -7.400
 74.89  -7.398
 74.99  -7.395
 75.09  -7.392
 75.19  -7.389
 75.29  -7.386
 75.39  -7.383
 75.50  -7.380
 75.60  -7.377
 75.70  -7.374
 75.80  -7.371
 75.90  -7.368
 75.99  -7.365
 76.10  -7.362
 76.20  -7.359
 76.30  -7.356
 76.40  -7.353
 76.50  -7.351
 76.60  -7.348
 76.70  -7.345
 76.80  -7.342
 76.90  -7.339
 77.01  -7.337
 77.11  -7.334
 77.21  -7.331
 77.31  -7.329
 77.41  -7.326
 77.51  -7.323
 77.61  -7.321
 77.71  -7.318
 77.81  -7.316
 77.91  -7.313
 78.02  -7.311
 78.12  -7.308
 78.22  -7.306
 78.32  -7.303
 78.43  -7.301
 78.54  -7.299
 78.64  -7.297
 78.74  -7.294
 78.85  -7.292
 78.95  -7.290
 79.06  -7.287
 79.16  -7.285
 79.26  -7.283
 79.37  -7.280
 79.47  -7.278
 79.58  -7.276
 79.68  -7.273
 79.79  -7.271
 79.89  -7.268
 79.99  -7.266
 80.10  -7.263
 80.20  -7.261
 80.31  -7.258
 80.41  -7.255
 80.51  -7.253
 80.62  -7.250
 80.72  -7.247
 80.83  -7.244
 80.94  -7.241
 81.04  -7.239
 81.14  -7.236
 81.24  -7.233
 81.35  -7.230
 81.45  -7.226
 81.56  -7.223
 81.67  -7.220
 81.77  -7.216
 81.87  -7.212
 81.98  -7.209
 82.08  -7.205
 82.19  -7.201
 82.28  -7.198
 82.39  -7.194
 82.50  -7.190
 82.60  -7.187
 82.71  -7.183
 82.81  -7.179
 82.91  -7.176
 83.02  -7.172
 83.13  -7.168
 83.23  -7.165
 83.33  -7.161
 83.44  -7.157
 83.54  -7.154
 83.64  -7.150
 83.75  -7.147
 83.85  -7.143
 83.96  -7.140
 84.06  -7.136
 84.17  -7.133
 84.27  -7.130
 84.38  -7.126
 84.47  -7.123
 84.58  -7.119
 84.69  -7.116
 84.79  -7.113
 84.90  -7.110
 85.00  -7.107
 85.10  -7.104
 85.21  -7.100
 85.31  -7.097
 85.42  -7.094
 85.52  -7.091
 85.63  -7.088
 85.73  -7.086
 85.83  -7.083
 85.94  -7.080
 86.04  -7.077
 86.15  -7.074
 86.25  -7.071
 86.36  -7.068
 86.46  -7.064
 86.56  -7.061
 86.67  -7.058
 86.77  -7.055
 86.87  -7.052
 86.98  -7.049
 87.08  -7.046
 87.19  -7.043
 87.29  -7.040
 87.39  -7.037
 87.50  -7.033
 87.60  -7.030
 87.71  -7.027
 87.81  -7.024
 87.91  -7.021
 88.02  -7.018
 88.13  -7.015
 88.23  -7.012
 88.33  -7.008
 88.43  -7.005
 88.54  -7.002
 88.64  -6.999
 88.75  -6.996
 88.85  -6.993
 88.96  -6.990
 89.06  -6.987
 89.17  -6.984
 89.27  -6.981
 89.37  -6.977
 89.47  -6.974
 89.58  -6.971
 89.68  -6.968
 89.79  -6.965
 89.89  -6.961
 90.00  -6.958
 90.10  -6.955
 90.20  -6.952
 90.31  -6.948
 90.41  -6.945
 90.51  -6.942
 90.62  -6.938
 90.73  -6.935
 90.83  -6.932
 90.94  -6.928
 91.04  -6.925
 91.14  -6.921
 91.24  -6.918
 91.35  -6.914
 91.45  -6.911
 91.56  -6.907
 91.66  -6.903
 91.77  -6.899
 91.87  -6.895
 91.98  -6.892
 92.08  -6.888
 92.18  -6.884
 92.28  -6.880
 92.39  -6.876
 92.49  -6.872
 92.60  -6.868
 92.70  -6.864
 92.81  -6.860
 92.91  -6.856
 93.01  -6.852
 93.11  -6.848
 93.22  -6.844
 93.32  -6.840
 93.43  -6.836
 93.53  -6.832
 93.64  -6.828
 93.74  -6.824
 93.85  -6.820
 93.95  -6.816
 94.05  -6.812
 94.15  -6.808
 94.26  -6.804
 94.36  -6.800
 94.47  -6.797
 94.57  -6.793
 94.68  -6.789
 94.78  -6.785
 94.88  -6.782
 94.99  -6.778
 95.09  -6.775
 95.19  -6.772
 95.30  -6.769
 95.40  -6.765
 95.50  -6.762
 95.61  -6.759
 95.71  -6.755
 95.82  -6.752
 95.93  -6.748
 96.02  -6.745
 96.13  -6.741
 96.23  -6.738
 96.34  -6.734
 96.44  -6.731
 96.55  -6.727
 96.65  -6.724
 96.75  -6.720
 96.86  -6.717
 96.96  -6.713
 97.06  -6.709
 97.17  -6.705
 97.27  -6.702
 97.38  -6.698
 97.48  -6.694
 97.59  -6.690
 97.69  -6.687
 97.80  -6.683
 97.90  -6.679
 98.00  -6.675
 98.11  -6.670
 98.21  -6.666
 98.31  -6.661
 98.42  -6.656
 98.52  -6.651
 98.62  -6.645
 98.73  -6.640
 98.83  -6.636
 98.94  -6.631
 99.04  -6.627
 99.14  -6.624
 99.25  -6.620
 99.36  -6.617
 99.46  -6.614
 99.57  -6.611
 99.67  -6.608
 99.77  -6.605
 99.87  -6.602
 99.98  -6.598
100.08  -6.595
100.19  -6.591
100.29  -6.587
100.40  -6.584
100.50  -6.580
100.60  -6.577
100.71  -6.574
100.81  -6.571
100.92  -6.568
101.02  -6.565
101.13  -6.562
101.23  -6.559
101.34  -6.556
101.44  -6.552
101.55  -6.549
101.65  -6.545
101.75  -6.542
101.85  -6.538
101.96  -6.534
102.06  -6.530
102.17  -6.527
102.27  -6.523
102.38  -6.519
102.48  -6.516
102.58  -6.513
102.68  -6.509
102.79  -6.506
102.89  -6.503
103.00  -6.499
103.11  -6.496
103.21  -6.493
103.31  -6.490
103.42  -6.487
103.52  -6.484
103.63  -6.481
103.73  -6.478
103.83  -6.475
103.94  -6.472
104.04  -6.469
104.15  -6.466
104.25  -6.463
104.36  -6.460
104.46  -6.457
104.56  -6.454
104.66  -6.451
104.77  -6.448
104.87  -6.445
104.98  -6.442
105.08  -6.439
105.19  -6.436
105.29  -6.432
105.40  -6.429
105.50  -6.426
105.61  -6.423
105.71  -6.420
105.81  -6.417
105.92  -6.414
106.02  -6.411
106.13  -6.408
106.22  -6.405
106.33  -6.402
106.43  -6.399
106.54  -6.396
106.64  -6.393
106.75  -6.390
106.85  -6.387
106.95  -6.384
107.06  -6.381
107.16  -6.378
107.26  -6.375
107.37  -6.373
107.47  -6.370
107.58  -6.367
107.68  -6.364
107.78  -6.361
107.88  -6.358
107.98  -6.355
108.09  -6.352
108.18  -6.349
108.28  -6.347
108.38  -6.344
108.48  -6.341
108.59  -6.338
108.69  -6.335
108.79  -6.332
108.89  -6.330
108.99  -6.327
109.09  -6.324
109.19  -6.321
109.30  -6.318
109.40  -6.315
109.50  -6.312
109.60  -6.310
109.70  -6.307
109.81  -6.304
109.91  -6.301
110.01  -6.298
110.11  -6.295
110.21  -6.292
110.31  -6.289
110.41  -6.286
110.51  -6.283
110.62  -6.280
110.72  -6.277
110.82  -6.274
110.92  -6.271
111.02  -6.268
111.12  -6.265
111.23  -6.262
111.33  -6.259
111.43  -6.255
111.53  -6.252
111.64  -6.249
111.74  -6.246
111.84  -6.242
111.94  -6.239
112.04  -6.236
112.15  -6.232
112.24  -6.229
112.34  -6.225
112.44  -6.222
112.55  -6.219
112.65  -6.215
112.75  -6.212
112.85  -6.209
112.95  -6.205
113.05  -6.202
113.16  -6.199
113.26  -6.196
113.36  -6.192
113.46  -6.189
113.56  -6.186
113.66  -6.183
113.77  -6.180
113.87  -6.176
113.97  -6.173
114.08  -6.170
114.18  -6.167
114.27  -6.164
114.37  -6.161
114.47  -6.158
114.58  -6.154
114.68  -6.151
114.78  -6.149
114.88  -6.146
114.98  -6.143
115.08  -6.140
115.18  -6.137
115.29  -6.134
115.39  -6.131
115.49  -6.128
115.60  -6.125
115.69  -6.123
115.80  -6.120
115.90  -6.117
116.00  -6.114
116.10  -6.111
116.20  -6.108
116.30  -6.105
116.40  -6.102
116.50  -6.099
116.60  -6.096
116.70  -6.093
116.81  -6.090
116.91  -6.087
117.01  -6.084
117.11  -6.081
117.21  -6.078
117.31  -6.075
117.42  -6.072
117.52  -6.069
117.62  -6.066
117.72  -6.063
117.82  -6.061
117.92  -6.058
118.03  -6.056
118.13  -6.054
118.22  -6.052
118.32  -6.049
118.42  -6.047
118.53  -6.045
118.63  -6.042
118.73  -6.040
118.83  -6.037
118.93  -6.035
119.03  -6.032
119.13  -6.029
119.24  -6.026
119.34  -6.023
119.44  -6.020
119.54  -6.017
119.64  -6.013
119.75  -6.010
119.85  -6.006
119.95  -6.003
120.05  -5.999
120.14  -5.996
120.25  -5.992
120.35  -5.989
120.45  -5.985
120.55  -5.982
120.65  -5.979
120.75  -5.975
120.85  -5.972
120.95  -5.969
121.06  -5.965
121.16  -5.962
121.26  -5.959
121.36  -5.956
121.46  -5.953
121.56  -5.950
121.67  -5.947
121.77  -5.944
121.87  -5.941
121.97  -5.938
122.06  -5.935
122.17  -5.932
122.27  -5.928
122.37  -5.925
122.47  -5.922
122.57  -5.919
122.67  -5.915
122.78  -5.912
122.88  -5.908
122.98  -5.905
123.08  -5.901
123.19  -5.897
123.28  -5.894
123.39  -5.890
123.49  -5.887
123.59  -5.883
123.69  -5.880
123.79  -5.877
123.90  -5.873
124.00  -5.870
124.09  -5.867
124.19  -5.863
124.29  -5.860
124.40  -5.857
124.50  -5.854
124.60  -5.851
124.70  -5.849
124.80  -5.846
124.90  -5.843
125.00  -5.840
125.11  -5.837
125.21  -5.834
125.31  -5.831
125.41  -5.828
125.51  -5.825
125.62  -5.822
125.72  -5.819
125.82  -5.816
125.92  -5.813
126.01  -5.810
126.12  -5.806
126.22  -5.803
126.32  -5.800
126.42  -5.796
126.52  -5.793
126.62  -5.790
126.72  -5.786
126.83  -5.783
126.93  -5.780
127.03  -5.777
127.13  -5.774
127.23  -5.771
127.33  -5.767
127.44  -5.764
127.54  -5.761
127.64  -5.758
127.74  -5.755
127.84  -5.753
127.94  -5.750
128.04  -5.747
128.14  -5.744
128.24  -5.741
128.34  -5.738
128.44  -5.735
128.54  -5.733
128.65  -5.730
128.75  -5.727
128.85  -5.724
128.95  -5.721
129.06  -5.718
129.16  -5.715
129.26  -5.713
129.36  -5.710
129.46  -5.707
129.57  -5.704
129.67  -5.701
129.77  -5.698
129.86  -5.695
129.97  -5.692
130.07  -5.689
130.17  -5.686
130.27  -5.683
130.37  -5.679
130.48  -5.676
130.57  -5.672
130.68  -5.669
130.78  -5.666
130.88  -5.662
130.98  -5.659
131.09  -5.656
131.19  -5.653
131.29  -5.649
131.39  -5.646
131.49  -5.643
131.59  -5.639
131.69  -5.636
131.79  -5.633
131.89  -5.629
132.00  -5.626
132.10  -5.622
132.20  -5.619
132.30  -5.616
132.40  -5.612
132.50  -5.609
132.61  -5.606
132.71  -5.602
132.81  -5.599
132.91  -5.596
133.01  -5.592
133.11  -5.589
133.22  -5.586
133.32  -5.583
133.42  -5.580
133.52  -5.576
133.62  -5.573
133.72  -5.570
133.82  -5.567
133.92  -5.564
134.02  -5.561
134.13  -5.558
134.23  -5.556
134.33  -5.553
134.43  -5.550
134.53  -5.547
134.64  -5.545
134.74  -5.542
134.84  -5.540
134.94  -5.537
135.04  -5.534
135.14  -5.532
135.25  -5.529
135.34  -5.526
135.44  -5.524
135.55  -5.521
135.65  -5.518
135.75  -5.515
135.85  -5.513
135.95  -5.510
136.05  -5.507
136.16  -5.504
136.26  -5.501
136.36  -5.498
136.46  -5.496
136.56  -5.493
136.66  -5.490
136.77  -5.487
136.87  -5.484
136.97  -5.481
137.07  -5.478
137.17  -5.476
137.27  -5.473
137.37  -5.470
137.47  -5.467
137.57  -5.464
137.67  -5.461
137.78  -5.458
137.88  -5.455
137.98  -5.452
138.09  -5.449
138.19  -5.446
138.29  -5.444
138.39  -5.441
138.49  -5.438
138.59  -5.435
138.70  -5.432
138.80  -5.429
138.90  -5.426
139.00  -5.423
139.10  -5.420
139.20  -5.417
139.30  -5.414
139.40  -5.411
139.51  -5.408
139.61  -5.405
139.71  -5.402
139.81  -5.399
139.91  -5.395
140.02  -5.392
140.12  -5.389
140.22  -5.386
140.32  -5.383
140.43  -5.380
140.53  -5.378
140.62  -5.375
140.73  -5.372
140.83  -5.370
140.93  -5.368
141.03  -5.365
141.13  -5.362
141.24  -5.360
141.34  -5.357
141.44  -5.355
141.54  -5.352
141.65  -5.349
141.75  -5.346
141.85  -5.343
141.95  -5.340
142.06  -5.337
142.16  -5.334
142.26  -5.330
142.36  -5.327
142.46  -5.323
142.56  -5.319
142.66  -5.315
142.76  -5.311
142.87  -5.307
142.97  -5.304
143.07  -5.300
143.17  -5.297
143.28  -5.293
143.38  -5.290
143.48  -5.287
143.58  -5.284
143.68  -5.281
143.79  -5.278
143.89  -5.275
143.98  -5.273
144.08  -5.270
144.18  -5.268
144.28  -5.266
144.39  -5.263
144.49  -5.261
144.59  -5.259
144.69  -5.256
144.79  -5.254
144.89  -5.251
145.00  -5.248
145.10  -5.246
145.20  -5.243
145.30  -5.240
145.40  -5.238
145.50  -5.235
145.60  -5.232
145.70  -5.229
145.79  -5.226
145.88  -5.223
145.98  -5.220
146.08  -5.217
146.18  -5.214
146.28  -5.211
146.38  -5.208
146.48  -5.205
146.58  -5.201
146.68  -5.198
146.78  -5.195
146.88  -5.192
146.98  -5.188
147.08  -5.185
147.18  -5.182
147.28  -5.178
147.38  -5.175
147.47  -5.172
147.57  -5.168
147.67  -5.165
147.77  -5.162
147.87  -5.158
147.97  -5.154
148.07  -5.151
148.17  -5.147
148.26  -5.144
148.37  -5.140
148.47  -5.137
148.56  -5.133
148.67  -5.130
148.77  -5.126
148.86  -5.123
148.96  -5.120
149.06  -5.116
149.15  -5.113
149.26  -5.109
149.35  -5.106
149.45  -5.102
149.56  -5.099
149.66  -5.095
149.76  -5.092
149.86  -5.088
149.96  -5.085
150.06  -5.081
150.15  -5.077
150.26  -5.073
150.35  -5.069
150.45  -5.065
150.55  -5.061
150.64  -5.057
150.74  -5.053
150.85  -5.049
150.94  -5.045
151.04  -5.041
151.15  -5.037
151.24  -5.034
151.34  -5.030
151.44  -5.027
151.54  -5.024
151.64  -5.021
151.74  -5.018
151.84  -5.016
151.94  -5.014
152.03  -5.012
152.13  -5.010
152.23  -5.008
152.33  -5.006
152.43  -5.005
152.53  -5.003
152.63  -5.000
152.73  -4.998
152.83  -4.995
152.93  -4.992
153.03  -4.989
153.13  -4.985
153.23  -4.982
153.33  -4.978
153.42  -4.974
153.52  -4.969
153.61  -4.965
153.72  -4.960
153.82  -4.955
153.92  -4.950
154.02  -4.945
154.12  -4.940
154.22  -4.936
154.32  -4.931
154.42  -4.927
154.52  -4.923
154.61  -4.919
154.71  -4.914
154.80  -4.910
154.90  -4.906
155.00  -4.902
155.11  -4.899
155.20  -4.895
155.30  -4.891
155.40  -4.887
155.50  -4.883
155.60  -4.880
155.70  -4.876
155.80  -4.873
155.90  -4.869
156.00  -4.865
156.09  -4.862
156.19  -4.858
156.29  -4.854
156.39  -4.851
156.49  -4.847
156.59  -4.844
156.69  -4.841
156.79  -4.837
156.89  -4.834
156.99  -4.831
157.09  -4.828
157.19  -4.825
157.29  -4.821
157.38  -4.818
157.49  -4.815
157.58  -4.812
157.68  -4.809
157.79  -4.806
157.88  -4.803
157.98  -4.800
158.08  -4.797
158.18  -4.793
158.28  -4.790
158.38  -4.787
158.48  -4.784
158.58  -4.781
158.67  -4.778
158.77  -4.775
158.87  -4.772
158.97  -4.769
159.07  -4.766
159.17  -4.763
159.27  -4.760
159.37  -4.757
159.47  -4.754
159.57  -4.751
159.67  -4.748
159.77  -4.745
159.87  -4.742
159.96  -4.739
160.06  -4.737
160.16  -4.734
160.26  -4.731
160.36  -4.728
160.47  -4.725
160.56  -4.723
160.66  -4.720
160.76  -4.717
160.86  -4.714
160.96  -4.711
161.05  -4.709
161.16  -4.706
161.25  -4.703
161.35  -4.701
161.46  -4.698
161.55  -4.696
161.65  -4.693
161.76  -4.691
161.85  -4.688
161.95  -4.685
162.06  -4.683
162.15  -4.680
162.24  -4.678
162.35  -4.675
162.44  -4.672
162.55  -4.669
162.65  -4.667
162.74  -4.664
162.84  -4.661
162.95  -4.657
163.04  -4.654
163.15  -4.651
163.25  -4.647
163.34  -4.644
163.43  -4.640
163.54  -4.637
163.63  -4.633
163.73  -4.630
163.84  -4.627
163.93  -4.624
164.03  -4.620
164.14  -4.617
164.23  -4.614
164.33  -4.611
164.44  -4.609
164.54  -4.606
164.63  -4.604
164.73  -4.602
164.83  -4.600
164.93  -4.597
165.03  -4.595
165.13  -4.593
165.23  -4.591
165.33  -4.589
165.43  -4.587
165.53  -4.584
165.62  -4.582
165.72  -4.579
165.81  -4.577
165.92  -4.574
166.02  -4.572
166.11  -4.569
166.22  -4.566
166.32  -4.563
166.41  -4.561
166.52  -4.558
166.62  -4.555
166.72  -4.552
166.81  -4.549
166.91  -4.547
167.01  -4.544
167.11  -4.541
167.21  -4.538
167.31  -4.536
167.41  -4.533
167.51  -4.531
167.61  -4.528
167.71  -4.526
167.81  -4.523
167.91  -4.521
168.00  -4.518
168.10  -4.516
168.20  -4.513
168.30  -4.511
168.40  -4.508
168.50  -4.506
168.60  -4.503
168.70  -4.501
168.80  -4.498
168.90  -4.496
169.00  -4.494
169.10  -4.491
169.19  -4.488
169.29  -4.486
169.39  -4.483
169.49  -4.481
169.59  -4.478
169.69  -4.476
169.79  -4.473
169.89  -4.471
169.99  -4.468
170.09  -4.466
170.19  -4.463
170.28  -4.460
170.38  -4.458
170.48  -4.455
170.58  -4.453
170.68  -4.450
170.78  -4.448
170.88  -4.445
170.98  -4.443
171.08  -4.440
171.18  -4.438
171.28  -4.435
171.38  -4.433
171.47  -4.430
171.57  -4.428
171.67  -4.426
171.77  -4.423
171.87  -4.421
171.97  -4.418
172.07  -4.416
172.17  -4.413
172.27  -4.411
172.37  -4.409
172.47  -4.406
172.57  -4.404
172.66  -4.401
172.76  -4.399
172.86  -4.396
172.96  -4.394
173.06  -4.391
173.16  -4.389
173.26  -4.386
173.36  -4.384
173.46  -4.381
173.56  -4.379
173.66  -4.376
173.76  -4.374
173.85  -4.371
173.95  -4.369
174.05  -4.366
174.15  -4.364
174.25  -4.362
174.35  -4.359
174.45  -4.357
174.55  -4.355
174.65  -4.352
174.75  -4.350
174.85  -4.348
174.95  -4.345
175.05  -4.343
175.14  -4.341
175.24  -4.338
175.35  -4.336
175.44  -4.334
175.54  -4.332
175.65  -4.330
175.74  -4.328
175.85  -4.326
175.95  -4.324
176.05  -4.322
176.14  -4.320
176.24  -4.318
176.34  -4.316
176.44  -4.314
176.54  -4.312
176.64  -4.310
176.74  -4.308
176.84  -4.306
176.94  -4.304
177.03  -4.303
177.13  -4.301
177.24  -4.299
177.33  -4.297
177.43  -4.295
177.53  -4.293
177.63  -4.290
177.73  -4.288
177.83  -4.286
177.93  -4.284
178.03  -4.282
178.13  -4.280
178.23  -4.278
178.33  -4.276
178.42  -4.273
178.52  -4.271
178.62  -4.269
178.72  -4.267
178.82  -4.264
178.92  -4.262
179.02  -4.259
179.12  -4.257
179.22  -4.255
179.32  -4.252
179.42  -4.250
179.52  -4.247
179.61  -4.245
179.71  -4.242
179.81  -4.239
179.92  -4.237
180.01  -4.234
180.11  -4.232
180.22  -4.229
180.31  -4.226
180.41  -4.224
180.51  -4.221
180.61  -4.219
180.71  -4.216
180.80  -4.213
180.91  -4.211
181.01  -4.208
181.10  -4.206
181.21  -4.203
181.30  -4.200
181.41  -4.197
181.51  -4.195
181.60  -4.192
181.70  -4.189
181.80  -4.186
181.89  -4.184
181.99  -4.181
182.09  -4.178
182.19  -4.175
182.29  -4.172
182.38  -4.169
182.48  -4.166
182.58  -4.163
182.68  -4.160
182.77  -4.157
182.87  -4.154
182.97  -4.151
183.06  -4.148
183.16  -4.145
183.25  -4.142
183.35  -4.139
183.45  -4.136
183.55  -4.133
183.64  -4.130
183.74  -4.127
183.84  -4.124
183.93  -4.121
184.03  -4.118
184.12  -4.115
184.22  -4.112
184.32  -4.109
184.41  -4.106
184.51  -4.103
184.61  -4.100
184.70  -4.097
184.80  -4.094
184.90  -4.091
185.00  -4.089
185.10  -4.086
185.19  -4.083
185.28  -4.081
185.38  -4.078
185.48  -4.075
185.57  -4.073
185.67  -4.070
185.77  -4.068
185.86  -4.065
185.96  -4.063
186.06  -4.060
186.16  -4.058
186.26  -4.055
186.35  -4.053
186.44  -4.050
186.54  -4.048
186.64  -4.045
186.73  -4.043
186.83  -4.040
186.93  -4.038
187.02  -4.035
187.12  -4.033
187.22  -4.030
187.32  -4.027
187.41  -4.025
187.50  -4.022
187.60  -4.020
187.70  -4.017
187.80  -4.015
187.89  -4.012
187.99  -4.009
188.09  -4.006
188.19  -4.004
188.28  -4.001
188.38  -3.998
188.48  -3.995
188.57  -3.992
188.67  -3.989
188.76  -3.986
188.86  -3.982
188.96  -3.979
189.06  -3.976
189.15  -3.973
189.25  -3.970
189.35  -3.967
189.44  -3.965
189.54  -3.962
189.64  -3.959
189.73  -3.956
189.83  -3.953
189.92  -3.951
190.02  -3.948
190.12  -3.945
190.22  -3.943
190.31  -3.940
190.41  -3.938
190.51  -3.935
190.60  -3.932
190.70  -3.930
190.79  -3.927
190.89  -3.924
190.99  -3.922
191.08  -3.919
191.18  -3.916
191.28  -3.913
191.37  -3.911
191.47  -3.908
191.57  -3.905
191.67  -3.902
191.77  -3.899
191.86  -3.896
191.95  -3.893
192.05  -3.890
192.15  -3.887
192.24  -3.884
192.34  -3.881
192.44  -3.879
192.53  -3.876
192.63  -3.873
192.73  -3.870
192.82  -3.866
192.92  -3.863
193.02  -3.859
193.11  -3.855
193.21  -3.852
193.31  -3.848
193.40  -3.845
193.50  -3.841
193.60  -3.839
193.69  -3.836
193.79  -3.834
193.89  -3.831
193.98  -3.829
194.08  -3.827
194.17  -3.825
194.27  -3.822
194.37  -3.819
194.46  -3.816
194.56  -3.812
194.66  -3.809
194.76  -3.805
194.85  -3.802
194.95  -3.799
195.05  -3.795
195.15  -3.792
195.24  -3.789
195.33  -3.787
195.43  -3.784
195.53  -3.781
195.62  -3.778
195.72  -3.775
195.81  -3.772
195.91  -3.769
196.01  -3.766
196.11  -3.763
196.21  -3.760
196.30  -3.757
196.40  -3.754
196.49  -3.751
196.59  -3.748
196.69  -3.745
196.78  -3.742
196.88  -3.739
196.98  -3.736
197.07  -3.733
197.17  -3.730
197.27  -3.727
197.36  -3.724
197.46  -3.721
197.56  -3.718
197.65  -3.715
197.75  -3.712
197.84  -3.709
197.94  -3.706
198.03  -3.703
198.13  -3.700
198.23  -3.697
198.33  -3.694
198.43  -3.691
198.52  -3.688
198.62  -3.685
198.71  -3.682
198.81  -3.679
198.90  -3.676
199.00  -3.673
199.10  -3.670
199.19  -3.667
199.29  -3.664
199.39  -3.661
199.49  -3.658
199.58  -3.655
