  
  DOI/GTN-P Deep Borehole Array, Arctic Alaska 
             U.S. Geological Survey 
            Processed Temperature Log 
                    28-Aug-2013 
________________________________________________ 
  
Temperature Log Information: 
  Well name:   Seabee Test Well #1 
  File name:   SBE_02AUG13_c_d 
  Log date:    13-AUG-2002 
  
Contact Information: 
  Gary Clow 
  U.S. Geological Survey 
  clow@usgs.gov 
  
Definitions: 
  Depth:        Depth below local ground surface (m) 
  Temperature:  ITS-90 temperature (°C) 
________________________________________________ 
             
 Depth  Temperature 
 49.81  -6.096
 49.81  -6.097
 49.86  -6.097
 49.96  -6.097
 50.07  -6.097
 50.19  -6.097
 50.30  -6.097
 50.41  -6.098
 50.52  -6.098
 50.64  -6.098
 50.75  -6.098
 50.86  -6.099
 50.97  -6.099
 51.08  -6.099
 51.19  -6.100
 51.31  -6.100
 51.42  -6.100
 51.53  -6.100
 51.64  -6.101
 51.75  -6.101
 51.86  -6.101
 51.98  -6.101
 52.09  -6.102
 52.20  -6.102
 52.31  -6.102
 52.43  -6.102
 52.54  -6.102
 52.65  -6.103
 52.76  -6.103
 52.87  -6.103
 52.98  -6.103
 53.10  -6.103
 53.21  -6.103
 53.32  -6.104
 53.43  -6.104
 53.54  -6.104
 53.65  -6.104
 53.77  -6.104
 53.88  -6.104
 53.99  -6.104
 54.10  -6.104
 54.21  -6.104
 54.32  -6.104
 54.44  -6.104
 54.55  -6.104
 54.66  -6.104
 54.77  -6.104
 54.88  -6.104
 54.99  -6.104
 55.10  -6.104
 55.22  -6.104
 55.33  -6.104
 55.44  -6.104
 55.55  -6.104
 55.66  -6.104
 55.77  -6.104
 55.88  -6.104
 55.99  -6.104
 56.10  -6.104
 56.21  -6.104
 56.32  -6.104
 56.44  -6.104
 56.55  -6.104
 56.66  -6.104
 56.77  -6.104
 56.88  -6.104
 56.99  -6.103
 57.10  -6.103
 57.22  -6.103
 57.33  -6.103
 57.44  -6.103
 57.55  -6.102
 57.66  -6.102
 57.77  -6.102
 57.88  -6.102
 57.99  -6.101
 58.10  -6.101
 58.21  -6.101
 58.32  -6.101
 58.44  -6.100
 58.55  -6.100
 58.66  -6.100
 58.77  -6.099
 58.88  -6.099
 58.99  -6.099
 59.10  -6.098
 59.21  -6.098
 59.32  -6.098
 59.43  -6.097
 59.55  -6.097
 59.65  -6.097
 59.77  -6.096
 59.88  -6.096
 59.99  -6.095
 60.10  -6.095
 60.21  -6.094
 60.32  -6.094
 60.43  -6.093
 60.55  -6.093
 60.66  -6.093
 60.77  -6.092
 60.88  -6.092
 60.99  -6.091
 61.10  -6.091
 61.21  -6.090
 61.32  -6.090
 61.43  -6.089
 61.54  -6.089
 61.65  -6.088
 61.76  -6.088
 61.88  -6.087
 61.99  -6.087
 62.10  -6.086
 62.21  -6.085
 62.32  -6.085
 62.43  -6.084
 62.54  -6.083
 62.65  -6.083
 62.77  -6.082
 62.88  -6.081
 62.99  -6.080
 63.10  -6.080
 63.21  -6.079
 63.32  -6.078
 63.43  -6.077
 63.54  -6.076
 63.65  -6.076
 63.76  -6.075
 63.87  -6.074
 63.98  -6.073
 64.10  -6.072
 64.21  -6.071
 64.31  -6.070
 64.43  -6.069
 64.54  -6.067
 64.65  -6.066
 64.76  -6.065
 64.87  -6.064
 64.98  -6.063
 65.09  -6.062
 65.20  -6.060
 65.31  -6.059
 65.43  -6.058
 65.53  -6.057
 65.64  -6.055
 65.76  -6.054
 65.87  -6.053
 65.98  -6.051
 66.09  -6.050
 66.20  -6.049
 66.31  -6.048
 66.42  -6.046
 66.53  -6.045
 66.65  -6.044
 66.76  -6.042
 66.87  -6.041
 66.98  -6.040
 67.09  -6.039
 67.20  -6.037
 67.31  -6.036
 67.42  -6.035
 67.53  -6.033
 67.75  -6.031
 67.87  -6.029
 67.98  -6.028
 68.08  -6.027
 68.19  -6.026
 68.30  -6.024
 68.42  -6.023
 68.53  -6.022
 68.64  -6.021
 68.75  -6.020
 68.85  -6.018
 68.96  -6.017
 69.08  -6.016
 69.19  -6.015
 69.30  -6.013
 69.41  -6.012
 69.52  -6.011
 69.63  -6.009
 69.74  -6.008
 69.85  -6.007
 69.96  -6.005
 70.07  -6.004
 70.18  -6.003
 70.29  -6.001
 70.40  -6.000
 70.51  -5.999
 70.62  -5.997
 70.73  -5.996
 70.84  -5.995
 70.95  -5.993
 71.06  -5.992
 71.17  -5.990
 71.28  -5.989
 71.39  -5.987
 71.49  -5.986
 71.60  -5.984
 71.71  -5.983
 71.82  -5.981
 71.93  -5.980
 72.04  -5.978
 72.14  -5.976
 72.25  -5.975
 72.35  -5.973
 72.46  -5.972
 72.57  -5.970
 72.68  -5.969
 72.78  -5.967
 72.89  -5.966
 73.00  -5.964
 73.11  -5.963
 73.22  -5.961
 73.32  -5.960
 73.43  -5.958
 73.53  -5.957
 73.64  -5.955
 73.75  -5.954
 73.86  -5.953
 73.96  -5.951
 74.07  -5.950
 74.17  -5.948
 74.28  -5.947
 74.39  -5.946
 74.50  -5.944
 74.60  -5.943
 74.71  -5.941
 74.81  -5.940
 74.92  -5.938
 75.03  -5.937
 75.14  -5.935
 75.25  -5.934
 75.35  -5.932
 75.46  -5.931
 75.57  -5.929
 75.67  -5.928
 75.78  -5.926
 75.88  -5.925
 75.99  -5.923
 76.10  -5.922
 76.20  -5.920
 76.31  -5.919
 76.42  -5.917
 76.53  -5.916
 76.63  -5.915
 76.74  -5.913
 76.85  -5.912
 76.95  -5.910
 77.06  -5.909
 77.17  -5.907
 77.27  -5.906
 77.38  -5.904
 77.49  -5.903
 77.60  -5.902
 77.71  -5.900
 77.81  -5.899
 77.92  -5.897
 78.02  -5.896
 78.13  -5.894
 78.24  -5.893
 78.35  -5.891
 78.45  -5.890
 78.56  -5.888
 78.66  -5.887
 78.77  -5.885
 78.88  -5.884
 78.99  -5.882
 79.10  -5.880
 79.20  -5.879
 79.31  -5.877
 79.42  -5.876
 79.53  -5.874
 79.63  -5.873
 79.74  -5.871
 79.84  -5.870
 79.95  -5.868
 80.05  -5.867
 80.16  -5.865
 80.27  -5.864
 80.37  -5.862
 80.48  -5.861
 80.58  -5.859
 80.69  -5.858
 80.80  -5.856
 80.90  -5.855
 81.01  -5.854
 81.12  -5.852
 81.22  -5.851
 81.33  -5.849
 81.44  -5.848
 81.54  -5.846
 81.65  -5.845
 81.76  -5.844
 81.86  -5.842
 81.97  -5.841
 82.07  -5.840
 82.18  -5.838
 82.29  -5.837
 82.39  -5.835
 82.50  -5.834
 82.60  -5.833
 82.71  -5.831
 82.82  -5.830
 82.92  -5.829
 83.03  -5.827
 83.14  -5.826
 83.24  -5.825
 83.35  -5.823
 83.46  -5.822
 83.56  -5.821
 83.67  -5.819
 83.77  -5.818
 83.88  -5.817
 83.98  -5.816
 84.09  -5.814
 84.19  -5.813
 84.30  -5.812
 84.41  -5.810
 84.51  -5.809
 84.62  -5.808
 84.73  -5.807
 84.83  -5.805
 84.94  -5.804
 85.04  -5.803
 85.14  -5.802
 85.24  -5.801
 85.35  -5.800
 85.46  -5.798
 85.56  -5.797
 85.67  -5.796
 85.77  -5.795
 85.88  -5.794
 85.98  -5.793
 86.09  -5.792
 86.19  -5.790
 86.30  -5.789
 86.40  -5.788
 86.50  -5.787
 86.61  -5.786
 86.72  -5.785
 86.82  -5.784
 86.93  -5.782
 87.03  -5.781
 87.14  -5.780
 87.24  -5.779
 87.35  -5.778
 87.46  -5.776
 87.56  -5.775
 87.67  -5.774
 87.77  -5.773
 87.88  -5.771
 87.99  -5.770
 88.09  -5.769
 88.20  -5.767
 88.30  -5.766
 88.41  -5.765
 88.52  -5.763
 88.62  -5.762
 88.73  -5.760
 88.84  -5.759
 88.94  -5.757
 89.05  -5.756
 89.15  -5.754
 89.26  -5.753
 89.37  -5.751
 89.48  -5.749
 89.58  -5.748
 89.69  -5.746
 89.79  -5.745
 89.90  -5.743
 90.01  -5.741
 90.12  -5.740
 90.22  -5.738
 90.32  -5.737
 90.43  -5.735
 90.54  -5.733
 90.65  -5.732
 90.75  -5.730
 90.86  -5.729
 90.96  -5.727
 91.07  -5.725
 91.18  -5.724
 91.29  -5.722
 91.39  -5.720
 91.50  -5.719
 91.60  -5.717
 91.71  -5.716
 91.82  -5.714
 91.93  -5.712
 92.03  -5.711
 92.14  -5.709
 92.24  -5.707
 92.35  -5.706
 92.46  -5.704
 92.56  -5.702
 92.67  -5.701
 92.77  -5.699
 92.88  -5.697
 92.99  -5.695
 93.09  -5.694
 93.20  -5.692
 93.31  -5.690
 93.41  -5.688
 93.52  -5.687
 93.63  -5.685
 93.74  -5.683
 93.85  -5.681
 93.95  -5.679
 94.06  -5.678
 94.16  -5.676
 94.27  -5.674
 94.38  -5.672
 94.49  -5.670
 94.59  -5.668
 94.70  -5.666
 94.81  -5.665
 94.91  -5.663
 95.02  -5.661
 95.13  -5.659
 95.24  -5.657
 95.34  -5.655
 95.45  -5.653
 95.56  -5.651
 95.67  -5.649
 95.78  -5.647
 95.89  -5.645
 95.99  -5.643
 96.10  -5.641
 96.20  -5.639
 96.31  -5.637
 96.42  -5.635
 96.53  -5.633
 96.64  -5.631
 96.74  -5.629
 96.85  -5.627
 96.96  -5.625
 97.06  -5.623
 97.17  -5.621
 97.28  -5.620
 97.38  -5.618
 97.49  -5.616
 97.60  -5.614
 97.70  -5.612
 97.81  -5.609
 97.92  -5.607
 98.02  -5.605
 98.13  -5.603
 98.24  -5.601
 98.34  -5.599
 98.45  -5.597
 98.56  -5.595
 98.67  -5.593
 98.77  -5.591
 98.88  -5.589
 98.99  -5.587
 99.10  -5.585
 99.20  -5.583
 99.31  -5.581
 99.42  -5.579
 99.52  -5.577
 99.63  -5.575
 99.74  -5.573
 99.85  -5.571
 99.95  -5.569
100.06  -5.567
100.17  -5.565
100.27  -5.563
100.38  -5.560
100.49  -5.558
100.60  -5.556
100.70  -5.554
100.81  -5.552
100.92  -5.550
101.03  -5.548
101.14  -5.545
101.25  -5.543
101.35  -5.541
101.46  -5.539
101.57  -5.537
101.68  -5.534
101.79  -5.532
101.90  -5.530
102.01  -5.528
102.12  -5.525
102.22  -5.523
102.32  -5.521
102.43  -5.519
102.54  -5.517
102.65  -5.514
102.76  -5.512
102.87  -5.510
102.97  -5.508
103.08  -5.506
103.19  -5.503
103.30  -5.501
103.41  -5.499
103.52  -5.496
103.62  -5.494
103.73  -5.491
103.84  -5.489
103.95  -5.486
104.06  -5.484
104.17  -5.481
104.27  -5.478
104.38  -5.476
104.49  -5.473
104.60  -5.470
104.70  -5.467
104.81  -5.465
104.92  -5.462
105.03  -5.459
105.14  -5.456
105.24  -5.453
105.35  -5.451
105.45  -5.448
105.56  -5.445
105.67  -5.442
105.78  -5.440
105.89  -5.437
105.99  -5.434
106.10  -5.432
106.21  -5.429
106.32  -5.427
106.43  -5.424
106.54  -5.421
106.64  -5.418
106.75  -5.416
106.87  -5.413
106.97  -5.410
107.08  -5.407
107.19  -5.404
107.30  -5.402
107.41  -5.399
107.51  -5.396
107.61  -5.393
107.72  -5.390
107.83  -5.386
107.93  -5.383
108.03  -5.380
108.14  -5.377
108.24  -5.374
108.35  -5.371
108.45  -5.368
108.56  -5.365
108.66  -5.361
108.77  -5.358
108.87  -5.355
108.98  -5.352
109.09  -5.349
109.19  -5.346
109.30  -5.342
109.40  -5.339
109.51  -5.336
109.61  -5.333
109.72  -5.329
109.83  -5.326
109.93  -5.323
110.03  -5.320
110.14  -5.316
110.25  -5.313
110.35  -5.310
110.46  -5.307
110.56  -5.304
110.67  -5.301
110.77  -5.298
110.88  -5.295
110.99  -5.292
111.09  -5.289
111.20  -5.287
111.30  -5.284
111.41  -5.281
111.51  -5.278
111.62  -5.275
111.72  -5.273
111.83  -5.270
111.94  -5.267
112.04  -5.264
112.15  -5.261
112.25  -5.257
112.36  -5.254
112.46  -5.251
112.57  -5.247
112.67  -5.243
112.78  -5.240
112.88  -5.236
112.99  -5.232
113.09  -5.228
113.20  -5.224
113.30  -5.221
113.40  -5.217
113.51  -5.213
113.61  -5.209
113.71  -5.205
113.82  -5.202
113.92  -5.198
114.02  -5.194
114.13  -5.191
114.23  -5.187
114.34  -5.184
114.44  -5.180
114.55  -5.177
114.65  -5.173
114.76  -5.170
114.86  -5.167
114.97  -5.163
115.08  -5.160
115.18  -5.156
115.29  -5.153
115.39  -5.150
115.49  -5.146
115.60  -5.143
115.71  -5.140
115.82  -5.137
115.92  -5.133
116.03  -5.130
116.13  -5.127
116.24  -5.124
116.34  -5.121
116.45  -5.118
116.55  -5.115
116.66  -5.111
116.76  -5.108
116.87  -5.105
116.97  -5.102
117.08  -5.099
117.18  -5.096
117.29  -5.093
117.39  -5.090
117.50  -5.087
117.60  -5.084
117.71  -5.081
117.81  -5.078
117.92  -5.074
118.02  -5.071
118.13  -5.068
118.24  -5.065
118.34  -5.062
118.44  -5.059
118.55  -5.056
118.65  -5.053
118.76  -5.050
118.86  -5.047
118.97  -5.043
119.08  -5.040
119.18  -5.037
119.28  -5.034
119.39  -5.031
119.50  -5.028
119.60  -5.025
119.71  -5.021
119.81  -5.018
119.91  -5.015
120.02  -5.012
120.13  -5.009
120.23  -5.006
120.34  -5.002
120.44  -4.999
120.55  -4.996
120.65  -4.993
120.76  -4.990
120.86  -4.987
120.97  -4.984
121.07  -4.981
121.18  -4.978
121.28  -4.975
121.39  -4.972
121.49  -4.969
121.60  -4.966
121.70  -4.963
121.80  -4.960
121.91  -4.957
122.02  -4.954
122.12  -4.951
122.23  -4.948
122.33  -4.945
122.44  -4.942
122.54  -4.939
122.65  -4.936
122.75  -4.932
122.86  -4.929
122.96  -4.926
123.06  -4.923
123.17  -4.920
123.28  -4.917
123.38  -4.914
123.49  -4.911
123.59  -4.908
123.70  -4.905
123.80  -4.902
123.91  -4.899
124.02  -4.896
124.12  -4.893
124.23  -4.890
124.33  -4.887
124.44  -4.884
124.54  -4.881
124.65  -4.878
124.75  -4.875
124.86  -4.873
124.96  -4.870
125.07  -4.867
125.17  -4.864
125.28  -4.861
125.39  -4.859
125.49  -4.856
125.59  -4.853
125.70  -4.850
125.80  -4.848
125.91  -4.845
126.01  -4.842
126.12  -4.840
126.22  -4.837
126.33  -4.834
126.43  -4.832
126.54  -4.829
126.64  -4.826
126.75  -4.824
126.85  -4.821
126.96  -4.819
127.07  -4.816
127.17  -4.814
127.27  -4.811
127.38  -4.809
127.48  -4.806
127.59  -4.804
127.69  -4.801
127.80  -4.799
127.90  -4.796
128.01  -4.794
128.11  -4.792
128.22  -4.789
128.33  -4.787
128.43  -4.785
128.54  -4.782
128.64  -4.780
128.74  -4.778
128.85  -4.775
128.96  -4.773
129.06  -4.771
129.17  -4.768
129.27  -4.766
129.38  -4.764
129.48  -4.762
129.59  -4.759
129.69  -4.757
129.79  -4.755
129.90  -4.752
130.01  -4.750
130.11  -4.748
130.22  -4.746
130.32  -4.743
130.43  -4.741
130.53  -4.739
130.64  -4.736
130.74  -4.734
130.85  -4.732
130.95  -4.729
131.06  -4.727
131.16  -4.725
131.27  -4.722
131.37  -4.720
131.48  -4.717
131.58  -4.715
131.69  -4.713
131.79  -4.710
131.90  -4.708
132.00  -4.705
132.11  -4.702
132.21  -4.700
132.32  -4.697
132.42  -4.694
132.53  -4.692
132.63  -4.689
132.74  -4.686
132.84  -4.683
132.95  -4.680
133.05  -4.677
133.16  -4.674
133.27  -4.671
133.37  -4.668
133.48  -4.665
133.58  -4.662
133.69  -4.659
133.79  -4.656
133.90  -4.653
134.00  -4.650
134.11  -4.646
134.21  -4.643
134.32  -4.640
134.42  -4.637
134.53  -4.633
134.63  -4.630
134.74  -4.627
134.84  -4.623
134.95  -4.620
135.05  -4.616
135.16  -4.613
135.26  -4.609
135.37  -4.606
135.48  -4.603
135.58  -4.599
135.68  -4.596
135.79  -4.593
135.90  -4.590
136.00  -4.587
136.10  -4.584
136.21  -4.581
136.31  -4.578
136.42  -4.575
136.53  -4.573
136.63  -4.570
136.74  -4.567
136.84  -4.564
136.95  -4.561
137.05  -4.558
137.16  -4.555
137.27  -4.552
137.37  -4.549
137.47  -4.546
137.58  -4.543
137.69  -4.539
137.79  -4.536
137.90  -4.532
138.00  -4.529
138.11  -4.525
138.21  -4.521
138.32  -4.517
138.42  -4.514
138.53  -4.510
138.63  -4.506
138.73  -4.502
138.84  -4.499
138.95  -4.495
139.05  -4.491
139.16  -4.488
139.26  -4.484
139.36  -4.481
139.47  -4.477
139.58  -4.474
139.68  -4.470
139.79  -4.467
139.89  -4.464
139.99  -4.461
140.10  -4.457
140.21  -4.454
140.31  -4.451
140.42  -4.447
140.52  -4.444
140.63  -4.441
140.73  -4.438
140.84  -4.434
140.94  -4.431
141.04  -4.427
141.15  -4.424
141.25  -4.420
141.36  -4.417
141.46  -4.413
141.57  -4.410
141.67  -4.406
141.77  -4.403
141.88  -4.399
141.98  -4.396
142.08  -4.392
142.18  -4.389
142.28  -4.386
142.38  -4.382
142.48  -4.379
142.59  -4.376
142.69  -4.373
142.79  -4.370
142.89  -4.367
142.99  -4.365
143.09  -4.362
143.19  -4.359
143.30  -4.356
143.40  -4.353
143.50  -4.351
143.60  -4.348
143.70  -4.345
143.81  -4.342
143.91  -4.340
144.01  -4.337
144.11  -4.334
144.21  -4.332
144.31  -4.329
144.41  -4.326
144.52  -4.323
144.62  -4.321
144.72  -4.318
144.82  -4.315
144.92  -4.313
145.02  -4.310
145.13  -4.307
145.23  -4.304
145.33  -4.302
145.43  -4.299
145.53  -4.296
145.64  -4.293
145.74  -4.290
145.84  -4.287
145.95  -4.284
146.05  -4.280
146.15  -4.277
146.25  -4.274
146.35  -4.270
146.45  -4.267
146.55  -4.264
146.66  -4.260
146.76  -4.257
146.86  -4.253
146.97  -4.250
147.07  -4.247
147.17  -4.243
147.27  -4.240
147.37  -4.237
147.48  -4.234
147.58  -4.231
147.68  -4.229
147.78  -4.226
147.89  -4.223
147.99  -4.221
148.09  -4.218
148.19  -4.216
148.29  -4.213
148.40  -4.211
148.50  -4.208
148.60  -4.206
148.70  -4.204
148.81  -4.201
148.91  -4.198
149.01  -4.196
149.11  -4.193
149.21  -4.190
149.31  -4.187
149.42  -4.184
149.52  -4.181
149.62  -4.178
149.72  -4.175
149.82  -4.172
149.93  -4.169
150.03  -4.165
150.13  -4.162
150.23  -4.159
150.34  -4.156
150.43  -4.153
150.54  -4.150
150.64  -4.147
150.74  -4.144
150.84  -4.142
150.95  -4.139
151.05  -4.137
151.15  -4.134
151.25  -4.132
151.35  -4.129
151.46  -4.127
151.56  -4.124
151.66  -4.122
151.76  -4.119
151.87  -4.117
151.97  -4.114
152.07  -4.111
152.17  -4.108
152.27  -4.105
152.38  -4.102
152.48  -4.098
152.58  -4.095
152.68  -4.091
152.78  -4.087
152.88  -4.083
152.99  -4.079
153.09  -4.075
153.19  -4.071
153.30  -4.067
153.39  -4.063
153.49  -4.059
153.60  -4.055
153.70  -4.052
153.80  -4.048
153.91  -4.044
154.01  -4.041
154.11  -4.038
154.21  -4.035
154.31  -4.032
154.41  -4.029
154.52  -4.027
154.62  -4.024
154.72  -4.021
154.82  -4.019
154.93  -4.016
155.03  -4.013
155.13  -4.011
155.23  -4.008
155.33  -4.005
155.43  -4.003
155.54  -4.000
155.64  -3.997
155.74  -3.994
155.84  -3.991
155.95  -3.988
156.05  -3.986
156.15  -3.983
156.25  -3.980
156.36  -3.977
156.46  -3.974
156.56  -3.971
156.66  -3.968
156.76  -3.965
156.87  -3.962
156.97  -3.959
157.07  -3.956
157.17  -3.954
157.27  -3.951
157.38  -3.948
157.48  -3.945
157.58  -3.942
157.68  -3.940
157.78  -3.937
157.88  -3.934
157.99  -3.932
158.09  -3.929
158.19  -3.926
158.29  -3.924
158.40  -3.921
158.50  -3.918
158.60  -3.916
158.70  -3.913
158.80  -3.911
158.91  -3.909
159.01  -3.906
159.11  -3.904
159.21  -3.902
159.31  -3.900
159.41  -3.898
159.52  -3.895
159.62  -3.893
159.72  -3.891
159.82  -3.889
159.93  -3.887
160.03  -3.885
160.13  -3.883
160.23  -3.881
160.33  -3.879
160.44  -3.877
160.54  -3.875
160.64  -3.873
160.74  -3.870
160.84  -3.868
160.95  -3.866
161.05  -3.864
161.15  -3.862
161.25  -3.860
161.35  -3.858
161.45  -3.856
161.56  -3.854
161.66  -3.852
161.76  -3.849
161.86  -3.847
161.96  -3.845
162.06  -3.843
162.17  -3.841
162.27  -3.838
162.38  -3.836
162.48  -3.834
162.58  -3.832
162.68  -3.829
162.78  -3.827
162.89  -3.825
162.99  -3.822
163.09  -3.820
163.19  -3.817
163.29  -3.815
163.39  -3.813
163.50  -3.810
163.60  -3.808
163.70  -3.806
163.80  -3.803
163.91  -3.801
164.01  -3.798
164.11  -3.796
164.21  -3.794
164.32  -3.791
164.42  -3.789
164.52  -3.787
164.62  -3.784
164.73  -3.782
164.83  -3.779
164.93  -3.777
165.03  -3.774
165.13  -3.772
165.23  -3.770
165.34  -3.767
165.44  -3.765
165.54  -3.762
165.64  -3.760
165.74  -3.757
165.85  -3.755
165.95  -3.752
166.05  -3.750
166.16  -3.747
166.26  -3.745
166.36  -3.742
166.46  -3.739
166.56  -3.737
166.67  -3.734
166.77  -3.732
166.87  -3.729
166.97  -3.726
167.07  -3.724
167.18  -3.721
167.28  -3.718
167.38  -3.715
167.49  -3.713
167.59  -3.710
167.69  -3.707
167.79  -3.704
167.90  -3.701
168.00  -3.698
168.10  -3.695
168.20  -3.692
168.31  -3.689
168.41  -3.687
168.51  -3.684
168.62  -3.681
168.72  -3.678
168.82  -3.675
168.93  -3.673
169.03  -3.670
169.13  -3.667
169.23  -3.665
169.33  -3.662
169.44  -3.659
169.54  -3.657
169.64  -3.654
169.75  -3.651
169.85  -3.648
169.95  -3.645
170.06  -3.642
170.16  -3.639
170.26  -3.636
170.36  -3.633
170.47  -3.630
170.57  -3.627
170.67  -3.623
170.77  -3.620
170.88  -3.616
170.98  -3.613
171.09  -3.609
171.19  -3.606
171.29  -3.602
171.39  -3.598
171.50  -3.595
171.60  -3.591
171.70  -3.588
171.81  -3.584
171.91  -3.581
172.01  -3.577
172.12  -3.574
172.22  -3.571
172.32  -3.567
172.42  -3.564
172.53  -3.561
172.63  -3.557
172.73  -3.554
172.84  -3.551
172.94  -3.548
173.05  -3.545
173.15  -3.541
173.25  -3.538
173.35  -3.535
173.46  -3.532
173.56  -3.529
173.67  -3.526
173.77  -3.522
173.87  -3.519
173.97  -3.516
174.08  -3.513
174.18  -3.510
174.28  -3.507
174.39  -3.504
174.49  -3.501
174.59  -3.498
174.70  -3.495
174.80  -3.492
174.91  -3.489
175.01  -3.487
175.11  -3.484
175.22  -3.481
175.32  -3.478
175.42  -3.475
175.53  -3.472
175.63  -3.470
175.73  -3.467
175.83  -3.464
175.93  -3.461
176.03  -3.458
176.13  -3.455
176.23  -3.453
176.33  -3.450
176.43  -3.447
176.53  -3.444
176.63  -3.441
176.73  -3.438
176.83  -3.435
176.93  -3.432
177.03  -3.429
177.14  -3.426
177.24  -3.422
177.34  -3.419
177.43  -3.416
177.53  -3.412
177.64  -3.409
177.74  -3.405
177.84  -3.402
177.94  -3.399
178.04  -3.395
178.14  -3.392
178.24  -3.388
178.34  -3.385
178.44  -3.381
178.54  -3.378
178.64  -3.375
178.74  -3.372
178.84  -3.368
178.94  -3.365
179.04  -3.362
179.14  -3.359
179.24  -3.356
179.34  -3.352
179.44  -3.349
179.54  -3.346
179.64  -3.342
179.74  -3.339
179.84  -3.336
179.94  -3.332
180.04  -3.329
180.14  -3.325
180.24  -3.322
180.34  -3.318
180.44  -3.314
180.54  -3.310
180.64  -3.307
180.74  -3.303
180.84  -3.299
180.94  -3.295
181.04  -3.291
181.14  -3.288
181.25  -3.284
181.34  -3.280
181.44  -3.276
181.55  -3.273
181.64  -3.269
181.74  -3.265
181.85  -3.262
181.94  -3.258
182.04  -3.255
182.15  -3.251
182.24  -3.248
182.34  -3.244
182.45  -3.241
182.54  -3.238
182.65  -3.234
182.75  -3.231
182.84  -3.227
182.94  -3.224
183.05  -3.221
183.14  -3.217
183.24  -3.214
183.34  -3.210
183.44  -3.206
183.54  -3.203
183.64  -3.199
183.74  -3.196
183.84  -3.192
183.94  -3.188
184.04  -3.185
184.14  -3.181
184.24  -3.177
184.34  -3.173
184.44  -3.170
184.54  -3.166
184.64  -3.163
184.74  -3.159
184.84  -3.156
184.94  -3.152
185.04  -3.149
185.13  -3.146
185.23  -3.143
185.33  -3.140
185.43  -3.137
185.53  -3.134
185.63  -3.131
185.73  -3.128
185.83  -3.125
185.93  -3.122
186.03  -3.119
186.13  -3.116
186.23  -3.112
186.33  -3.109
186.43  -3.105
186.53  -3.101
186.63  -3.097
186.73  -3.092
186.82  -3.088
186.92  -3.083
187.02  -3.078
187.12  -3.073
187.22  -3.069
187.32  -3.064
187.42  -3.059
187.52  -3.054
187.62  -3.049
187.72  -3.045
187.82  -3.040
187.92  -3.036
188.01  -3.032
188.11  -3.029
188.21  -3.025
188.31  -3.022
188.41  -3.020
188.51  -3.017
188.61  -3.014
188.71  -3.012
188.81  -3.009
188.91  -3.007
189.01  -3.004
189.11  -3.002
189.20  -2.999
189.30  -2.997
189.40  -2.994
189.50  -2.991
189.60  -2.988
189.70  -2.985
189.80  -2.981
189.90  -2.978
190.00  -2.974
190.10  -2.970
190.20  -2.966
190.30  -2.962
190.39  -2.958
190.50  -2.954
190.60  -2.950
190.69  -2.947
190.79  -2.943
190.89  -2.939
190.99  -2.935
191.09  -2.931
191.19  -2.927
191.29  -2.924
191.39  -2.920
191.49  -2.917
191.59  -2.913
191.68  -2.910
191.78  -2.907
191.88  -2.903
191.98  -2.900
192.08  -2.897
192.18  -2.893
192.28  -2.890
192.38  -2.887
192.48  -2.883
192.57  -2.880
192.67  -2.877
192.77  -2.873
192.87  -2.870
192.97  -2.866
193.07  -2.863
193.17  -2.859
193.27  -2.856
193.37  -2.852
193.46  -2.849
193.56  -2.845
193.67  -2.841
193.76  -2.838
193.86  -2.834
193.96  -2.831
194.06  -2.827
194.16  -2.824
194.26  -2.820
194.36  -2.817
194.46  -2.814
194.55  -2.810
194.65  -2.807
194.75  -2.804
194.85  -2.801
194.95  -2.798
195.05  -2.794
195.15  -2.791
195.25  -2.788
195.35  -2.785
195.45  -2.782
195.55  -2.779
195.64  -2.775
195.74  -2.772
195.84  -2.769
195.94  -2.766
196.04  -2.763
196.14  -2.759
196.23  -2.756
196.33  -2.753
196.43  -2.750
196.53  -2.746
196.63  -2.743
196.73  -2.740
196.83  -2.736
196.93  -2.733
197.03  -2.730
197.12  -2.726
197.23  -2.723
197.32  -2.720
197.42  -2.716
197.52  -2.712
197.62  -2.708
197.72  -2.705
197.82  -2.701
197.92  -2.696
198.01  -2.692
198.11  -2.688
198.21  -2.684
198.31  -2.680
198.41  -2.676
198.50  -2.672
198.60  -2.668
198.70  -2.664
198.80  -2.659
198.90  -2.655
199.00  -2.651
199.10  -2.648
199.19  -2.644
199.29  -2.640
199.39  -2.637
199.49  -2.633
199.59  -2.630
199.69  -2.626
199.79  -2.623
199.88  -2.619
199.98  -2.616
200.08  -2.613
200.18  -2.609
200.28  -2.606
200.38  -2.603
200.48  -2.600
200.57  -2.597
200.67  -2.594
200.77  -2.591
200.87  -2.588
200.97  -2.585
201.06  -2.582
201.16  -2.580
201.26  -2.577
201.36  -2.574
201.46  -2.572
201.56  -2.569
201.65  -2.566
201.75  -2.564
201.85  -2.561
201.95  -2.559
202.05  -2.556
202.15  -2.553
202.25  -2.551
202.34  -2.548
202.44  -2.545
202.54  -2.542
202.64  -2.539
202.73  -2.536
202.83  -2.533
202.93  -2.530
203.03  -2.527
203.13  -2.524
203.22  -2.521
203.32  -2.518
203.42  -2.515
203.52  -2.512
203.61  -2.509
203.71  -2.507
203.81  -2.504
203.91  -2.501
204.01  -2.498
204.10  -2.496
204.20  -2.493
204.30  -2.491
204.40  -2.488
204.49  -2.485
204.59  -2.483
204.69  -2.481
204.79  -2.478
204.89  -2.476
204.99  -2.473
205.09  -2.471
205.18  -2.469
205.28  -2.466
205.38  -2.464
205.48  -2.462
205.58  -2.459
205.67  -2.457
205.77  -2.455
205.87  -2.453
205.97  -2.450
206.07  -2.448
206.17  -2.446
206.26  -2.444
206.36  -2.442
206.46  -2.440
206.56  -2.438
206.65  -2.436
206.75  -2.434
206.85  -2.432
206.95  -2.430
207.04  -2.428
207.14  -2.426
207.24  -2.424
207.34  -2.423
207.44  -2.421
207.53  -2.419
207.63  -2.417
207.73  -2.416
207.83  -2.414
207.93  -2.412
208.02  -2.411
208.12  -2.409
208.22  -2.408
208.31  -2.406
208.41  -2.404
208.50  -2.403
208.60  -2.401
208.69  -2.399
208.79  -2.398
208.88  -2.396
208.98  -2.394
209.07  -2.392
209.17  -2.391
209.26  -2.389
209.36  -2.387
209.45  -2.385
209.55  -2.384
209.64  -2.382
209.74  -2.380
209.83  -2.378
209.93  -2.377
210.02  -2.375
210.12  -2.373
210.21  -2.372
210.31  -2.370
210.40  -2.368
210.50  -2.367
210.59  -2.365
210.69  -2.363
210.78  -2.362
210.88  -2.360
210.97  -2.359
211.07  -2.357
211.16  -2.355
211.26  -2.354
211.35  -2.352
211.44  -2.351
211.54  -2.349
211.63  -2.347
211.73  -2.346
211.82  -2.344
211.92  -2.343
212.01  -2.341
212.11  -2.340
212.20  -2.338
212.30  -2.336
212.39  -2.335
212.49  -2.333
212.58  -2.332
212.68  -2.330
212.77  -2.329
212.86  -2.327
212.95  -2.326
213.05  -2.324
213.15  -2.323
213.24  -2.321
213.33  -2.320
213.43  -2.318
213.52  -2.317
213.62  -2.316
213.72  -2.314
213.81  -2.313
213.91  -2.311
214.00  -2.310
214.10  -2.308
214.19  -2.307
214.29  -2.305
214.38  -2.304
214.47  -2.303
214.57  -2.301
214.66  -2.300
214.76  -2.298
214.85  -2.297
214.95  -2.295
215.04  -2.294
215.13  -2.292
215.23  -2.291
215.33  -2.290
215.42  -2.288
215.52  -2.287
215.61  -2.285
215.70  -2.284
215.80  -2.282
215.90  -2.281
215.99  -2.279
216.08  -2.278
216.18  -2.276
216.27  -2.274
216.36  -2.273
216.46  -2.271
216.56  -2.269
216.65  -2.268
216.75  -2.266
216.84  -2.264
216.94  -2.263
217.04  -2.261
217.13  -2.259
217.22  -2.257
217.32  -2.256
217.41  -2.254
217.51  -2.252
217.60  -2.250
217.69  -2.249
217.79  -2.247
217.88  -2.245
217.98  -2.244
218.08  -2.242
218.17  -2.240
218.27  -2.239
218.36  -2.237
218.46  -2.235
218.55  -2.234
218.65  -2.232
218.74  -2.230
218.84  -2.228
218.93  -2.227
219.03  -2.225
219.12  -2.223
219.22  -2.221
219.31  -2.220
219.41  -2.218
219.50  -2.216
219.60  -2.214
219.69  -2.212
219.78  -2.211
219.88  -2.209
219.98  -2.207
220.07  -2.205
220.17  -2.203
220.26  -2.202
220.36  -2.200
220.45  -2.198
220.55  -2.196
220.65  -2.194
220.74  -2.192
220.84  -2.190
220.93  -2.188
221.03  -2.186
221.12  -2.184
221.22  -2.182
221.31  -2.180
221.40  -2.178
221.50  -2.176
221.60  -2.174
221.69  -2.172
221.79  -2.170
221.88  -2.168
221.97  -2.167
222.07  -2.165
222.16  -2.163
222.26  -2.161
222.35  -2.160
222.45  -2.158
222.55  -2.157
222.64  -2.156
222.74  -2.154
222.83  -2.153
222.93  -2.152
223.03  -2.150
223.12  -2.149
223.22  -2.148
223.31  -2.146
223.41  -2.145
223.50  -2.143
223.60  -2.142
223.69  -2.140
223.79  -2.138
223.89  -2.136
223.98  -2.134
224.08  -2.131
224.17  -2.129
224.27  -2.127
224.36  -2.125
224.46  -2.122
224.56  -2.120
224.65  -2.117
224.74  -2.115
224.83  -2.112
224.93  -2.110
225.03  -2.108
225.12  -2.105
225.21  -2.103
225.31  -2.101
225.40  -2.099
225.50  -2.097
225.59  -2.095
225.69  -2.093
225.78  -2.091
225.88  -2.089
225.97  -2.087
226.06  -2.085
226.16  -2.082
226.25  -2.080
226.35  -2.078
226.44  -2.076
226.53  -2.074
226.63  -2.072
226.72  -2.070
226.82  -2.067
226.91  -2.065
227.01  -2.063
227.10  -2.060
227.20  -2.058
227.29  -2.055
227.39  -2.053
227.48  -2.050
227.58  -2.047
227.67  -2.045
227.77  -2.042
227.86  -2.040
227.96  -2.037
228.06  -2.035
228.15  -2.032
228.24  -2.030
228.34  -2.027
228.43  -2.025
228.52  -2.023
228.62  -2.020
228.71  -2.018
228.80  -2.016
228.89  -2.013
228.99  -2.011
229.08  -2.009
229.18  -2.006
229.27  -2.004
229.36  -2.002
229.46  -1.999
229.55  -1.997
229.64  -1.994
229.74  -1.992
229.83  -1.990
229.92  -1.987
230.02  -1.985
230.11  -1.982
230.20  -1.980
230.30  -1.977
230.39  -1.975
230.49  -1.972
230.58  -1.970
230.68  -1.967
230.77  -1.965
230.86  -1.962
230.96  -1.960
231.05  -1.957
231.15  -1.955
231.24  -1.952
231.33  -1.949
231.43  -1.947
231.52  -1.944
231.62  -1.941
231.71  -1.939
231.81  -1.936
231.90  -1.933
232.00  -1.931
232.09  -1.928
232.19  -1.925
232.29  -1.923
232.38  -1.920
232.48  -1.917
232.57  -1.914
232.67  -1.912
232.77  -1.909
232.86  -1.906
232.96  -1.904
233.05  -1.901
233.15  -1.899
233.25  -1.896
233.34  -1.894
233.44  -1.891
233.53  -1.889
233.63  -1.886
233.72  -1.883
233.82  -1.881
233.91  -1.878
234.01  -1.875
234.11  -1.873
234.20  -1.870
234.29  -1.867
234.39  -1.864
234.48  -1.860
234.58  -1.857
234.68  -1.854
234.77  -1.850
234.86  -1.847
234.96  -1.843
235.06  -1.840
235.15  -1.836
235.25  -1.833
235.35  -1.829
235.44  -1.826
235.54  -1.822
235.63  -1.818
235.72  -1.815
235.82  -1.811
235.91  -1.808
236.01  -1.805
236.10  -1.801
236.20  -1.798
236.30  -1.795
236.39  -1.791
236.48  -1.788
236.58  -1.785
236.68  -1.782
236.77  -1.778
236.87  -1.775
236.96  -1.772
237.06  -1.769
237.16  -1.765
237.25  -1.762
237.35  -1.759
237.44  -1.756
237.54  -1.753
237.63  -1.750
237.73  -1.747
237.82  -1.743
237.92  -1.740
238.02  -1.737
238.11  -1.734
238.21  -1.731
238.30  -1.728
238.49  -1.722
238.59  -1.719
238.68  -1.716
238.78  -1.713
238.88  -1.711
238.97  -1.708
239.06  -1.705
239.16  -1.702
239.26  -1.699
239.35  -1.696
239.45  -1.693
239.54  -1.690
239.64  -1.688
239.74  -1.685
239.83  -1.682
239.93  -1.679
240.02  -1.676
240.12  -1.674
240.21  -1.671
240.30  -1.668
240.40  -1.665
240.49  -1.662
240.58  -1.659
240.67  -1.657
240.77  -1.654
240.86  -1.651
240.95  -1.648
241.05  -1.645
241.14  -1.642
241.23  -1.639
241.33  -1.637
241.42  -1.634
241.51  -1.631
241.61  -1.628
241.70  -1.625
241.79  -1.623
241.89  -1.620
241.98  -1.617
242.07  -1.614
242.17  -1.612
242.26  -1.609
242.35  -1.606
242.44  -1.603
242.54  -1.601
242.63  -1.598
242.72  -1.595
242.82  -1.593
242.91  -1.590
243.00  -1.587
243.09  -1.585
243.19  -1.582
243.28  -1.579
243.37  -1.577
243.46  -1.574
243.55  -1.572
243.65  -1.570
243.74  -1.567
243.83  -1.565
243.93  -1.562
244.02  -1.560
244.11  -1.558
244.20  -1.555
244.29  -1.553
244.39  -1.551
244.48  -1.548
244.57  -1.546
244.66  -1.544
244.76  -1.541
244.85  -1.539
244.94  -1.537
245.03  -1.534
245.13  -1.532
245.22  -1.529
245.31  -1.527
245.40  -1.524
245.49  -1.522
245.58  -1.520
245.68  -1.517
245.77  -1.515
245.86  -1.512
245.95  -1.510
246.05  -1.507
246.14  -1.505
246.23  -1.503
246.32  -1.500
246.41  -1.498
246.51  -1.496
246.60  -1.494
246.69  -1.491
246.78  -1.489
246.87  -1.487
246.96  -1.485
247.06  -1.483
247.15  -1.480
247.24  -1.478
247.33  -1.476
247.42  -1.474
247.51  -1.471
247.61  -1.469
247.70  -1.467
247.79  -1.464
247.88  -1.462
247.97  -1.460
248.06  -1.457
248.16  -1.455
248.25  -1.452
248.34  -1.450
248.43  -1.447
248.52  -1.445
248.61  -1.442
248.70  -1.440
248.79  -1.437
248.89  -1.435
248.98  -1.432
249.07  -1.430
249.16  -1.427
249.25  -1.425
249.34  -1.422
249.43  -1.419
249.52  -1.416
249.62  -1.414
249.71  -1.411
249.80  -1.408
249.89  -1.405
249.98  -1.403
250.08  -1.400
250.17  -1.397
250.26  -1.394
250.35  -1.392
250.44  -1.389
250.53  -1.386
250.62  -1.384
250.72  -1.381
250.81  -1.379
250.90  -1.377
250.99  -1.374
251.08  -1.372
251.17  -1.370
251.26  -1.368
251.36  -1.366
251.45  -1.364
251.54  -1.362
251.63  -1.360
251.72  -1.358
251.82  -1.356
251.91  -1.354
252.00  -1.351
252.10  -1.349
252.19  -1.347
252.28  -1.345
252.37  -1.342
252.46  -1.340
252.56  -1.337
252.65  -1.335
252.74  -1.332
252.83  -1.329
252.92  -1.327
253.02  -1.324
253.11  -1.322
253.20  -1.319
253.29  -1.316
253.38  -1.314
253.47  -1.311
253.57  -1.308
253.66  -1.306
253.75  -1.303
253.84  -1.300
253.93  -1.298
254.03  -1.295
254.12  -1.292
254.21  -1.289
254.30  -1.287
254.39  -1.284
254.48  -1.281
254.57  -1.279
254.67  -1.276
254.76  -1.273
254.85  -1.271
254.94  -1.268
255.03  -1.265
255.13  -1.263
255.22  -1.260
255.31  -1.258
255.40  -1.256
255.49  -1.253
255.59  -1.251
255.68  -1.248
255.77  -1.246
255.86  -1.244
255.95  -1.241
256.05  -1.239
256.14  -1.237
256.23  -1.235
256.32  -1.232
256.42  -1.230
256.51  -1.228
256.60  -1.225
256.69  -1.223
256.78  -1.221
256.87  -1.218
256.97  -1.216
257.06  -1.213
257.15  -1.211
257.24  -1.208
257.33  -1.206
257.43  -1.204
257.52  -1.201
257.61  -1.199
257.70  -1.196
257.79  -1.194
257.88  -1.192
257.98  -1.189
258.07  -1.187
258.16  -1.185
258.26  -1.183
258.35  -1.181
258.44  -1.178
258.53  -1.176
258.62  -1.174
258.71  -1.172
258.80  -1.170
258.90  -1.168
258.99  -1.166
259.08  -1.164
259.17  -1.162
259.26  -1.160
259.35  -1.158
259.45  -1.156
259.54  -1.154
259.63  -1.151
259.72  -1.149
259.81  -1.147
259.90  -1.144
260.00  -1.142
260.09  -1.140
260.18  -1.137
260.27  -1.135
260.36  -1.132
260.54  -1.127
260.63  -1.125
260.73  -1.123
260.82  -1.120
260.91  -1.118
261.00  -1.116
261.09  -1.113
261.18  -1.111
261.28  -1.109
261.37  -1.107
261.46  -1.105
261.55  -1.103
261.64  -1.101
261.73  -1.099
261.82  -1.096
261.92  -1.094
262.01  -1.092
262.10  -1.090
262.19  -1.088
262.28  -1.086
262.37  -1.084
262.46  -1.082
262.56  -1.080
262.65  -1.078
262.74  -1.076
262.83  -1.074
262.92  -1.072
263.01  -1.069
263.10  -1.067
263.20  -1.065
263.29  -1.063
263.38  -1.061
263.47  -1.059
285.04  -0.476
285.14  -0.474
285.23  -0.472
285.33  -0.470
285.42  -0.467
285.52  -0.465
285.62  -0.463
285.71  -0.461
285.90  -0.456
286.00  -0.454
286.09  -0.451
286.19  -0.449
286.28  -0.447
286.37  -0.444
286.47  -0.442
286.57  -0.440
286.66  -0.437
286.75  -0.435
286.84  -0.432
286.94  -0.430
287.03  -0.428
287.13  -0.425
287.22  -0.423
287.31  -0.420
287.41  -0.418
287.50  -0.416
287.59  -0.413
287.69  -0.411
287.78  -0.409
287.87  -0.407
287.96  -0.404
288.06  -0.402
288.15  -0.400
288.25  -0.398
288.34  -0.395
288.43  -0.393
288.52  -0.391
288.62  -0.388
288.71  -0.386
288.80  -0.384
288.90  -0.381
288.99  -0.379
289.08  -0.376
289.18  -0.373
289.27  -0.371
289.36  -0.368
289.45  -0.365
289.55  -0.363
289.64  -0.360
289.73  -0.357
289.83  -0.355
289.92  -0.352
290.01  -0.349
290.10  -0.347
290.19  -0.344
290.29  -0.341
290.38  -0.339
290.47  -0.337
290.56  -0.334
290.65  -0.332
290.75  -0.330
290.84  -0.328
290.93  -0.325
291.02  -0.323
291.11  -0.321
291.21  -0.319
291.30  -0.317
291.39  -0.315
291.48  -0.313
291.57  -0.310
291.67  -0.308
291.76  -0.306
291.85  -0.304
291.95  -0.302
292.04  -0.300
292.13  -0.298
292.22  -0.296
292.31  -0.294
292.40  -0.291
292.50  -0.289
292.59  -0.287
292.68  -0.285
292.77  -0.283
292.86  -0.281
292.96  -0.279
293.05  -0.277
293.14  -0.275
293.23  -0.272
293.32  -0.270
293.41  -0.268
293.51  -0.266
293.60  -0.264
293.69  -0.261
293.79  -0.259
293.88  -0.257
293.97  -0.255
294.06  -0.253
294.16  -0.250
294.25  -0.248
294.34  -0.246
294.43  -0.244
294.52  -0.241
294.61  -0.239
294.71  -0.237
294.80  -0.234
294.90  -0.232
294.99  -0.230
295.08  -0.228
295.18  -0.225
295.27  -0.223
295.37  -0.221
295.46  -0.219
295.55  -0.216
295.64  -0.214
295.74  -0.212
295.83  -0.209
295.92  -0.207
296.02  -0.205
296.11  -0.202
296.20  -0.200
296.30  -0.197
296.39  -0.195
296.48  -0.192
296.57  -0.190
296.66  -0.187
296.76  -0.185
296.85  -0.182
296.95  -0.179
297.04  -0.177
297.13  -0.174
297.22  -0.171
297.31  -0.169
297.40  -0.166
297.50  -0.163
297.59  -0.161
297.69  -0.158
297.78  -0.155
297.87  -0.152
297.97  -0.150
298.06  -0.147
298.16  -0.144
298.25  -0.141
298.34  -0.139
298.43  -0.136
298.53  -0.133
298.62  -0.130
298.72  -0.128
298.81  -0.125
298.90  -0.122
299.00  -0.119
299.09  -0.117
299.19  -0.114
299.28  -0.111
299.37  -0.109
299.47  -0.106
299.56  -0.103
299.66  -0.101
299.76  -0.098
299.85  -0.095
299.94  -0.093
300.03  -0.090
300.12  -0.087
300.22  -0.085
300.31  -0.082
300.40  -0.080
300.49  -0.077
300.58  -0.074
300.67  -0.072
300.76  -0.069
300.85  -0.067
300.94  -0.064
301.03  -0.061
301.12  -0.059
301.21  -0.056
301.30  -0.054
301.40  -0.051
301.48  -0.048
301.57  -0.046
301.67  -0.043
301.76  -0.041
301.85  -0.038
301.94  -0.036
302.03  -0.033
302.12  -0.031
302.21  -0.029
302.31  -0.026
302.40  -0.024
302.49  -0.022
302.58  -0.020
302.67  -0.018
302.76  -0.015
302.85  -0.013
302.94  -0.011
303.03  -0.009
303.13  -0.007
303.22  -0.005
303.31  -0.003
303.40  -0.001
303.49   0.001
303.58   0.003
303.67   0.005
303.77   0.008
303.86   0.010
303.95   0.012
304.04   0.014
304.13   0.017
304.22   0.019
304.31   0.021
304.40   0.023
304.49   0.026
304.58   0.028
304.67   0.030
304.76   0.032
304.85   0.035
304.94   0.037
305.03   0.039
305.12   0.041
305.21   0.043
305.30   0.045
305.39   0.046
305.48   0.048
305.58   0.050
305.67   0.052
305.75   0.053
305.85   0.055
305.94   0.057
306.03   0.058
306.12   0.060
306.21   0.062
306.30   0.064
306.39   0.065
306.48   0.067
306.57   0.069
306.66   0.072
306.75   0.074
306.84   0.076
306.93   0.079
307.02   0.081
307.11   0.084
307.20   0.086
307.29   0.089
307.38   0.092
307.47   0.094
307.56   0.097
307.65   0.100
307.74   0.102
307.83   0.105
307.92   0.107
308.01   0.110
308.10   0.112
308.19   0.115
308.28   0.117
308.37   0.119
308.47   0.121
308.56   0.124
308.64   0.126
308.74   0.128
308.83   0.130
308.92   0.132
309.01   0.135
309.10   0.137
309.19   0.139
309.28   0.141
309.37   0.143
309.46   0.146
309.55   0.148
309.64   0.150
309.73   0.152
309.82   0.154
309.91   0.157
310.00   0.159
310.09   0.161
310.18   0.163
310.27   0.166
310.36   0.168
310.45   0.170
310.54   0.172
310.64   0.174
310.73   0.177
310.82   0.179
310.90   0.181
310.99   0.183
311.09   0.185
311.18   0.187
311.27   0.189
311.36   0.192
311.45   0.194
311.54   0.196
311.63   0.198
311.72   0.200
311.81   0.202
311.90   0.204
311.99   0.206
312.08   0.208
312.17   0.210
312.26   0.212
312.35   0.214
312.44   0.216
312.53   0.218
312.62   0.220
312.71   0.222
312.80   0.223
312.89   0.225
312.98   0.227
313.07   0.229
313.16   0.231
313.25   0.233
313.34   0.234
313.43   0.236
313.52   0.238
313.61   0.240
313.71   0.242
313.80   0.244
313.89   0.246
313.98   0.248
314.07   0.250
314.16   0.252
314.25   0.254
314.34   0.256
314.43   0.259
314.52   0.261
314.61   0.263
314.71   0.265
314.80   0.267
314.89   0.269
314.98   0.272
315.07   0.274
315.16   0.276
315.25   0.278
315.34   0.280
315.43   0.282
315.51   0.284
315.60   0.286
315.69   0.287
315.79   0.289
315.87   0.291
315.96   0.293
316.05   0.295
316.14   0.297
316.23   0.299
316.32   0.301
316.41   0.303
316.50   0.304
316.59   0.306
316.68   0.309
316.77   0.311
316.86   0.313
316.95   0.315
317.04   0.317
317.13   0.319
317.22   0.322
317.31   0.324
317.40   0.326
317.49   0.329
317.58   0.331
317.67   0.333
317.76   0.336
317.85   0.338
317.94   0.341
318.03   0.343
318.12   0.345
318.21   0.348
318.30   0.350
318.39   0.353
318.48   0.355
318.57   0.357
318.66   0.360
318.75   0.362
318.84   0.364
318.93   0.367
319.02   0.369
319.11   0.372
319.20   0.374
319.29   0.376
319.38   0.379
319.47   0.381
319.56   0.384
319.65   0.386
319.74   0.388
319.83   0.391
319.92   0.393
320.02   0.396
320.10   0.398
320.19   0.401
320.28   0.403
320.37   0.405
320.47   0.408
320.56   0.410
320.64   0.412
320.73   0.415
320.82   0.417
320.92   0.419
321.01   0.421
321.10   0.423
321.19   0.425
321.28   0.427
321.37   0.429
321.46   0.431
321.55   0.433
321.63   0.434
321.72   0.436
321.82   0.438
321.90   0.440
322.00   0.441
322.09   0.443
322.18   0.445
322.27   0.447
322.36   0.449
322.45   0.451
322.54   0.452
322.63   0.455
322.72   0.457
322.81   0.459
322.90   0.461
322.99   0.463
323.08   0.465
323.17   0.467
323.26   0.470
323.35   0.472
323.43   0.474
323.52   0.476
323.61   0.479
323.70   0.481
323.79   0.483
323.88   0.486
323.97   0.488
324.06   0.490
324.15   0.493
324.24   0.495
324.33   0.497
324.42   0.500
324.51   0.502
324.60   0.505
324.69   0.507
324.78   0.510
324.87   0.512
324.96   0.515
325.06   0.517
325.15   0.520
325.24   0.522
325.33   0.524
325.42   0.527
325.51   0.529
325.60   0.531
325.69   0.533
325.78   0.536
325.87   0.538
325.96   0.540
326.05   0.542
326.14   0.544
326.23   0.546
326.32   0.549
326.41   0.551
326.50   0.553
326.60   0.555
326.69   0.558
326.78   0.560
326.87   0.563
326.96   0.565
327.05   0.568
327.14   0.571
327.23   0.573
327.32   0.576
327.41   0.579
327.50   0.582
327.59   0.585
327.68   0.587
327.77   0.590
327.86   0.593
327.95   0.595
328.04   0.598
328.13   0.601
328.22   0.603
328.32   0.606
328.40   0.608
328.49   0.610
328.58   0.613
328.67   0.615
328.76   0.617
328.85   0.619
328.94   0.621
329.03   0.623
329.12   0.625
329.21   0.627
329.30   0.629
329.39   0.631
329.47   0.633
329.56   0.635
329.65   0.637
329.74   0.638
329.82   0.640
329.91   0.642
330.00   0.644
330.08   0.646
330.17   0.648
330.26   0.650
330.34   0.651
330.43   0.653
330.52   0.655
330.60   0.656
330.69   0.658
330.78   0.660
330.87   0.662
330.95   0.663
331.04   0.665
331.13   0.666
331.22   0.668
331.30   0.670
331.39   0.671
331.48   0.673
331.56   0.675
331.65   0.676
331.74   0.678
331.83   0.679
331.92   0.681
332.00   0.682
332.09   0.684
332.18   0.685
332.27   0.687
332.36   0.688
332.45   0.690
332.53   0.691
332.62   0.693
332.71   0.694
332.79   0.695
332.89   0.697
332.97   0.698
333.06   0.699
333.15   0.701
333.24   0.702
333.32   0.703
333.41   0.704
333.50   0.706
333.59   0.707
333.68   0.708
333.76   0.710
333.85   0.711
333.94   0.712
334.02   0.713
334.11   0.715
334.20   0.716
334.29   0.717
334.37   0.718
334.46   0.720
334.55   0.721
334.64   0.722
334.73   0.723
334.81   0.725
334.90   0.726
334.99   0.727
335.08   0.728
335.17   0.730
335.25   0.731
335.34   0.732
335.43   0.733
335.52   0.735
335.60   0.736
335.69   0.737
335.78   0.738
335.87   0.739
335.95   0.741
336.04   0.742
336.13   0.743
336.22   0.744
336.30   0.746
336.39   0.747
336.48   0.748
336.57   0.749
336.66   0.750
336.74   0.752
336.83   0.753
336.92   0.754
337.00   0.755
337.09   0.756
337.18   0.757
337.27   0.759
337.36   0.760
337.45   0.761
337.54   0.762
337.63   0.763
337.71   0.764
337.80   0.766
337.89   0.767
337.98   0.768
338.07   0.769
338.15   0.770
338.24   0.771
338.33   0.773
338.42   0.774
338.51   0.775
338.60   0.776
338.68   0.777
338.77   0.778
338.95   0.781
339.03   0.782
339.12   0.783
339.21   0.784
339.30   0.785
339.39   0.787
339.47   0.788
339.56   0.789
339.65   0.790
339.74   0.791
339.83   0.793
339.92   0.794
340.00   0.795
340.09   0.796
340.18   0.797
340.26   0.799
340.35   0.800
340.44   0.801
340.53   0.802
340.62   0.804
340.71   0.805
340.79   0.806
340.88   0.807
340.97   0.809
341.06   0.810
341.15   0.811
341.24   0.812
341.32   0.814
341.41   0.815
341.50   0.816
341.59   0.817
341.68   0.819
341.77   0.820
341.86   0.821
341.94   0.823
342.03   0.824
342.12   0.825
342.21   0.826
342.30   0.828
342.39   0.829
342.48   0.830
342.57   0.831
342.66   0.833
342.74   0.834
342.83   0.835
342.92   0.836
343.01   0.838
343.10   0.839
343.19   0.840
343.28   0.841
343.36   0.843
343.45   0.844
343.54   0.845
343.63   0.846
343.72   0.847
343.80   0.849
343.89   0.850
343.98   0.851
344.07   0.853
344.16   0.854
344.24   0.855
344.33   0.856
344.42   0.858
344.51   0.859
344.59   0.860
344.68   0.862
344.76   0.863
344.85   0.864
344.94   0.866
345.03   0.867
345.12   0.868
345.21   0.870
345.29   0.871
345.38   0.872
345.47   0.874
345.56   0.875
345.64   0.877
345.73   0.878
345.82   0.879
345.91   0.881
346.00   0.882
346.09   0.884
346.17   0.885
346.26   0.887
346.35   0.888
346.44   0.890
346.53   0.891
346.61   0.893
346.70   0.894
346.79   0.896
346.88   0.898
346.97   0.899
347.06   0.901
347.14   0.903
347.23   0.904
347.32   0.906
347.40   0.908
347.49   0.909
347.58   0.911
347.67   0.913
347.76   0.914
347.85   0.916
347.94   0.917
348.02   0.919
348.11   0.920
348.20   0.922
348.29   0.923
348.38   0.925
348.47   0.926
348.56   0.927
348.65   0.929
348.73   0.930
348.82   0.932
348.91   0.933
349.00   0.934
349.09   0.936
349.18   0.937
349.27   0.938
349.36   0.940
349.45   0.941
349.54   0.942
349.63   0.943
349.71   0.945
349.80   0.946
349.88   0.947
349.97   0.948
350.06   0.950
350.15   0.951
350.24   0.952
350.33   0.953
350.42   0.955
350.51   0.956
350.60   0.957
350.69   0.959
350.78   0.960
350.87   0.961
350.95   0.963
351.04   0.964
351.13   0.966
351.22   0.968
351.31   0.969
351.39   0.971
351.48   0.973
351.57   0.974
351.65   0.976
351.74   0.978
351.83   0.979
351.92   0.981
352.00   0.983
352.09   0.985
352.18   0.986
352.27   0.988
352.36   0.990
352.44   0.992
352.53   0.994
352.62   0.995
352.71   0.997
352.80   0.999
352.88   1.001
352.97   1.003
353.06   1.005
353.15   1.007
353.23   1.008
353.32   1.010
353.41   1.012
353.50   1.014
353.58   1.016
353.67   1.017
353.76   1.019
353.85   1.021
353.94   1.023
354.02   1.024
354.11   1.026
354.20   1.028
354.29   1.029
354.37   1.031
354.46   1.033
354.55   1.035
354.64   1.036
354.72   1.038
354.81   1.040
354.90   1.041
354.99   1.043
355.07   1.045
355.16   1.046
355.25   1.048
355.34   1.050
355.43   1.051
355.52   1.053
355.61   1.055
355.69   1.056
355.78   1.058
355.87   1.060
355.96   1.061
356.04   1.063
356.13   1.065
356.22   1.066
356.31   1.068
356.40   1.070
356.49   1.071
356.57   1.073
356.66   1.074
356.75   1.076
356.83   1.078
356.92   1.079
357.01   1.081
357.09   1.083
357.17   1.084
357.26   1.086
357.34   1.088
357.43   1.089
357.51   1.091
357.59   1.093
357.68   1.094
357.76   1.096
357.84   1.098
357.93   1.099
358.01   1.101
358.10   1.102
358.18   1.104
358.26   1.106
358.35   1.107
358.43   1.109
358.51   1.110
358.60   1.112
358.68   1.114
358.77   1.115
358.85   1.117
358.93   1.118
359.02   1.120
359.10   1.122
359.19   1.123
359.27   1.125
359.35   1.127
359.44   1.128
359.52   1.130
359.60   1.131
359.69   1.133
359.77   1.135
359.85   1.136
359.94   1.138
360.02   1.139
360.10   1.141
360.19   1.143
360.27   1.144
360.36   1.146
360.44   1.147
360.52   1.149
360.60   1.150
360.69   1.152
360.77   1.153
360.85   1.155
360.94   1.157
361.02   1.158
361.10   1.160
361.19   1.161
361.27   1.163
361.35   1.164
361.44   1.166
361.52   1.167
361.61   1.169
361.69   1.170
361.77   1.171
361.85   1.173
361.94   1.174
362.02   1.176
362.10   1.177
362.18   1.179
362.27   1.180
362.35   1.181
362.44   1.183
362.52   1.184
362.60   1.185
362.69   1.187
362.77   1.188
362.85   1.189
362.94   1.191
363.02   1.192
363.11   1.193
363.19   1.195
363.27   1.196
363.36   1.197
363.44   1.198
363.53   1.200
363.61   1.201
363.69   1.202
363.78   1.203
363.86   1.204
363.94   1.206
364.03   1.207
364.11   1.208
364.19   1.209
364.28   1.211
364.36   1.212
364.44   1.213
364.53   1.214
364.61   1.215
364.69   1.217
364.77   1.218
364.86   1.219
364.94   1.220
365.02   1.222
365.11   1.223
365.19   1.224
365.27   1.225
365.35   1.226
365.44   1.228
365.52   1.229
365.60   1.230
365.69   1.231
365.77   1.233
365.85   1.234
365.94   1.235
366.02   1.236
366.10   1.237
366.19   1.239
366.27   1.240
366.35   1.241
366.44   1.242
366.52   1.243
366.60   1.245
366.68   1.246
366.77   1.247
366.85   1.248
367.02   1.251
367.10   1.252
367.18   1.253
367.26   1.254
367.35   1.256
367.43   1.257
367.52   1.258
367.60   1.259
367.68   1.260
367.76   1.262
367.85   1.263
367.93   1.264
368.01   1.265
368.10   1.267
368.18   1.268
368.26   1.269
368.35   1.270
368.43   1.272
368.51   1.273
368.60   1.274
368.68   1.275
368.76   1.277
368.84   1.278
368.93   1.279
369.01   1.281
369.09   1.282
369.18   1.283
369.26   1.284
369.34   1.286
369.43   1.287
369.51   1.288
369.60   1.289
369.68   1.291
369.76   1.292
369.93   1.294
370.01   1.296
370.09   1.297
370.18   1.298
370.34   1.300
370.42   1.302
370.51   1.303
370.59   1.304
370.67   1.305
370.76   1.306
370.84   1.307
370.92   1.309
371.00   1.310
371.09   1.311
371.17   1.312
371.25   1.313
371.34   1.314
371.42   1.315
371.50   1.317
371.59   1.318
371.67   1.319
371.75   1.320
371.84   1.321
371.92   1.322
372.00   1.323
372.08   1.325
372.17   1.326
372.25   1.327
372.33   1.328
372.42   1.329
372.50   1.331
372.58   1.332
372.66   1.333
372.75   1.334
372.83   1.336
372.91   1.337
373.00   1.338
373.08   1.339
373.16   1.341
373.24   1.342
373.33   1.343
373.41   1.345
373.49   1.346
373.58   1.347
373.66   1.349
373.75   1.350
373.83   1.352
373.91   1.353
373.99   1.354
374.08   1.356
374.16   1.357
374.24   1.359
374.33   1.360
374.41   1.361
374.49   1.363
374.57   1.364
374.65   1.366
374.74   1.367
374.82   1.368
374.91   1.370
374.99   1.371
375.07   1.373
375.15   1.374
375.24   1.375
375.32   1.377
375.40   1.378
375.48   1.379
375.57   1.381
375.65   1.382
375.73   1.383
375.81   1.385
375.90   1.386
375.98   1.387
376.06   1.389
376.14   1.390
376.23   1.391
376.31   1.393
376.39   1.394
376.47   1.395
376.56   1.396
376.64   1.398
376.72   1.399
376.81   1.400
376.89   1.402
376.97   1.403
377.06   1.404
377.14   1.405
377.22   1.407
377.30   1.408
377.38   1.409
377.46   1.410
377.55   1.411
377.63   1.413
377.71   1.414
377.80   1.415
377.88   1.416
377.96   1.418
378.04   1.419
378.13   1.420
378.21   1.421
378.29   1.422
378.37   1.424
378.46   1.425
378.55   1.426
378.62   1.427
378.71   1.428
378.79   1.429
378.87   1.431
378.95   1.432
379.04   1.433
379.12   1.434
379.21   1.435
379.28   1.436
379.37   1.437
379.45   1.438
379.54   1.440
379.62   1.441
379.70   1.442
379.78   1.443
379.87   1.444
379.95   1.445
380.04   1.446
380.12   1.447
380.20   1.448
380.29   1.449
380.37   1.450
380.45   1.451
380.54   1.452
380.62   1.453
380.71   1.454
380.79   1.455
380.87   1.456
380.96   1.457
381.04   1.458
381.12   1.459
381.20   1.460
381.29   1.461
381.37   1.462
381.45   1.463
381.54   1.464
381.62   1.465
381.70   1.466
381.79   1.467
381.87   1.468
381.96   1.469
382.04   1.470
382.12   1.471
382.21   1.472
382.29   1.473
382.37   1.474
382.46   1.475
382.54   1.476
382.62   1.477
382.70   1.478
382.79   1.479
382.87   1.480
382.96   1.481
383.04   1.481
383.12   1.482
383.20   1.483
383.29   1.484
383.37   1.484
383.46   1.485
383.54   1.486
383.62   1.487
383.70   1.487
383.79   1.488
383.86   1.489
383.94   1.489
384.02   1.490
384.10   1.491
384.18   1.492
384.26   1.492
384.34   1.493
384.42   1.494
384.50   1.495
384.58   1.496
384.66   1.497
384.74   1.499
384.82   1.500
384.90   1.501
384.98   1.502
385.05   1.503
385.14   1.504
385.22   1.505
385.29   1.506
385.38   1.507
385.46   1.508
385.54   1.509
385.62   1.510
385.70   1.511
385.78   1.512
385.86   1.512
385.94   1.513
386.02   1.513
386.10   1.513
386.18   1.514
386.26   1.514
386.34   1.515
386.42   1.515
386.50   1.516
386.58   1.517
386.66   1.517
386.74   1.518
386.82   1.519
386.90   1.520
386.98   1.520
387.06   1.521
387.14   1.522
387.22   1.523
387.30   1.523
387.38   1.524
387.46   1.525
387.54   1.527
387.62   1.528
387.70   1.530
387.78   1.531
387.86   1.533
387.94   1.535
388.02   1.537
388.10   1.539
388.18   1.541
388.42   1.547
388.50   1.549
388.58   1.551
388.66   1.554
388.73   1.556
388.82   1.558
388.89   1.561
388.97   1.563
389.05   1.566
389.13   1.568
389.21   1.571
389.29   1.573
389.37   1.576
389.45   1.578
389.53   1.581
389.61   1.583
389.69   1.586
389.77   1.588
389.85   1.591
389.93   1.593
390.01   1.596
390.09   1.598
390.17   1.600
390.25   1.603
390.33   1.605
390.41   1.608
390.49   1.610
390.57   1.613
390.80   1.621
390.88   1.624
390.97   1.626
391.04   1.629
391.12   1.632
391.20   1.635
391.28   1.638
391.36   1.640
391.44   1.643
391.52   1.646
391.60   1.649
