  
  DOI/GTN-P Deep Borehole Array, Arctic Alaska 
             U.S. Geological Survey 
            Processed Temperature Log 
                    28-Aug-2013 
________________________________________________ 
  
Temperature Log Information: 
  Well name:   Tunalik 
  File name:   TLK_03AUG20b_c_d 
  Log date:    20-AUG-2003 
  
Contact Information: 
  Gary Clow 
  U.S. Geological Survey 
  clow@usgs.gov 
  
Definitions: 
  Depth:        Depth below local ground surface (m) 
  Temperature:  ITS-90 temperature (°C) 
________________________________________________ 
             
 Depth  Temperature 
 13.97  -7.242
 13.98  -7.242
 14.02  -7.243
 14.08  -7.243
 14.14  -7.243
 14.20  -7.244
 14.26  -7.244
 14.31  -7.244
 14.37  -7.245
 14.43  -7.245
 14.49  -7.246
 14.55  -7.247
 14.60  -7.247
 14.66  -7.248
 14.72  -7.249
 14.78  -7.249
 14.83  -7.250
 14.89  -7.251
 14.95  -7.252
 15.00  -7.253
 15.06  -7.253
 15.12  -7.254
 15.18  -7.255
 15.23  -7.256
 15.29  -7.257
 15.35  -7.258
 15.41  -7.259
 15.47  -7.260
 15.52  -7.261
 15.58  -7.262
 15.63  -7.264
 15.69  -7.265
 15.75  -7.266
 15.81  -7.267
 15.86  -7.269
 15.92  -7.270
 15.98  -7.271
 16.04  -7.273
 16.09  -7.274
 16.15  -7.276
 16.21  -7.277
 16.26  -7.279
 16.32  -7.281
 16.38  -7.282
 16.43  -7.284
 16.49  -7.286
 16.55  -7.287
 16.61  -7.289
 16.66  -7.291
 16.72  -7.292
 16.78  -7.294
 16.83  -7.296
 16.89  -7.298
 16.95  -7.299
 17.00  -7.301
 17.06  -7.303
 17.11  -7.305
 17.17  -7.306
 17.23  -7.308
 17.28  -7.310
 17.34  -7.311
 17.40  -7.313
 17.45  -7.315
 17.51  -7.317
 17.57  -7.318
 17.62  -7.320
 17.68  -7.322
 17.73  -7.324
 17.79  -7.325
 17.85  -7.327
 17.90  -7.329
 17.96  -7.330
 18.02  -7.332
 18.07  -7.334
 18.13  -7.335
 18.18  -7.337
 18.24  -7.338
 18.30  -7.340
 18.35  -7.342
 18.40  -7.343
 18.46  -7.345
 18.51  -7.346
 18.57  -7.348
 18.62  -7.350
 18.68  -7.351
 18.73  -7.353
 18.79  -7.355
 18.85  -7.356
 18.91  -7.358
 18.96  -7.360
 19.02  -7.361
 19.07  -7.363
 19.13  -7.364
 19.18  -7.366
 19.24  -7.368
 19.29  -7.369
 19.35  -7.371
 19.41  -7.372
 19.46  -7.374
 19.52  -7.375
 19.57  -7.377
 19.63  -7.378
 19.68  -7.379
 19.74  -7.381
 19.80  -7.382
 19.85  -7.383
 19.91  -7.385
 19.96  -7.386
 20.01  -7.387
 20.07  -7.389
 20.12  -7.390
 20.18  -7.391
 20.24  -7.393
 20.29  -7.394
 20.35  -7.395
 20.40  -7.397
 20.46  -7.398
 20.51  -7.400
 20.57  -7.402
 20.62  -7.403
 20.69  -7.405
 20.78  -7.406
 20.89  -7.408
 20.98  -7.410
 21.08  -7.412
 21.18  -7.414
 21.28  -7.415
 21.38  -7.417
 21.49  -7.419
 21.60  -7.421
 21.70  -7.423
 21.81  -7.426
 21.91  -7.428
 22.02  -7.430
 22.12  -7.433
 22.23  -7.436
 22.34  -7.438
 22.44  -7.441
 22.55  -7.444
 22.66  -7.446
 22.76  -7.449
 22.86  -7.452
 22.97  -7.455
 23.08  -7.458
 23.18  -7.460
 23.29  -7.463
 23.40  -7.466
 23.50  -7.469
 23.60  -7.471
 23.71  -7.474
 23.82  -7.476
 23.92  -7.479
 24.03  -7.481
 24.13  -7.483
 24.24  -7.486
 24.34  -7.488
 24.45  -7.490
 24.56  -7.493
 24.66  -7.495
 24.77  -7.498
 24.87  -7.500
 24.98  -7.503
 25.08  -7.505
 25.19  -7.508
 25.29  -7.511
 25.40  -7.514
 25.50  -7.517
 25.61  -7.520
 25.72  -7.523
 25.82  -7.526
 25.93  -7.529
 26.03  -7.532
 26.14  -7.535
 26.24  -7.538
 26.35  -7.541
 26.45  -7.545
 26.56  -7.548
 26.66  -7.551
 26.77  -7.554
 26.87  -7.558
 26.98  -7.561
 27.08  -7.565
 27.19  -7.568
 27.30  -7.571
 27.40  -7.575
 27.50  -7.578
 27.61  -7.582
 27.72  -7.585
 27.82  -7.589
 27.93  -7.592
 28.03  -7.596
 28.13  -7.600
 28.24  -7.603
 28.34  -7.607
 28.44  -7.611
 28.55  -7.614
 28.65  -7.618
 28.75  -7.622
 28.85  -7.626
 28.95  -7.630
 29.06  -7.634
 29.16  -7.638
 29.27  -7.641
 29.37  -7.645
 29.47  -7.649
 29.57  -7.653
 29.68  -7.657
 29.78  -7.661
 29.88  -7.665
 29.98  -7.668
 30.08  -7.672
 30.19  -7.676
 30.29  -7.680
 30.39  -7.684
 30.50  -7.688
 30.60  -7.691
 30.70  -7.695
 30.81  -7.699
 30.91  -7.702
 31.01  -7.706
 31.11  -7.710
 31.22  -7.713
 31.32  -7.717
 31.42  -7.720
 31.52  -7.724
 31.62  -7.727
 31.73  -7.730
 31.83  -7.733
 31.93  -7.736
 32.04  -7.739
 32.14  -7.742
 32.24  -7.745
 32.34  -7.747
 32.44  -7.750
 32.55  -7.752
 32.65  -7.755
 32.75  -7.757
 32.85  -7.760
 32.96  -7.762
 33.06  -7.764
 33.16  -7.767
 33.27  -7.769
 33.37  -7.771
 33.47  -7.774
 33.57  -7.776
 33.67  -7.778
 33.78  -7.781
 33.88  -7.783
 33.99  -7.785
 34.08  -7.788
 34.19  -7.790
 34.29  -7.792
 34.39  -7.794
 34.49  -7.797
 34.60  -7.799
 34.70  -7.801
 34.81  -7.803
 34.91  -7.805
 35.01  -7.807
 35.11  -7.810
 35.21  -7.812
 35.32  -7.814
 35.42  -7.816
 35.52  -7.818
 35.62  -7.820
 35.73  -7.822
 35.83  -7.824
 35.93  -7.826
 36.03  -7.828
 36.13  -7.830
 36.24  -7.832
 36.34  -7.834
 36.44  -7.836
 36.55  -7.838
 36.65  -7.840
 36.75  -7.842
 36.85  -7.843
 36.96  -7.845
 37.06  -7.847
 37.16  -7.848
 37.27  -7.850
 37.36  -7.852
 37.47  -7.853
 37.57  -7.855
 37.68  -7.856
 37.78  -7.858
 37.88  -7.859
 37.98  -7.861
 38.09  -7.862
 38.19  -7.864
 38.29  -7.865
 38.39  -7.866
 38.50  -7.868
 38.60  -7.869
 38.70  -7.870
 38.81  -7.872
 38.91  -7.873
 39.01  -7.874
 39.11  -7.875
 39.22  -7.877
 39.32  -7.878
 39.43  -7.879
 39.53  -7.880
 39.63  -7.881
 39.73  -7.883
 39.84  -7.884
 39.94  -7.885
 40.04  -7.886
 40.15  -7.887
 40.24  -7.888
 40.35  -7.889
 40.45  -7.890
 40.56  -7.891
 40.66  -7.892
 40.76  -7.892
 40.87  -7.893
 40.97  -7.894
 41.07  -7.895
 41.18  -7.896
 41.28  -7.897
 41.38  -7.897
 41.49  -7.898
 41.59  -7.899
 41.69  -7.899
 41.80  -7.900
 41.90  -7.901
 42.00  -7.901
 42.11  -7.902
 42.21  -7.903
 42.31  -7.903
 42.42  -7.904
 42.52  -7.904
 42.63  -7.905
 42.73  -7.905
 42.83  -7.906
 42.93  -7.906
 43.04  -7.906
 43.14  -7.907
 43.25  -7.907
 43.35  -7.908
 43.45  -7.908
 43.55  -7.908
 43.66  -7.909
 43.76  -7.909
 43.86  -7.909
 43.97  -7.909
 44.07  -7.910
 44.17  -7.910
 44.28  -7.910
 44.38  -7.910
 44.48  -7.911
 44.59  -7.911
 44.69  -7.911
 44.79  -7.911
 44.90  -7.911
 45.00  -7.911
 45.10  -7.911
 45.21  -7.911
 45.31  -7.911
 45.41  -7.911
 45.51  -7.911
 45.61  -7.911
 45.72  -7.911
 45.82  -7.911
 45.93  -7.911
 46.03  -7.911
 46.13  -7.911
 46.23  -7.911
 46.33  -7.911
 46.44  -7.911
 46.54  -7.911
 46.64  -7.911
 46.75  -7.911
 46.85  -7.911
 46.95  -7.910
 47.05  -7.910
 47.16  -7.910
 47.26  -7.910
 47.36  -7.910
 47.47  -7.910
 47.57  -7.910
 47.67  -7.909
 47.77  -7.909
 47.88  -7.909
 47.98  -7.909
 48.08  -7.909
 48.18  -7.909
 48.28  -7.908
 48.39  -7.908
 48.49  -7.908
 48.60  -7.908
 48.70  -7.908
 48.80  -7.908
 48.90  -7.908
 49.00  -7.908
 49.11  -7.907
 49.21  -7.907
 49.31  -7.907
 49.41  -7.907
 49.52  -7.907
 49.62  -7.907
 49.72  -7.907
 49.82  -7.906
 49.93  -7.906
 50.03  -7.906
 50.13  -7.906
 50.23  -7.906
 50.33  -7.905
 50.44  -7.905
 50.54  -7.905
 50.64  -7.904
 50.74  -7.904
 50.85  -7.904
 50.95  -7.904
 51.05  -7.903
 51.15  -7.903
 51.26  -7.902
 51.36  -7.902
 51.46  -7.902
 51.56  -7.901
 51.66  -7.901
 51.77  -7.900
 51.87  -7.900
 51.97  -7.899
 52.08  -7.899
 52.18  -7.898
 52.28  -7.898
 52.38  -7.897
 52.49  -7.897
 52.59  -7.896
 52.69  -7.896
 52.79  -7.895
 52.89  -7.894
 53.00  -7.894
 53.10  -7.893
 53.20  -7.893
 53.30  -7.892
 53.40  -7.891
 53.50  -7.891
 53.61  -7.890
 53.71  -7.889
 53.81  -7.889
 53.92  -7.888
 54.02  -7.888
 54.12  -7.887
 54.22  -7.886
 54.32  -7.886
 54.43  -7.885
 54.53  -7.884
 54.63  -7.884
 54.73  -7.883
 54.83  -7.882
 54.94  -7.882
 55.04  -7.881
 55.14  -7.880
 55.24  -7.879
 55.34  -7.879
 55.45  -7.878
 55.55  -7.877
 55.65  -7.877
 55.75  -7.876
 55.86  -7.875
 55.96  -7.874
 56.06  -7.874
 56.16  -7.873
 56.26  -7.872
 56.37  -7.871
 56.47  -7.870
 56.57  -7.870
 56.67  -7.869
 56.77  -7.868
 56.87  -7.867
 56.98  -7.866
 57.08  -7.866
 57.18  -7.865
 57.28  -7.864
 57.39  -7.863
 57.49  -7.862
 57.59  -7.862
 57.69  -7.861
 57.80  -7.860
 57.90  -7.859
 58.00  -7.858
 58.10  -7.858
 58.20  -7.857
 58.31  -7.856
 58.41  -7.855
 58.51  -7.855
 58.61  -7.854
 58.71  -7.853
 58.81  -7.852
 58.92  -7.852
 59.02  -7.851
 59.12  -7.850
 59.22  -7.850
 59.32  -7.849
 59.43  -7.848
 59.53  -7.847
 59.63  -7.847
 59.73  -7.846
 59.84  -7.845
 59.94  -7.844
 60.04  -7.843
 60.14  -7.843
 60.24  -7.842
 60.34  -7.841
 60.44  -7.840
 60.54  -7.839
 60.64  -7.839
 60.74  -7.838
 60.85  -7.837
 60.95  -7.836
 61.05  -7.835
 61.15  -7.834
 61.25  -7.834
 61.35  -7.833
 61.45  -7.832
 61.55  -7.831
 61.66  -7.830
 61.76  -7.829
 61.86  -7.828
 61.96  -7.827
 62.06  -7.826
 62.16  -7.825
 62.26  -7.824
 62.37  -7.824
 62.47  -7.823
 62.57  -7.822
 62.67  -7.821
 62.77  -7.820
 62.87  -7.819
 62.98  -7.818
 63.08  -7.817
 63.18  -7.816
 63.28  -7.815
 63.38  -7.814
 63.48  -7.813
 63.58  -7.812
 63.69  -7.811
 63.79  -7.810
 63.89  -7.809
 63.99  -7.808
 64.09  -7.807
 64.19  -7.806
 64.29  -7.806
 64.39  -7.805
 64.50  -7.804
 64.59  -7.803
 64.69  -7.802
 64.79  -7.801
 64.89  -7.800
 64.99  -7.799
 65.09  -7.798
 65.19  -7.797
 65.29  -7.796
 65.39  -7.795
 65.49  -7.795
 65.58  -7.794
 65.68  -7.793
 65.78  -7.792
 65.88  -7.791
 65.98  -7.790
 66.08  -7.789
 66.18  -7.788
 66.28  -7.787
 66.38  -7.786
 66.47  -7.785
 66.57  -7.784
 66.67  -7.783
 66.77  -7.783
 66.87  -7.782
 66.97  -7.781
 67.07  -7.780
 67.17  -7.779
 67.26  -7.778
 67.37  -7.777
 67.46  -7.776
 67.56  -7.775
 67.66  -7.774
 67.76  -7.773
 67.86  -7.772
 67.96  -7.771
 68.06  -7.770
 68.16  -7.769
 68.26  -7.768
 68.36  -7.767
 68.46  -7.766
 68.56  -7.765
 68.66  -7.764
 68.76  -7.762
 68.86  -7.761
 68.96  -7.760
 69.06  -7.759
 69.16  -7.758
 69.26  -7.757
 69.36  -7.756
 69.46  -7.755
 69.56  -7.754
 69.66  -7.753
 69.76  -7.752
 69.86  -7.751
 69.96  -7.750
 70.06  -7.749
 70.16  -7.747
 70.26  -7.746
 70.36  -7.745
 70.46  -7.744
 70.56  -7.743
 70.67  -7.742
 70.77  -7.741
 70.87  -7.740
 70.97  -7.739
 71.07  -7.737
 71.17  -7.736
 71.27  -7.735
 71.37  -7.734
 71.48  -7.733
 71.58  -7.732
 71.68  -7.731
 71.78  -7.729
 71.88  -7.728
 71.98  -7.727
 72.08  -7.726
 72.18  -7.725
 72.28  -7.723
 72.38  -7.722
 72.48  -7.721
 72.58  -7.720
 72.69  -7.718
 72.79  -7.717
 72.89  -7.716
 72.99  -7.714
 73.09  -7.713
 73.19  -7.712
 73.29  -7.710
 73.40  -7.709
 73.50  -7.708
 73.60  -7.706
 73.69  -7.705
 73.80  -7.704
 73.90  -7.702
 74.00  -7.701
 74.10  -7.699
 74.20  -7.698
 74.30  -7.696
 74.41  -7.695
 74.51  -7.693
 74.61  -7.692
 74.71  -7.690
 74.81  -7.689
 74.91  -7.687
 75.01  -7.685
 75.12  -7.684
 75.22  -7.682
 75.32  -7.681
 75.42  -7.679
 75.52  -7.677
 75.63  -7.676
 75.73  -7.674
 75.83  -7.672
 75.93  -7.670
 76.03  -7.669
 76.14  -7.667
 76.24  -7.665
 76.34  -7.663
 76.44  -7.662
 76.54  -7.660
 76.64  -7.658
 76.74  -7.656
 76.85  -7.654
 76.95  -7.652
 77.05  -7.651
 77.15  -7.649
 77.26  -7.647
 77.36  -7.645
 77.46  -7.643
 77.56  -7.641
 77.67  -7.639
 77.77  -7.637
 77.87  -7.635
 77.97  -7.632
 78.07  -7.630
 78.18  -7.628
 78.28  -7.626
 78.39  -7.624
 78.49  -7.622
 78.59  -7.619
 78.69  -7.617
 78.79  -7.615
 78.90  -7.613
 79.00  -7.610
 79.10  -7.608
 79.20  -7.606
 79.31  -7.603
 79.41  -7.601
 79.51  -7.598
 79.61  -7.596
 79.72  -7.593
 79.82  -7.591
 79.92  -7.588
 80.02  -7.585
 80.13  -7.583
 80.23  -7.580
 80.34  -7.577
 80.44  -7.575
 80.54  -7.572
 80.64  -7.570
 80.74  -7.567
 80.85  -7.565
 80.95  -7.562
 81.05  -7.560
 81.15  -7.557
 81.26  -7.555
 81.36  -7.552
 81.46  -7.550
 81.57  -7.547
 81.67  -7.545
 81.77  -7.542
 81.87  -7.540
 81.98  -7.537
 82.08  -7.534
 82.19  -7.532
 82.29  -7.529
 82.39  -7.526
 82.49  -7.523
 82.59  -7.520
 82.70  -7.517
 82.80  -7.513
 82.91  -7.510
 83.01  -7.507
 83.11  -7.503
 83.21  -7.500
 83.32  -7.497
 83.42  -7.493
 83.52  -7.490
 83.62  -7.486
 83.73  -7.483
 83.83  -7.479
 83.94  -7.476
 84.04  -7.472
 84.14  -7.469
 84.25  -7.466
 84.35  -7.463
 84.45  -7.459
 84.55  -7.456
 84.66  -7.453
 84.76  -7.450
 84.87  -7.446
 84.97  -7.443
 85.07  -7.440
 85.18  -7.437
 85.28  -7.433
 85.39  -7.430
 85.49  -7.427
 85.59  -7.424
 85.70  -7.420
 85.80  -7.417
 85.91  -7.413
 86.01  -7.410
 86.12  -7.406
 86.22  -7.403
 86.33  -7.399
 86.43  -7.395
 86.53  -7.392
 86.64  -7.388
 86.74  -7.385
 86.85  -7.381
 86.95  -7.377
 87.05  -7.374
 87.15  -7.370
 87.26  -7.367
 87.36  -7.363
 87.47  -7.360
 87.57  -7.357
 87.67  -7.353
 87.77  -7.350
 87.88  -7.347
 87.98  -7.344
 88.09  -7.341
 88.19  -7.337
 88.30  -7.334
 88.40  -7.331
 88.51  -7.328
 88.61  -7.325
 88.72  -7.322
 88.82  -7.318
 88.92  -7.315
 89.03  -7.312
 89.13  -7.309
 89.23  -7.306
 89.34  -7.302
 89.44  -7.299
 89.55  -7.296
 89.65  -7.293
 89.76  -7.289
 89.86  -7.286
 89.97  -7.283
 90.07  -7.280
 90.18  -7.276
 90.28  -7.273
 90.38  -7.270
 90.48  -7.267
 90.59  -7.263
 90.70  -7.260
 90.80  -7.257
 90.90  -7.254
 91.00  -7.250
 91.11  -7.247
 91.21  -7.244
 91.32  -7.241
 91.42  -7.238
 91.52  -7.234
 91.63  -7.231
 91.73  -7.228
 91.83  -7.225
 91.94  -7.222
 92.04  -7.218
 92.15  -7.215
 92.25  -7.212
 92.35  -7.209
 92.46  -7.206
 92.56  -7.203
 92.67  -7.200
 92.77  -7.197
 92.87  -7.194
 92.98  -7.191
 93.08  -7.188
 93.19  -7.185
 93.29  -7.181
 93.39  -7.178
 93.49  -7.175
 93.60  -7.172
 93.70  -7.170
 93.81  -7.167
 93.92  -7.164
 94.02  -7.161
 94.12  -7.158
 94.23  -7.155
 94.33  -7.152
 94.44  -7.149
 94.54  -7.146
 94.65  -7.143
 94.75  -7.140
 94.86  -7.138
 94.96  -7.135
 95.07  -7.132
 95.18  -7.129
 95.28  -7.126
 95.38  -7.123
 95.49  -7.121
 95.59  -7.118
 95.70  -7.115
 95.81  -7.112
 95.91  -7.109
 96.02  -7.106
 96.12  -7.104
 96.23  -7.101
 96.33  -7.098
 96.44  -7.095
 96.54  -7.092
 96.65  -7.089
 96.75  -7.087
 96.86  -7.084
 96.96  -7.081
 97.07  -7.078
 97.17  -7.075
 97.28  -7.072
 97.38  -7.069
 97.49  -7.067
 97.59  -7.064
 97.70  -7.061
 97.81  -7.058
 97.91  -7.055
 98.02  -7.052
 98.12  -7.049
 98.23  -7.047
 98.33  -7.044
 98.44  -7.041
 98.54  -7.038
 98.65  -7.035
 98.75  -7.032
 98.86  -7.029
 98.97  -7.027
 99.07  -7.024
 99.18  -7.021
 99.28  -7.018
 99.39  -7.015
 99.49  -7.012
 99.60  -7.009
 99.70  -7.007
 99.81  -7.004
 99.91  -7.001
100.02  -6.998
100.12  -6.995
100.23  -6.992
100.33  -6.989
100.43  -6.987
100.53  -6.984
100.63  -6.981
100.74  -6.978
100.84  -6.975
100.94  -6.972
101.05  -6.969
101.14  -6.967
101.24  -6.964
101.35  -6.961
101.45  -6.958
101.56  -6.955
101.66  -6.952
101.76  -6.949
101.86  -6.947
101.96  -6.944
102.06  -6.941
102.17  -6.938
102.27  -6.935
102.37  -6.932
102.47  -6.929
102.57  -6.926
102.68  -6.923
102.78  -6.920
102.88  -6.917
102.98  -6.914
103.09  -6.911
103.19  -6.908
103.29  -6.905
103.40  -6.902
103.50  -6.899
103.70  -6.893
103.81  -6.890
103.91  -6.887
104.02  -6.884
104.12  -6.881
104.22  -6.878
104.32  -6.875
104.43  -6.872
104.53  -6.869
104.64  -6.866
104.74  -6.863
104.84  -6.860
104.94  -6.857
105.05  -6.854
105.15  -6.851
105.26  -6.848
105.36  -6.845
105.46  -6.842
105.56  -6.839
105.66  -6.836
105.77  -6.833
105.88  -6.830
105.98  -6.827
106.08  -6.824
106.18  -6.821
106.28  -6.817
106.39  -6.814
106.49  -6.811
106.60  -6.808
106.70  -6.804
106.80  -6.801
106.91  -6.798
107.01  -6.794
107.12  -6.790
107.22  -6.787
107.33  -6.783
107.43  -6.779
107.53  -6.775
107.64  -6.771
107.74  -6.766
107.85  -6.762
107.95  -6.758
108.06  -6.753
108.16  -6.749
108.26  -6.744
108.37  -6.740
108.47  -6.735
108.58  -6.731
108.68  -6.726
108.78  -6.722
108.88  -6.717
108.99  -6.713
109.09  -6.708
109.20  -6.704
109.30  -6.700
109.41  -6.696
109.51  -6.692
109.62  -6.688
109.72  -6.684
109.82  -6.680
109.92  -6.676
110.03  -6.672
110.13  -6.668
110.24  -6.664
110.34  -6.659
110.45  -6.655
110.55  -6.651
110.65  -6.647
110.76  -6.642
110.87  -6.638
110.97  -6.634
111.08  -6.629
111.18  -6.625
111.28  -6.620
111.39  -6.616
111.49  -6.611
111.60  -6.607
111.70  -6.602
111.80  -6.597
111.91  -6.593
112.01  -6.588
112.12  -6.583
112.22  -6.578
112.33  -6.574
112.43  -6.569
112.54  -6.564
112.64  -6.558
112.75  -6.553
112.85  -6.548
112.96  -6.543
113.06  -6.538
113.17  -6.533
113.28  -6.527
113.38  -6.522
113.48  -6.517
113.59  -6.512
113.69  -6.506
113.80  -6.501
113.91  -6.496
114.01  -6.491
114.12  -6.486
114.22  -6.481
114.32  -6.477
114.43  -6.472
114.53  -6.467
114.64  -6.462
114.74  -6.458
114.85  -6.453
114.95  -6.449
115.06  -6.444
115.17  -6.440
115.27  -6.435
115.38  -6.431
115.48  -6.426
115.58  -6.422
115.69  -6.417
115.79  -6.413
115.90  -6.408
116.00  -6.404
116.11  -6.399
116.21  -6.395
116.32  -6.390
116.43  -6.386
116.53  -6.381
116.64  -6.377
116.74  -6.373
116.84  -6.368
116.95  -6.364
117.06  -6.360
117.17  -6.356
117.27  -6.352
117.37  -6.348
117.48  -6.344
117.58  -6.341
117.69  -6.337
117.80  -6.334
117.90  -6.330
118.00  -6.327
118.11  -6.323
118.22  -6.320
118.32  -6.317
118.43  -6.313
118.53  -6.310
118.63  -6.307
118.74  -6.304
118.85  -6.300
118.95  -6.297
119.06  -6.294
119.16  -6.291
119.26  -6.288
119.37  -6.285
119.48  -6.282
119.58  -6.279
119.69  -6.276
119.79  -6.273
119.90  -6.270
120.00  -6.267
120.11  -6.264
120.21  -6.262
120.32  -6.259
120.42  -6.256
120.53  -6.253
120.64  -6.250
120.75  -6.246
120.86  -6.243
120.96  -6.240
121.07  -6.237
121.17  -6.233
121.28  -6.230
121.38  -6.227
121.49  -6.223
121.60  -6.220
121.70  -6.216
121.80  -6.213
121.91  -6.210
122.02  -6.206
122.13  -6.203
122.23  -6.199
122.33  -6.196
122.44  -6.192
122.54  -6.189
122.65  -6.185
122.76  -6.182
122.86  -6.178
122.97  -6.175
123.07  -6.171
123.18  -6.168
123.29  -6.164
123.40  -6.161
123.50  -6.157
123.61  -6.154
123.72  -6.150
123.82  -6.147
123.93  -6.143
124.04  -6.139
124.14  -6.136
124.25  -6.132
124.35  -6.128
124.46  -6.125
124.57  -6.121
124.67  -6.117
124.78  -6.113
124.89  -6.109
124.99  -6.105
125.10  -6.101
125.20  -6.097
125.31  -6.093
125.41  -6.090
125.52  -6.086
125.63  -6.082
125.73  -6.078
125.84  -6.074
125.95  -6.070
126.05  -6.066
126.16  -6.062
126.26  -6.058
126.37  -6.054
126.47  -6.050
126.58  -6.045
126.69  -6.041
126.79  -6.037
126.90  -6.033
127.01  -6.029
127.11  -6.025
127.22  -6.021
127.32  -6.017
127.43  -6.013
127.53  -6.009
127.64  -6.004
127.74  -6.000
127.84  -5.996
127.95  -5.992
128.06  -5.988
128.16  -5.984
128.27  -5.979
128.38  -5.975
128.48  -5.971
128.59  -5.967
128.70  -5.963
128.81  -5.958
128.91  -5.954
129.02  -5.950
129.12  -5.946
129.22  -5.942
129.33  -5.937
129.44  -5.933
129.54  -5.929
129.64  -5.925
129.75  -5.921
129.86  -5.916
129.96  -5.912
130.07  -5.908
130.18  -5.904
130.28  -5.900
130.38  -5.896
130.49  -5.892
130.59  -5.887
130.70  -5.883
130.81  -5.879
130.91  -5.875
131.02  -5.871
131.12  -5.867
131.23  -5.863
131.33  -5.859
131.44  -5.855
131.55  -5.851
131.65  -5.847
131.76  -5.843
131.87  -5.839
131.97  -5.835
132.08  -5.831
132.18  -5.827
132.29  -5.823
132.39  -5.819
132.50  -5.815
132.61  -5.811
132.71  -5.807
132.82  -5.803
132.92  -5.799
133.03  -5.795
133.14  -5.791
133.24  -5.787
133.35  -5.782
133.46  -5.778
133.56  -5.774
133.67  -5.770
133.77  -5.766
133.88  -5.762
133.98  -5.758
134.09  -5.754
134.19  -5.750
134.30  -5.746
134.40  -5.742
134.51  -5.738
134.61  -5.735
134.71  -5.731
134.81  -5.727
134.92  -5.723
135.02  -5.719
135.12  -5.715
135.22  -5.711
135.32  -5.707
135.42  -5.703
135.52  -5.699
135.63  -5.695
135.73  -5.691
135.83  -5.687
135.94  -5.684
136.04  -5.680
136.14  -5.676
136.24  -5.672
136.35  -5.668
136.45  -5.664
136.55  -5.661
136.65  -5.657
136.75  -5.653
136.86  -5.649
136.96  -5.645
137.06  -5.641
137.16  -5.637
137.26  -5.633
137.36  -5.629
137.46  -5.625
137.56  -5.621
137.66  -5.617
137.76  -5.612
137.86  -5.608
137.96  -5.603
138.07  -5.599
138.17  -5.594
138.27  -5.590
138.37  -5.585
138.47  -5.581
138.58  -5.576
138.68  -5.572
138.78  -5.567
138.88  -5.563
138.98  -5.558
139.08  -5.554
139.19  -5.549
139.29  -5.545
139.39  -5.540
139.49  -5.536
139.60  -5.531
139.70  -5.527
139.81  -5.523
139.91  -5.518
140.01  -5.514
140.11  -5.510
140.21  -5.506
140.31  -5.502
140.41  -5.498
140.52  -5.494
140.61  -5.490
140.71  -5.486
140.82  -5.482
140.92  -5.479
141.02  -5.475
141.12  -5.472
141.22  -5.469
141.32  -5.465
141.43  -5.462
141.53  -5.459
141.63  -5.456
141.73  -5.453
141.83  -5.450
141.93  -5.447
142.04  -5.444
142.14  -5.442
142.25  -5.439
142.35  -5.436
142.45  -5.433
142.55  -5.430
142.65  -5.427
142.76  -5.424
142.86  -5.421
142.96  -5.418
143.07  -5.416
143.17  -5.413
143.27  -5.410
143.37  -5.407
143.48  -5.404
143.58  -5.401
143.68  -5.398
143.79  -5.395
143.89  -5.392
143.99  -5.388
144.09  -5.385
144.20  -5.382
144.30  -5.378
144.40  -5.375
144.50  -5.371
144.61  -5.368
144.71  -5.364
144.81  -5.361
144.91  -5.357
145.02  -5.353
145.12  -5.350
145.22  -5.346
145.32  -5.343
145.43  -5.339
145.53  -5.335
145.63  -5.332
145.74  -5.328
145.84  -5.324
145.95  -5.321
146.05  -5.317
146.15  -5.314
146.25  -5.311
146.36  -5.307
146.46  -5.304
146.56  -5.301
146.67  -5.297
146.77  -5.294
146.87  -5.291
146.97  -5.287
147.08  -5.284
147.18  -5.281
147.28  -5.278
147.39  -5.275
147.49  -5.272
147.59  -5.269
147.70  -5.266
147.80  -5.263
147.90  -5.260
148.00  -5.258
148.10  -5.255
148.20  -5.252
148.31  -5.250
148.41  -5.247
148.52  -5.245
148.61  -5.242
148.72  -5.239
148.82  -5.237
148.93  -5.234
149.03  -5.232
149.13  -5.229
149.23  -5.227
149.33  -5.224
149.43  -5.222
149.54  -5.219
149.64  -5.217
149.74  -5.214
149.84  -5.212
149.95  -5.209
150.05  -5.207
150.16  -5.205
150.26  -5.202
150.37  -5.200
150.47  -5.197
150.57  -5.195
150.67  -5.192
150.78  -5.190
150.88  -5.187
150.98  -5.185
151.08  -5.182
151.19  -5.180
151.29  -5.178
151.39  -5.175
151.50  -5.173
151.59  -5.170
151.70  -5.168
151.80  -5.165
151.91  -5.163
152.01  -5.160
152.11  -5.158
152.21  -5.155
152.32  -5.153
152.42  -5.150
152.52  -5.148
152.63  -5.145
152.73  -5.143
152.83  -5.141
152.93  -5.138
153.03  -5.136
153.14  -5.133
153.24  -5.131
153.34  -5.128
153.44  -5.126
153.55  -5.124
153.65  -5.121
153.75  -5.119
153.86  -5.116
153.96  -5.114
154.06  -5.111
154.16  -5.109
154.26  -5.107
154.37  -5.104
154.47  -5.102
154.57  -5.099
154.67  -5.097
154.77  -5.094
154.88  -5.092
154.98  -5.089
155.09  -5.087
155.19  -5.084
155.29  -5.082
155.39  -5.079
155.50  -5.077
155.60  -5.074
155.70  -5.072
155.80  -5.069
155.91  -5.067
156.01  -5.064
156.11  -5.062
156.21  -5.059
156.31  -5.056
156.41  -5.054
156.51  -5.051
156.62  -5.049
156.72  -5.046
156.82  -5.043
156.92  -5.041
157.03  -5.038
157.13  -5.035
157.23  -5.033
157.33  -5.030
157.44  -5.027
157.54  -5.025
157.64  -5.022
157.75  -5.019
157.85  -5.016
157.95  -5.014
158.05  -5.011
158.15  -5.008
158.25  -5.005
158.36  -5.002
158.46  -5.000
158.56  -4.997
158.67  -4.994
158.77  -4.991
158.88  -4.988
158.98  -4.985
159.08  -4.983
159.18  -4.980
159.29  -4.977
159.39  -4.974
159.49  -4.971
159.60  -4.968
159.70  -4.966
159.80  -4.963
159.91  -4.960
160.01  -4.957
160.11  -4.954
160.21  -4.951
160.32  -4.948
160.42  -4.945
160.52  -4.942
160.62  -4.939
160.73  -4.936
160.83  -4.934
160.94  -4.931
161.04  -4.928
161.15  -4.925
161.25  -4.922
161.35  -4.919
161.45  -4.916
161.56  -4.913
161.66  -4.910
161.77  -4.907
161.87  -4.904
161.97  -4.901
162.07  -4.898
162.18  -4.895
162.28  -4.892
162.39  -4.889
162.49  -4.886
162.59  -4.883
162.69  -4.880
162.80  -4.876
162.90  -4.873
163.00  -4.870
163.10  -4.867
163.20  -4.864
163.31  -4.861
163.41  -4.858
163.51  -4.855
163.62  -4.851
163.72  -4.848
163.82  -4.845
163.93  -4.842
164.03  -4.839
164.14  -4.836
164.24  -4.832
164.34  -4.829
164.45  -4.826
164.55  -4.823
164.66  -4.819
164.76  -4.816
164.86  -4.813
164.96  -4.809
165.07  -4.806
165.17  -4.803
165.28  -4.799
165.38  -4.796
165.49  -4.793
165.59  -4.789
165.69  -4.786
165.80  -4.782
165.90  -4.779
166.01  -4.776
166.11  -4.772
166.21  -4.769
166.31  -4.765
166.42  -4.762
166.52  -4.758
166.63  -4.755
166.73  -4.752
166.83  -4.748
166.94  -4.745
167.04  -4.741
167.15  -4.738
167.25  -4.734
167.36  -4.731
167.46  -4.727
167.56  -4.724
167.67  -4.720
167.77  -4.717
167.88  -4.713
167.98  -4.710
168.08  -4.707
168.19  -4.703
168.29  -4.700
168.40  -4.696
168.49  -4.693
168.59  -4.689
168.69  -4.686
168.79  -4.682
168.90  -4.679
169.00  -4.675
169.10  -4.672
169.20  -4.668
169.30  -4.665
169.40  -4.661
169.51  -4.658
169.61  -4.654
169.71  -4.651
169.81  -4.648
169.91  -4.644
170.01  -4.641
170.11  -4.637
170.21  -4.634
170.31  -4.630
170.41  -4.627
170.51  -4.623
170.61  -4.620
170.72  -4.617
170.82  -4.613
170.92  -4.610
171.02  -4.606
171.12  -4.603
171.22  -4.600
171.33  -4.596
171.43  -4.593
171.52  -4.589
171.62  -4.586
171.73  -4.583
171.83  -4.579
171.93  -4.576
172.03  -4.573
172.13  -4.569
172.23  -4.566
172.33  -4.562
172.43  -4.559
172.54  -4.556
172.64  -4.552
172.74  -4.549
172.84  -4.545
172.94  -4.542
173.04  -4.538
173.15  -4.535
173.24  -4.532
173.34  -4.528
173.44  -4.525
173.55  -4.522
173.65  -4.519
173.75  -4.515
173.85  -4.512
173.95  -4.509
174.05  -4.506
174.15  -4.503
174.25  -4.500
174.35  -4.497
174.45  -4.494
174.55  -4.492
174.65  -4.489
174.75  -4.486
174.85  -4.483
174.95  -4.480
175.06  -4.477
175.15  -4.474
175.25  -4.470
175.36  -4.467
175.46  -4.464
175.56  -4.460
175.66  -4.457
175.76  -4.453
175.86  -4.450
175.97  -4.446
176.07  -4.443
176.17  -4.439
176.27  -4.436
176.37  -4.432
176.47  -4.429
176.57  -4.425
176.67  -4.422
176.77  -4.418
176.87  -4.415
176.97  -4.412
177.08  -4.408
177.18  -4.405
177.28  -4.402
177.38  -4.399
177.48  -4.396
177.58  -4.393
177.68  -4.390
177.79  -4.386
177.89  -4.383
177.99  -4.380
178.09  -4.377
178.19  -4.374
178.29  -4.371
178.39  -4.368
178.49  -4.365
178.59  -4.362
178.69  -4.359
178.79  -4.356
178.90  -4.353
179.00  -4.350
179.10  -4.347
179.19  -4.344
179.30  -4.341
179.40  -4.338
179.50  -4.335
179.60  -4.332
179.70  -4.329
179.80  -4.325
179.90  -4.322
180.00  -4.319
180.11  -4.315
180.21  -4.311
180.31  -4.307
180.41  -4.303
180.52  -4.299
180.62  -4.294
180.72  -4.290
180.82  -4.286
180.92  -4.281
181.02  -4.277
181.12  -4.272
181.23  -4.268
181.33  -4.263
181.43  -4.259
181.53  -4.255
181.63  -4.251
181.74  -4.247
181.84  -4.243
181.95  -4.239
182.05  -4.236
182.14  -4.233
182.24  -4.230
182.35  -4.227
182.45  -4.223
182.55  -4.220
182.66  -4.217
182.76  -4.214
182.86  -4.211
182.96  -4.208
183.07  -4.205
183.17  -4.201
183.27  -4.198
183.37  -4.194
183.47  -4.191
183.57  -4.187
183.68  -4.183
183.78  -4.179
183.88  -4.175
183.98  -4.170
184.09  -4.166
184.19  -4.162
184.29  -4.158
184.39  -4.153
184.50  -4.149
184.60  -4.145
184.70  -4.140
184.81  -4.136
184.91  -4.132
185.01  -4.127
185.11  -4.123
185.22  -4.118
185.32  -4.114
185.42  -4.109
185.52  -4.105
185.63  -4.100
185.73  -4.095
185.83  -4.091
185.93  -4.086
186.04  -4.082
186.14  -4.077
186.24  -4.072
186.34  -4.068
186.45  -4.063
186.55  -4.059
186.65  -4.055
186.75  -4.050
186.85  -4.046
186.95  -4.043
187.06  -4.039
187.17  -4.035
187.27  -4.031
187.37  -4.027
187.47  -4.023
187.57  -4.020
187.68  -4.016
187.78  -4.012
187.88  -4.008
187.99  -4.004
188.09  -4.000
188.19  -3.996
188.30  -3.991
188.40  -3.986
188.50  -3.981
188.61  -3.976
188.71  -3.971
188.81  -3.966
188.91  -3.960
189.02  -3.955
189.12  -3.949
189.22  -3.944
189.32  -3.938
189.42  -3.933
189.53  -3.927
189.63  -3.922
189.73  -3.916
189.83  -3.911
189.93  -3.906
190.04  -3.901
190.14  -3.896
190.24  -3.891
190.34  -3.886
190.44  -3.882
190.54  -3.877
190.65  -3.873
190.75  -3.868
190.86  -3.864
190.96  -3.859
191.06  -3.855
191.16  -3.850
191.27  -3.846
191.37  -3.841
191.47  -3.837
191.57  -3.832
191.68  -3.827
191.78  -3.822
191.88  -3.818
191.98  -3.813
192.08  -3.808
192.18  -3.803
192.29  -3.798
192.39  -3.793
192.49  -3.788
192.59  -3.784
192.69  -3.779
192.80  -3.774
192.90  -3.769
193.00  -3.765
193.10  -3.760
193.21  -3.756
193.31  -3.752
193.41  -3.747
193.51  -3.743
193.62  -3.739
193.72  -3.735
193.82  -3.731
193.93  -3.727
194.03  -3.723
194.13  -3.720
194.24  -3.716
194.34  -3.712
194.44  -3.708
194.54  -3.704
194.64  -3.700
194.75  -3.697
194.85  -3.693
194.95  -3.689
195.05  -3.685
195.16  -3.681
195.26  -3.677
195.36  -3.673
195.46  -3.669
195.56  -3.665
195.67  -3.661
195.77  -3.657
195.87  -3.653
195.97  -3.649
196.08  -3.645
196.18  -3.641
196.28  -3.637
196.38  -3.633
196.48  -3.629
196.59  -3.625
196.69  -3.622
196.79  -3.618
196.89  -3.614
196.99  -3.610
197.09  -3.606
197.19  -3.603
197.29  -3.599
197.40  -3.595
197.50  -3.591
197.60  -3.587
197.70  -3.583
197.80  -3.579
197.91  -3.575
198.01  -3.571
198.11  -3.567
198.21  -3.562
198.32  -3.558
198.42  -3.554
198.52  -3.549
198.62  -3.544
198.72  -3.540
198.82  -3.535
198.92  -3.530
199.03  -3.525
199.13  -3.521
199.23  -3.516
199.33  -3.511
199.43  -3.506
199.53  -3.501
199.64  -3.496
199.74  -3.492
199.84  -3.487
199.94  -3.482
200.04  -3.477
200.14  -3.472
200.24  -3.468
200.34  -3.463
200.44  -3.458
200.54  -3.453
200.64  -3.448
200.75  -3.443
200.84  -3.438
200.95  -3.433
201.04  -3.428
201.14  -3.423
201.24  -3.418
201.34  -3.413
201.44  -3.408
201.54  -3.403
201.63  -3.398
201.73  -3.393
201.83  -3.388
201.93  -3.383
202.03  -3.378
202.13  -3.373
202.22  -3.368
202.32  -3.363
202.42  -3.358
202.52  -3.352
202.61  -3.347
202.71  -3.341
202.82  -3.336
203.01  -3.324
203.11  -3.317
203.21  -3.311
203.31  -3.304
203.41  -3.298
203.51  -3.291
203.61  -3.284
203.70  -3.277
203.80  -3.270
203.90  -3.263
204.00  -3.256
204.10  -3.249
204.29  -3.236
204.39  -3.229
204.49  -3.222
204.59  -3.215
204.69  -3.208
204.79  -3.202
204.89  -3.195
204.99  -3.189
205.09  -3.183
205.19  -3.176
205.29  -3.170
205.39  -3.164
205.48  -3.157
205.58  -3.151
205.68  -3.145
205.78  -3.139
205.88  -3.133
205.98  -3.127
206.08  -3.121
206.18  -3.115
206.28  -3.109
206.37  -3.103
206.47  -3.098
206.57  -3.092
206.67  -3.086
206.77  -3.081
206.86  -3.075
206.97  -3.070
207.06  -3.065
207.16  -3.059
207.26  -3.054
207.36  -3.049
207.46  -3.044
207.56  -3.039
207.66  -3.034
207.75  -3.029
207.86  -3.023
207.96  -3.018
208.06  -3.013
208.16  -3.008
208.25  -3.004
208.35  -2.999
208.45  -2.994
208.55  -2.989
208.65  -2.984
208.75  -2.979
208.85  -2.974
208.94  -2.970
209.04  -2.965
209.14  -2.960
209.25  -2.956
209.35  -2.951
209.44  -2.946
209.54  -2.942
209.64  -2.937
209.74  -2.932
209.84  -2.928
209.94  -2.923
210.04  -2.919
210.14  -2.914
210.24  -2.910
210.44  -2.901
210.54  -2.896
210.63  -2.892
210.73  -2.887
210.83  -2.883
210.94  -2.878
211.04  -2.874
211.13  -2.870
211.23  -2.865
211.33  -2.861
211.43  -2.857
211.53  -2.852
211.63  -2.848
211.73  -2.844
211.83  -2.839
211.93  -2.835
212.03  -2.831
212.13  -2.827
212.23  -2.823
212.33  -2.819
212.43  -2.815
212.53  -2.811
212.63  -2.807
212.73  -2.803
212.83  -2.799
212.93  -2.795
213.03  -2.792
213.13  -2.788
213.23  -2.784
213.33  -2.780
213.43  -2.777
213.53  -2.773
213.63  -2.769
213.74  -2.766
213.84  -2.762
213.93  -2.759
214.03  -2.755
214.13  -2.752
214.24  -2.748
214.34  -2.745
214.44  -2.741
214.54  -2.738
214.64  -2.734
214.74  -2.731
214.84  -2.727
214.94  -2.724
215.04  -2.721
215.14  -2.717
215.24  -2.714
215.35  -2.711
215.45  -2.708
215.55  -2.704
215.65  -2.701
215.75  -2.698
215.84  -2.695
215.95  -2.692
216.05  -2.689
216.15  -2.686
216.24  -2.683
216.35  -2.680
216.45  -2.677
216.55  -2.674
216.65  -2.672
216.75  -2.669
216.85  -2.666
216.95  -2.663
217.05  -2.660
217.15  -2.658
217.25  -2.655
217.35  -2.652
217.45  -2.649
217.55  -2.646
217.66  -2.644
217.76  -2.641
217.86  -2.638
217.96  -2.635
218.05  -2.633
218.15  -2.630
218.26  -2.627
218.35  -2.625
218.45  -2.622
218.56  -2.619
218.65  -2.616
218.76  -2.614
218.86  -2.611
218.95  -2.608
219.06  -2.606
219.16  -2.603
219.26  -2.601
219.36  -2.598
219.46  -2.595
219.56  -2.593
219.66  -2.590
219.76  -2.587
219.86  -2.585
219.96  -2.582
220.06  -2.579
220.16  -2.577
220.26  -2.574
220.36  -2.571
220.46  -2.569
220.56  -2.566
220.66  -2.563
220.76  -2.561
220.86  -2.558
220.96  -2.556
221.06  -2.553
221.17  -2.550
221.26  -2.548
221.36  -2.545
221.46  -2.542
221.56  -2.539
221.66  -2.537
221.77  -2.534
221.87  -2.531
221.96  -2.528
222.07  -2.525
222.17  -2.522
222.27  -2.519
222.37  -2.516
222.46  -2.512
222.56  -2.509
222.66  -2.506
222.76  -2.502
222.86  -2.499
222.97  -2.496
223.06  -2.492
223.16  -2.489
223.26  -2.485
223.36  -2.482
223.47  -2.478
223.56  -2.475
223.66  -2.471
223.76  -2.468
223.86  -2.464
223.96  -2.460
224.06  -2.457
224.16  -2.453
224.26  -2.450
224.36  -2.446
224.46  -2.443
224.56  -2.439
224.66  -2.436
224.76  -2.432
224.86  -2.428
224.96  -2.425
225.06  -2.421
225.16  -2.418
225.26  -2.415
225.36  -2.411
225.46  -2.408
225.56  -2.405
225.66  -2.402
225.76  -2.398
225.86  -2.395
225.96  -2.392
226.06  -2.389
226.16  -2.386
226.26  -2.383
226.36  -2.380
226.45  -2.377
226.55  -2.373
226.65  -2.370
226.76  -2.367
226.86  -2.364
226.95  -2.361
227.05  -2.358
227.15  -2.355
227.25  -2.352
227.35  -2.349
227.45  -2.346
227.55  -2.343
227.64  -2.340
227.74  -2.337
227.84  -2.334
227.94  -2.331
228.04  -2.328
228.14  -2.325
228.23  -2.322
228.34  -2.319
228.43  -2.316
228.53  -2.313
228.63  -2.310
228.73  -2.307
228.83  -2.304
228.93  -2.301
229.03  -2.298
229.13  -2.295
229.23  -2.292
229.33  -2.289
229.43  -2.286
229.52  -2.282
229.63  -2.279
229.72  -2.276
229.82  -2.273
229.92  -2.270
230.02  -2.267
230.12  -2.264
230.22  -2.261
230.32  -2.258
230.42  -2.255
230.52  -2.252
230.62  -2.249
230.72  -2.246
230.82  -2.243
230.92  -2.240
231.01  -2.237
231.11  -2.234
231.21  -2.231
231.31  -2.229
231.41  -2.226
231.51  -2.223
231.61  -2.220
231.71  -2.217
231.81  -2.213
231.91  -2.210
232.01  -2.207
232.11  -2.204
232.21  -2.201
232.31  -2.198
232.41  -2.195
232.51  -2.192
232.61  -2.189
232.70  -2.186
232.80  -2.183
232.89  -2.180
232.99  -2.177
233.09  -2.174
233.19  -2.171
233.28  -2.168
233.37  -2.165
233.47  -2.162
233.57  -2.159
233.66  -2.156
233.76  -2.153
233.85  -2.150
233.95  -2.147
234.05  -2.144
234.14  -2.141
234.24  -2.138
234.34  -2.135
234.44  -2.132
234.53  -2.129
234.63  -2.126
234.73  -2.123
234.83  -2.119
234.93  -2.116
235.02  -2.113
235.12  -2.110
235.22  -2.106
235.32  -2.103
235.41  -2.100
235.50  -2.097
235.60  -2.093
235.70  -2.090
235.80  -2.086
235.89  -2.083
235.99  -2.080
236.09  -2.077
236.19  -2.073
236.28  -2.070
236.38  -2.067
236.48  -2.064
236.58  -2.061
236.67  -2.058
236.77  -2.055
236.87  -2.052
236.97  -2.049
237.06  -2.046
237.16  -2.043
237.26  -2.040
237.36  -2.037
237.45  -2.033
237.55  -2.030
237.65  -2.027
237.74  -2.023
237.84  -2.020
237.94  -2.017
238.04  -2.013
238.13  -2.009
238.23  -2.006
238.32  -2.002
238.42  -1.998
238.52  -1.994
238.62  -1.990
238.71  -1.986
238.81  -1.982
238.91  -1.978
239.00  -1.974
239.10  -1.970
239.20  -1.966
239.29  -1.961
239.39  -1.957
239.48  -1.952
239.58  -1.947
239.68  -1.942
239.78  -1.937
239.87  -1.932
239.97  -1.927
240.07  -1.922
240.16  -1.917
240.26  -1.912
240.36  -1.907
240.46  -1.902
240.55  -1.897
240.65  -1.892
240.75  -1.887
240.85  -1.882
240.94  -1.877
241.04  -1.872
241.14  -1.868
241.24  -1.863
241.33  -1.858
241.43  -1.854
241.53  -1.850
241.62  -1.845
241.72  -1.841
241.82  -1.837
241.92  -1.832
242.02  -1.828
242.12  -1.824
242.21  -1.820
242.31  -1.816
242.42  -1.811
242.51  -1.807
242.61  -1.803
242.70  -1.799
242.80  -1.795
242.90  -1.791
243.00  -1.787
243.09  -1.782
243.19  -1.778
243.29  -1.774
243.38  -1.770
243.48  -1.766
243.58  -1.762
243.68  -1.758
243.77  -1.754
243.87  -1.750
243.97  -1.746
244.07  -1.742
244.16  -1.738
244.27  -1.734
244.36  -1.730
244.46  -1.727
244.56  -1.723
244.66  -1.719
244.76  -1.715
244.85  -1.711
244.95  -1.707
245.05  -1.703
245.15  -1.699
245.25  -1.695
245.34  -1.691
245.44  -1.686
245.54  -1.682
245.64  -1.677
245.74  -1.673
245.83  -1.667
245.93  -1.662
246.03  -1.657
246.13  -1.652
246.23  -1.646
246.33  -1.641
246.43  -1.635
246.52  -1.630
246.62  -1.624
246.72  -1.619
246.82  -1.613
246.91  -1.608
247.01  -1.602
247.11  -1.597
247.21  -1.591
247.31  -1.586
247.41  -1.581
247.51  -1.576
247.60  -1.572
247.70  -1.567
247.80  -1.562
247.90  -1.558
248.00  -1.553
248.09  -1.548
248.19  -1.544
248.29  -1.539
248.38  -1.534
248.48  -1.530
248.58  -1.525
248.68  -1.520
248.77  -1.516
248.87  -1.511
248.97  -1.507
249.07  -1.502
249.17  -1.497
249.26  -1.493
249.36  -1.488
249.46  -1.483
249.56  -1.479
249.66  -1.474
249.76  -1.470
249.85  -1.465
249.95  -1.460
250.05  -1.456
250.15  -1.451
250.25  -1.446
250.35  -1.441
250.45  -1.436
250.54  -1.432
250.64  -1.427
250.74  -1.422
250.84  -1.417
250.93  -1.411
251.03  -1.406
251.13  -1.401
251.23  -1.396
251.33  -1.391
251.43  -1.386
251.52  -1.381
251.62  -1.376
251.72  -1.371
251.82  -1.366
251.92  -1.360
252.02  -1.355
252.11  -1.350
252.21  -1.345
252.31  -1.340
252.41  -1.334
252.51  -1.329
252.60  -1.324
252.70  -1.319
252.80  -1.314
252.90  -1.308
253.00  -1.303
253.10  -1.298
253.19  -1.293
253.29  -1.289
253.39  -1.284
253.49  -1.279
253.59  -1.275
253.68  -1.270
253.78  -1.266
253.87  -1.262
253.97  -1.258
254.07  -1.253
254.17  -1.249
254.27  -1.245
254.36  -1.241
254.46  -1.238
254.56  -1.234
254.66  -1.230
254.76  -1.226
254.86  -1.222
254.96  -1.218
255.05  -1.214
255.15  -1.210
255.25  -1.206
255.35  -1.202
255.45  -1.198
255.55  -1.193
255.64  -1.189
255.74  -1.185
255.84  -1.181
255.93  -1.177
256.03  -1.173
256.13  -1.169
256.23  -1.164
256.33  -1.160
256.43  -1.156
256.53  -1.152
256.63  -1.148
256.72  -1.143
256.82  -1.139
256.92  -1.135
257.02  -1.131
257.12  -1.127
257.22  -1.122
257.32  -1.118
257.41  -1.114
257.51  -1.110
257.61  -1.105
257.71  -1.101
257.81  -1.097
257.91  -1.093
258.01  -1.088
266.94  -0.746
267.03  -0.743
267.13  -0.740
267.22  -0.738
267.31  -0.735
267.41  -0.732
267.51  -0.730
267.60  -0.727
267.69  -0.725
267.79  -0.723
267.88  -0.720
267.98  -0.718
268.07  -0.715
268.16  -0.713
268.26  -0.711
268.35  -0.708
268.45  -0.706
268.55  -0.703
268.64  -0.701
268.74  -0.698
268.83  -0.696
268.92  -0.693
269.02  -0.691
269.12  -0.688
269.21  -0.685
269.30  -0.682
269.40  -0.679
269.49  -0.676
269.59  -0.673
269.68  -0.670
269.78  -0.667
269.88  -0.664
269.97  -0.661
270.07  -0.658
270.16  -0.655
270.26  -0.652
270.35  -0.649
270.45  -0.645
270.54  -0.642
270.64  -0.639
270.73  -0.636
270.83  -0.632
270.92  -0.629
271.02  -0.626
271.11  -0.622
271.21  -0.619
271.30  -0.616
271.40  -0.612
271.49  -0.609
271.58  -0.606
271.68  -0.603
271.78  -0.599
271.87  -0.596
271.97  -0.593
272.06  -0.590
272.16  -0.587
272.25  -0.584
272.35  -0.582
272.44  -0.579
272.53  -0.576
272.63  -0.574
272.72  -0.571
272.82  -0.569
272.91  -0.566
273.01  -0.564
273.10  -0.561
273.19  -0.559
273.28  -0.556
273.39  -0.554
273.48  -0.552
273.58  -0.549
273.67  -0.547
273.76  -0.544
273.86  -0.542
273.95  -0.540
274.05  -0.537
274.14  -0.535
274.23  -0.532
274.33  -0.530
274.43  -0.527
274.52  -0.525
274.62  -0.522
274.71  -0.519
274.81  -0.517
274.90  -0.514
275.00  -0.511
275.09  -0.508
275.19  -0.505
275.28  -0.502
275.38  -0.498
275.48  -0.495
275.57  -0.492
275.67  -0.488
275.76  -0.484
275.86  -0.481
275.95  -0.477
276.05  -0.473
276.14  -0.469
276.24  -0.465
276.33  -0.462
276.43  -0.458
276.53  -0.454
276.62  -0.450
276.72  -0.445
276.81  -0.441
276.91  -0.437
277.00  -0.433
277.10  -0.429
277.20  -0.425
277.29  -0.420
277.39  -0.416
277.48  -0.412
277.58  -0.407
277.67  -0.403
277.77  -0.399
277.86  -0.394
277.96  -0.390
278.05  -0.386
278.15  -0.381
278.25  -0.377
278.34  -0.373
278.43  -0.369
278.53  -0.365
278.62  -0.360
278.72  -0.356
278.82  -0.352
278.91  -0.348
279.00  -0.344
279.10  -0.339
279.19  -0.335
279.29  -0.331
279.39  -0.327
279.48  -0.323
279.57  -0.319
279.67  -0.314
279.76  -0.310
279.86  -0.306
279.95  -0.302
280.05  -0.297
280.14  -0.293
280.24  -0.289
280.34  -0.285
280.43  -0.280
280.53  -0.276
280.62  -0.272
280.72  -0.267
280.81  -0.263
280.91  -0.259
281.01  -0.255
281.10  -0.250
281.19  -0.246
281.29  -0.242
281.39  -0.238
281.48  -0.234
281.57  -0.230
281.67  -0.225
281.76  -0.221
281.86  -0.217
281.95  -0.213
282.05  -0.209
282.14  -0.205
282.24  -0.201
282.34  -0.196
282.43  -0.192
282.52  -0.188
282.62  -0.184
282.71  -0.180
282.81  -0.176
282.90  -0.172
283.00  -0.168
283.09  -0.164
283.19  -0.160
283.28  -0.156
283.38  -0.152
283.47  -0.148
283.57  -0.144
283.67  -0.140
283.76  -0.136
283.85  -0.132
283.95  -0.128
284.04  -0.125
284.14  -0.121
284.24  -0.117
284.33  -0.113
284.43  -0.109
284.52  -0.106
284.62  -0.102
284.72  -0.098
284.81  -0.094
284.90  -0.091
285.00  -0.087
285.10  -0.083
285.19  -0.080
285.29  -0.076
285.38  -0.072
285.48  -0.069
285.57  -0.065
285.67  -0.062
285.76  -0.058
285.86  -0.055
285.95  -0.051
286.05  -0.048
286.14  -0.044
286.24  -0.041
286.34  -0.037
286.43  -0.034
286.53  -0.030
286.62  -0.027
286.72  -0.023
286.81  -0.020
286.91  -0.016
287.00  -0.013
287.10  -0.009
287.19  -0.006
287.29  -0.002
287.39   0.001
287.48   0.005
287.57   0.008
287.67   0.012
287.77   0.016
287.87   0.019
287.96   0.023
288.06   0.026
288.15   0.030
288.25   0.034
288.34   0.037
288.44   0.041
288.53   0.044
288.63   0.048
288.72   0.052
288.82   0.055
288.92   0.059
289.01   0.063
289.10   0.067
289.20   0.070
289.30   0.074
289.39   0.078
289.49   0.081
289.58   0.085
289.67   0.089
289.77   0.092
289.87   0.096
289.96   0.100
290.06   0.103
290.15   0.107
290.25   0.110
290.34   0.114
290.44   0.117
290.53   0.121
290.63   0.124
290.73   0.128
290.82   0.131
290.92   0.134
291.01   0.138
291.11   0.141
291.20   0.144
291.30   0.147
291.39   0.151
291.49   0.154
291.59   0.157
291.68   0.160
291.78   0.164
291.87   0.167
291.97   0.170
292.07   0.173
292.16   0.176
292.25   0.180
292.35   0.183
292.45   0.186
292.54   0.189
292.64   0.193
292.74   0.196
292.83   0.199
292.93   0.202
293.02   0.206
293.12   0.209
293.22   0.212
293.31   0.215
293.41   0.219
293.50   0.222
293.60   0.225
293.69   0.229
293.78   0.232
293.87   0.236
293.96   0.239
294.05   0.242
294.15   0.246
294.24   0.249
294.33   0.253
294.42   0.256
294.51   0.260
294.60   0.263
294.70   0.267
294.79   0.270
294.88   0.274
294.98   0.277
295.07   0.281
295.16   0.284
295.25   0.288
295.34   0.291
295.43   0.295
295.53   0.298
295.62   0.302
295.71   0.306
295.80   0.309
295.89   0.313
295.98   0.316
296.07   0.320
296.17   0.324
296.26   0.327
296.35   0.331
296.44   0.335
296.54   0.338
296.63   0.342
296.72   0.346
296.82   0.350
296.91   0.354
297.00   0.358
297.09   0.361
297.18   0.365
297.28   0.369
297.37   0.373
297.46   0.377
297.55   0.381
297.64   0.385
297.73   0.389
297.83   0.393
297.92   0.397
298.01   0.401
298.10   0.405
298.19   0.409
298.28   0.413
298.37   0.417
298.47   0.421
298.56   0.425
298.65   0.429
298.74   0.433
298.84   0.437
298.93   0.441
299.02   0.445
299.11   0.448
299.21   0.452
299.30   0.456
299.39   0.460
299.48   0.464
299.57   0.468
299.66   0.472
299.76   0.475
299.85   0.479
299.95   0.483
300.04   0.486
300.13   0.490
300.22   0.494
300.31   0.497
300.41   0.501
300.50   0.505
300.59   0.508
300.68   0.512
300.77   0.515
300.87   0.519
300.96   0.523
301.05   0.526
301.14   0.530
301.23   0.533
301.33   0.537
301.42   0.541
301.51   0.544
301.61   0.548
301.70   0.551
301.79   0.555
301.89   0.558
301.98   0.562
302.07   0.565
302.16   0.569
302.26   0.572
302.35   0.576
302.44   0.579
302.54   0.583
302.63   0.586
302.72   0.590
302.81   0.593
302.91   0.597
303.00   0.600
303.09   0.603
303.18   0.607
303.27   0.610
303.37   0.614
303.46   0.617
303.55   0.621
303.64   0.624
303.74   0.627
303.83   0.631
303.92   0.634
304.02   0.637
304.11   0.641
304.20   0.644
304.30   0.647
304.39   0.651
304.49   0.654
304.58   0.657
304.67   0.660
304.76   0.664
304.86   0.667
304.95   0.670
305.05   0.674
305.14   0.677
305.23   0.681
305.33   0.684
305.42   0.687
305.52   0.691
305.61   0.695
305.70   0.698
305.79   0.702
305.89   0.705
305.98   0.709
306.08   0.713
306.17   0.716
306.26   0.720
306.36   0.723
306.45   0.727
306.54   0.731
306.64   0.734
306.73   0.738
306.82   0.741
306.92   0.745
307.01   0.748
307.10   0.752
307.20   0.755
307.29   0.759
307.39   0.762
307.48   0.766
307.57   0.769
307.66   0.773
307.76   0.776
307.85   0.780
307.94   0.783
308.04   0.787
308.13   0.790
308.22   0.793
308.32   0.797
308.41   0.800
308.50   0.803
308.60   0.806
308.69   0.810
308.78   0.813
308.87   0.816
308.97   0.819
309.06   0.822
309.16   0.825
309.25   0.828
309.34   0.831
309.43   0.834
309.53   0.837
309.62   0.840
309.72   0.843
309.81   0.846
309.90   0.849
309.99   0.852
310.09   0.855
310.18   0.858
310.28   0.861
310.37   0.864
310.46   0.866
310.55   0.869
310.65   0.872
310.74   0.875
310.84   0.878
310.93   0.881
311.02   0.884
311.11   0.887
311.21   0.890
311.30   0.893
311.39   0.896
311.48   0.899
311.58   0.902
311.67   0.906
311.76   0.909
311.86   0.912
311.95   0.915
312.04   0.919
312.13   0.922
312.23   0.925
312.32   0.929
312.41   0.932
312.51   0.935
312.60   0.939
312.69   0.942
312.79   0.946
312.88   0.949
312.97   0.952
313.06   0.956
313.15   0.959
313.25   0.963
313.34   0.966
313.43   0.970
313.52   0.973
313.61   0.977
313.71   0.980
313.80   0.984
313.89   0.987
313.98   0.990
314.08   0.994
314.17   0.997
314.26   1.001
314.35   1.004
314.45   1.007
314.54   1.010
314.63   1.014
314.72   1.017
314.82   1.020
314.91   1.023
315.00   1.027
315.09   1.030
315.18   1.033
315.28   1.036
315.37   1.039
315.46   1.043
315.55   1.046
315.65   1.049
315.74   1.052
315.84   1.055
315.93   1.059
316.02   1.062
316.11   1.065
316.20   1.068
316.30   1.072
316.39   1.075
316.48   1.078
316.58   1.081
316.66   1.084
316.76   1.088
316.85   1.091
316.94   1.094
317.04   1.097
317.13   1.100
317.22   1.104
317.31   1.107
317.40   1.110
317.50   1.113
317.59   1.116
317.68   1.120
317.78   1.123
317.87   1.126
317.96   1.129
318.06   1.133
318.15   1.136
318.24   1.139
318.33   1.142
318.43   1.145
318.52   1.149
318.61   1.152
318.71   1.155
318.80   1.158
318.89   1.162
318.98   1.165
319.07   1.168
319.17   1.171
319.26   1.175
319.36   1.178
319.45   1.181
319.54   1.184
319.63   1.188
319.72   1.191
319.82   1.194
319.91   1.197
320.00   1.201
320.09   1.204
320.18   1.207
320.27   1.211
320.37   1.214
320.46   1.217
320.55   1.220
320.65   1.224
320.74   1.227
320.83   1.230
320.92   1.234
321.01   1.237
321.11   1.240
321.20   1.244
321.29   1.247
321.38   1.250
321.47   1.253
321.56   1.257
321.66   1.260
321.75   1.263
321.84   1.267
321.93   1.270
322.02   1.273
322.11   1.276
322.20   1.280
322.29   1.283
322.38   1.286
322.47   1.290
322.56   1.293
322.65   1.297
322.74   1.300
322.82   1.303
322.92   1.307
323.00   1.310
323.09   1.314
323.18   1.317
323.26   1.321
323.35   1.324
323.44   1.328
323.53   1.331
323.62   1.335
323.71   1.338
323.80   1.342
323.89   1.345
323.98   1.349
324.06   1.353
324.15   1.356
324.24   1.360
324.33   1.364
324.42   1.368
324.51   1.372
324.60   1.375
324.69   1.379
324.77   1.383
324.86   1.387
324.95   1.391
325.04   1.396
325.13   1.400
325.22   1.404
325.31   1.408
325.40   1.412
325.49   1.416
325.57   1.420
325.66   1.424
325.75   1.428
325.84   1.431
325.93   1.435
326.02   1.439
326.10   1.442
326.19   1.446
326.28   1.449
326.37   1.453
326.46   1.456
326.55   1.459
326.63   1.463
326.72   1.466
326.81   1.470
326.90   1.473
326.98   1.476
327.07   1.480
327.16   1.483
327.25   1.487
327.34   1.490
327.42   1.494
327.51   1.498
327.60   1.502
327.69   1.505
327.77   1.509
327.86   1.513
327.95   1.517
328.04   1.521
328.13   1.524
328.22   1.528
328.31   1.532
328.39   1.536
328.48   1.540
328.57   1.543
328.66   1.547
328.75   1.551
328.84   1.555
328.93   1.559
329.01   1.563
329.10   1.566
329.19   1.570
329.28   1.574
329.37   1.578
329.45   1.582
329.54   1.585
329.63   1.589
329.72   1.593
329.81   1.597
329.90   1.600
329.99   1.604
330.07   1.608
330.16   1.611
330.25   1.615
330.34   1.619
330.43   1.622
330.52   1.626
330.60   1.629
330.69   1.633
330.78   1.636
330.87   1.639
330.96   1.643
331.05   1.646
331.14   1.649
331.23   1.653
331.32   1.656
331.41   1.659
331.49   1.663
331.58   1.666
331.67   1.669
331.76   1.672
331.85   1.675
331.94   1.679
332.03   1.682
332.11   1.685
332.20   1.688
332.29   1.691
332.38   1.694
332.47   1.697
332.56   1.700
332.65   1.703
332.74   1.706
332.83   1.709
332.92   1.712
333.01   1.715
333.09   1.718
333.18   1.721
333.27   1.723
333.36   1.726
333.45   1.729
333.53   1.732
333.62   1.735
333.71   1.738
333.80   1.741
333.89   1.744
333.98   1.746
334.07   1.749
334.16   1.752
334.25   1.755
334.34   1.758
334.43   1.761
334.52   1.764
334.61   1.767
334.70   1.770
334.78   1.772
334.87   1.775
334.96   1.778
335.05   1.781
335.14   1.784
335.23   1.787
335.32   1.790
335.41   1.793
335.50   1.797
335.59   1.800
335.68   1.803
335.77   1.806
335.86   1.809
335.95   1.812
336.04   1.815
336.13   1.818
336.22   1.821
336.31   1.824
336.39   1.827
336.48   1.831
336.57   1.834
336.66   1.837
336.75   1.840
336.84   1.843
336.93   1.847
337.02   1.850
337.11   1.853
337.20   1.857
337.29   1.860
337.38   1.864
337.47   1.868
337.56   1.871
337.65   1.875
337.74   1.879
337.83   1.883
337.92   1.887
338.01   1.890
338.10   1.894
338.19   1.898
338.28   1.902
338.37   1.906
338.46   1.909
338.55   1.913
338.64   1.917
338.73   1.921
338.83   1.925
338.92   1.929
339.01   1.932
339.10   1.936
339.19   1.940
339.28   1.944
339.37   1.948
339.46   1.951
339.55   1.955
339.64   1.959
339.73   1.963
339.82   1.966
339.91   1.970
340.00   1.974
340.09   1.977
340.18   1.980
340.27   1.983
340.36   1.987
340.45   1.989
340.54   1.992
340.63   1.995
340.72   1.998
340.81   2.001
340.90   2.004
340.99   2.007
341.08   2.010
341.17   2.013
341.26   2.017
341.36   2.020
341.45   2.023
341.53   2.027
341.62   2.031
341.72   2.035
341.81   2.039
341.90   2.044
341.99   2.048
342.08   2.053
342.17   2.058
342.26   2.062
342.35   2.067
342.44   2.072
342.53   2.076
342.62   2.081
342.71   2.086
342.80   2.090
342.89   2.095
342.98   2.100
343.07   2.104
343.16   2.109
343.25   2.114
343.34   2.118
343.43   2.123
343.51   2.128
343.60   2.132
343.69   2.136
343.79   2.141
343.88   2.145
343.96   2.149
344.05   2.153
344.14   2.156
