  
  DOI/GTN-P Deep Borehole Array, Arctic Alaska 
             U.S. Geological Survey 
            Processed Temperature Log 
                    20-Feb-2015 
________________________________________________ 
  
Temperature Log Information: 
  Well name:   Tulageak Test Well #1 
  File name:   TUL_14JUL02_c_d 
  Log date:    02-JUL-2014 
  
Contact Information: 
  Gary Clow 
  U.S. Geological Survey 
  clow@usgs.gov 
  
Definitions: 
  Depth:        Depth below local ground surface (m) 
  Temperature:  ITS-90 temperature (C) 
________________________________________________ 
             
 Depth  Temperature 
  6.20  -5.064
  6.23  -5.065
  6.30  -5.065
  6.52  -5.067
  6.60  -5.068
  6.67  -5.069
  6.74  -5.070
  6.82  -5.072
  6.89  -5.074
  6.97  -5.075
  7.04  -5.078
  7.11  -5.080
  7.19  -5.083
  7.26  -5.086
  7.33  -5.089
  7.40  -5.093
  7.48  -5.097
  7.55  -5.101
  7.62  -5.106
  7.69  -5.111
  7.77  -5.116
  7.84  -5.122
  7.91  -5.128
  7.99  -5.134
  8.06  -5.140
  8.13  -5.147
  8.21  -5.153
  8.28  -5.159
  8.36  -5.166
  8.43  -5.172
  8.50  -5.179
  8.58  -5.186
  8.65  -5.193
  8.73  -5.200
  8.80  -5.208
  8.88  -5.215
  8.95  -5.223
  9.02  -5.230
  9.10  -5.238
  9.17  -5.246
  9.24  -5.253
  9.30  -5.261
  9.38  -5.269
  9.45  -5.277
  9.53  -5.285
  9.58  -5.293
  9.67  -5.301
  9.75  -5.309
  9.82  -5.317
  9.90  -5.325
  9.97  -5.333
 10.05  -5.340
 10.12  -5.348
 10.19  -5.356
 10.27  -5.364
 10.34  -5.371
 10.41  -5.379
 10.49  -5.387
 10.56  -5.395
 10.64  -5.403
 10.71  -5.410
 10.79  -5.418
 10.86  -5.426
 10.93  -5.434
 11.01  -5.441
 11.08  -5.449
 11.15  -5.457
 11.22  -5.464
 11.29  -5.472
 11.37  -5.480
 11.45  -5.488
 11.52  -5.496
 11.59  -5.503
 11.66  -5.511
 11.74  -5.519
 11.81  -5.527
 11.89  -5.534
 11.96  -5.542
 12.04  -5.550
 12.11  -5.558
 12.19  -5.566
 12.26  -5.574
 12.34  -5.582
 12.41  -5.589
 12.48  -5.597
 12.56  -5.606
 12.63  -5.614
 12.70  -5.622
 12.77  -5.630
 12.85  -5.638
 12.92  -5.646
 12.99  -5.654
 13.06  -5.662
 13.14  -5.671
 13.21  -5.679
 13.29  -5.687
 13.36  -5.696
 13.44  -5.704
 13.51  -5.712
 13.58  -5.721
 13.66  -5.729
 13.73  -5.738
 13.80  -5.746
 13.87  -5.755
 13.95  -5.763
 14.03  -5.772
 14.10  -5.780
 14.18  -5.789
 14.25  -5.798
 14.32  -5.806
 14.47  -5.824
 14.54  -5.833
 14.62  -5.842
 14.69  -5.851
 14.76  -5.860
 14.83  -5.869
 14.91  -5.878
 14.98  -5.887
 15.05  -5.896
 15.13  -5.906
 15.20  -5.915
 15.27  -5.924
 15.35  -5.934
 15.42  -5.943
 15.50  -5.953
 15.57  -5.962
 15.65  -5.972
 15.72  -5.982
 15.80  -5.992
 15.87  -6.001
 15.94  -6.011
 16.02  -6.021
 16.09  -6.031
 16.17  -6.041
 16.24  -6.051
 16.31  -6.061
 16.39  -6.071
 16.47  -6.082
 16.54  -6.092
 16.61  -6.102
 16.68  -6.112
 16.76  -6.123
 16.83  -6.133
 16.90  -6.143
 16.97  -6.154
 17.04  -6.164
 17.12  -6.175
 17.19  -6.186
 17.27  -6.196
 17.34  -6.207
 17.42  -6.218
 17.49  -6.228
 17.56  -6.239
 17.64  -6.250
 17.71  -6.260
 17.78  -6.271
 17.86  -6.281
 17.93  -6.292
 18.01  -6.303
 18.08  -6.313
 18.16  -6.324
 18.23  -6.334
 18.30  -6.345
 18.38  -6.356
 18.45  -6.367
 18.52  -6.377
 18.59  -6.388
 18.67  -6.398
 18.74  -6.409
 18.82  -6.419
 18.89  -6.430
 18.97  -6.441
 19.03  -6.451
 19.11  -6.462
 19.18  -6.472
 19.25  -6.482
 19.33  -6.492
 19.40  -6.502
 19.48  -6.511
 19.55  -6.521
 19.63  -6.530
 19.70  -6.540
 19.78  -6.550
 19.85  -6.560
 19.92  -6.570
 20.00  -6.581
 20.07  -6.592
 20.15  -6.604
 20.22  -6.616
 20.30  -6.628
 20.41  -6.640
 20.50  -6.653
 20.61  -6.666
 20.71  -6.680
 20.80  -6.695
 21.01  -6.724
 21.11  -6.739
 21.22  -6.754
 21.32  -6.770
 21.42  -6.785
 21.53  -6.799
 21.64  -6.814
 21.75  -6.828
 21.85  -6.842
 21.96  -6.856
 22.06  -6.870
 22.17  -6.884
 22.28  -6.898
 22.39  -6.912
 22.50  -6.926
 22.60  -6.940
 22.71  -6.954
 22.81  -6.967
 22.92  -6.981
 23.03  -6.994
 23.14  -7.008
 23.25  -7.021
 23.35  -7.035
 23.46  -7.049
 23.57  -7.062
 23.67  -7.076
 23.78  -7.089
 23.89  -7.102
 24.00  -7.116
 24.11  -7.129
 24.22  -7.142
 24.33  -7.154
 24.43  -7.167
 24.54  -7.180
 24.65  -7.193
 24.76  -7.205
 24.87  -7.218
 24.97  -7.231
 25.08  -7.243
 25.19  -7.256
 25.29  -7.269
 25.40  -7.281
 25.51  -7.294
 25.62  -7.307
 25.73  -7.319
 25.84  -7.332
 25.94  -7.345
 26.05  -7.357
 26.16  -7.370
 26.27  -7.383
 26.38  -7.396
 26.49  -7.408
 26.60  -7.421
 26.70  -7.433
 26.81  -7.446
 26.92  -7.458
 27.02  -7.471
 27.13  -7.483
 27.24  -7.495
 27.35  -7.507
 27.46  -7.519
 27.56  -7.531
 27.67  -7.543
 27.78  -7.555
 27.89  -7.567
 28.00  -7.579
 28.11  -7.591
 28.21  -7.602
 28.33  -7.614
 28.44  -7.626
 28.54  -7.637
 28.65  -7.649
 28.76  -7.660
 28.87  -7.672
 28.98  -7.684
 29.08  -7.695
 29.19  -7.707
 29.30  -7.718
 29.40  -7.730
 29.61  -7.753
 29.73  -7.765
 29.84  -7.776
 29.95  -7.787
 30.06  -7.799
 30.17  -7.810
 30.28  -7.820
 30.38  -7.831
 30.49  -7.841
 30.60  -7.852
 30.71  -7.862
 30.82  -7.872
 30.92  -7.882
 31.03  -7.891
 31.14  -7.900
 31.24  -7.910
 31.35  -7.919
 31.46  -7.927
 31.57  -7.936
 31.68  -7.945
 31.79  -7.954
 31.90  -7.963
 32.00  -7.971
 32.11  -7.980
 32.22  -7.989
 32.33  -7.998
 32.55  -8.015
 32.65  -8.024
 32.98  -8.050
 33.08  -8.059
 33.19  -8.067
 33.29  -8.076
 33.50  -8.093
 33.61  -8.101
 33.71  -8.109
 33.82  -8.118
 33.93  -8.126
 34.03  -8.134
 34.13  -8.143
 34.23  -8.151
 34.34  -8.159
 34.45  -8.167
 34.55  -8.175
 34.66  -8.183
 34.76  -8.191
 34.87  -8.199
 34.98  -8.207
 35.08  -8.214
 35.18  -8.222
 35.29  -8.230
 35.39  -8.237
 35.50  -8.245
 35.60  -8.252
 35.71  -8.259
 35.81  -8.266
 35.92  -8.273
 36.03  -8.280
 36.13  -8.287
 36.24  -8.293
 36.34  -8.300
 36.45  -8.306
 36.56  -8.312
 36.66  -8.318
 36.76  -8.324
 36.87  -8.330
 36.97  -8.337
 37.08  -8.343
 37.19  -8.350
 37.29  -8.356
 37.40  -8.362
 37.50  -8.369
 37.61  -8.375
 37.71  -8.381
 37.82  -8.388
 37.93  -8.394
 38.03  -8.400
 38.14  -8.406
 38.25  -8.412
 38.35  -8.418
 38.45  -8.424
 38.56  -8.430
 38.66  -8.436
 38.77  -8.441
 38.87  -8.447
 38.98  -8.452
 39.09  -8.458
 39.19  -8.463
 39.30  -8.468
 39.41  -8.474
 39.51  -8.479
 39.62  -8.484
 39.72  -8.489
 39.83  -8.493
 39.93  -8.498
 40.03  -8.503
 40.14  -8.508
 40.25  -8.512
 40.35  -8.517
 40.46  -8.521
 40.56  -8.525
 40.67  -8.530
 40.78  -8.534
 40.88  -8.538
 40.99  -8.542
 41.10  -8.546
 41.20  -8.550
 41.31  -8.554
 41.41  -8.558
 41.52  -8.562
 41.62  -8.566
 41.73  -8.569
 41.83  -8.573
 41.94  -8.577
 42.05  -8.581
 42.15  -8.584
 42.25  -8.588
 42.36  -8.591
 42.46  -8.595
 42.57  -8.598
 42.68  -8.602
 42.78  -8.605
 42.89  -8.609
 43.00  -8.612
 43.10  -8.616
 43.21  -8.619
 43.31  -8.623
 43.42  -8.626
 43.52  -8.630
 43.63  -8.633
 43.73  -8.636
 43.84  -8.640
 43.94  -8.643
 44.05  -8.646
 44.15  -8.650
 44.26  -8.653
 44.37  -8.656
 44.47  -8.660
 44.58  -8.663
 44.69  -8.666
 44.79  -8.669
 44.89  -8.672
 45.00  -8.675
 45.10  -8.679
 45.21  -8.682
 45.32  -8.685
 45.42  -8.688
 45.52  -8.691
 45.63  -8.694
 45.74  -8.697
 45.84  -8.700
 45.95  -8.703
 46.06  -8.705
 46.16  -8.708
 46.27  -8.711
 46.37  -8.714
 46.48  -8.716
 46.58  -8.719
 46.68  -8.722
 46.79  -8.724
 46.90  -8.727
 47.00  -8.729
 47.11  -8.732
 47.22  -8.734
 47.32  -8.737
 47.43  -8.739
 47.53  -8.742
 47.64  -8.744
 47.74  -8.746
 47.85  -8.748
 47.95  -8.750
 48.06  -8.753
 48.17  -8.755
 48.27  -8.757
 48.38  -8.759
 48.48  -8.761
 48.58  -8.763
 48.69  -8.765
 48.80  -8.766
 48.90  -8.768
 49.01  -8.770
 49.12  -8.772
 49.22  -8.773
 49.32  -8.775
 49.43  -8.777
 49.54  -8.778
 49.64  -8.780
 49.75  -8.781
 49.85  -8.783
 49.96  -8.784
 50.06  -8.785
 50.17  -8.787
 50.27  -8.788
 50.38  -8.789
 50.48  -8.790
 50.59  -8.792
 50.70  -8.793
 50.80  -8.794
 50.91  -8.795
 51.01  -8.796
 51.12  -8.797
 51.22  -8.798
 51.33  -8.799
 51.43  -8.800
 51.54  -8.802
 51.65  -8.803
 51.75  -8.804
 51.85  -8.805
 51.96  -8.806
 52.07  -8.807
 52.17  -8.808
 52.28  -8.808
 52.39  -8.809
 52.49  -8.810
 52.60  -8.811
 52.70  -8.812
 52.80  -8.813
 52.91  -8.813
 53.02  -8.814
 53.12  -8.814
 53.23  -8.815
 53.34  -8.815
 53.44  -8.816
 53.55  -8.816
 53.65  -8.817
 53.75  -8.817
 53.86  -8.817
 53.97  -8.818
 54.07  -8.818
 54.18  -8.818
 54.29  -8.819
 54.39  -8.819
 54.49  -8.819
 54.60  -8.819
 54.71  -8.819
 54.81  -8.819
 54.92  -8.820
 55.02  -8.820
 55.13  -8.820
 55.24  -8.820
 55.34  -8.820
 55.44  -8.820
 55.55  -8.820
 55.66  -8.820
 55.76  -8.820
 55.87  -8.820
 55.97  -8.820
 56.08  -8.820
 56.19  -8.820
 56.29  -8.820
 56.40  -8.819
 56.50  -8.819
 56.61  -8.819
 56.72  -8.819
 56.82  -8.819
 56.93  -8.819
 57.04  -8.819
 57.14  -8.819
 57.24  -8.819
 57.35  -8.819
 57.46  -8.819
 57.56  -8.819
 57.67  -8.819
 57.77  -8.819
 57.88  -8.819
 57.99  -8.819
 58.09  -8.818
 58.20  -8.818
 58.30  -8.818
 58.41  -8.818
 58.51  -8.818
 58.62  -8.818
 58.72  -8.817
 58.83  -8.817
 58.93  -8.817
 59.04  -8.817
 59.14  -8.816
 59.25  -8.816
 59.36  -8.816
 59.46  -8.816
 59.57  -8.815
 59.68  -8.815
 59.78  -8.815
 59.89  -8.814
 59.99  -8.814
 60.10  -8.814
 60.20  -8.813
 60.31  -8.813
 60.42  -8.812
 60.52  -8.812
 60.63  -8.812
 60.73  -8.811
 60.84  -8.811
 60.94  -8.810
 61.05  -8.810
 61.15  -8.809
 61.26  -8.809
 61.36  -8.808
 61.47  -8.808
 61.58  -8.807
 61.68  -8.807
 61.79  -8.807
 61.89  -8.806
 62.00  -8.806
 62.11  -8.805
 62.21  -8.805
 62.32  -8.804
 62.43  -8.804
 62.53  -8.803
 62.64  -8.802
 62.74  -8.802
 62.85  -8.801
 62.95  -8.800
 63.06  -8.799
 63.16  -8.798
 63.27  -8.798
 63.38  -8.797
 63.48  -8.796
 63.59  -8.795
 63.69  -8.794
 63.80  -8.792
 63.90  -8.791
 64.01  -8.790
 64.12  -8.789
 64.22  -8.788
 64.33  -8.787
 64.44  -8.786
 64.54  -8.784
 64.65  -8.783
 64.76  -8.782
 64.86  -8.781
 64.96  -8.780
 65.07  -8.779
 65.17  -8.777
 65.28  -8.776
 65.39  -8.775
 65.49  -8.774
 65.60  -8.773
 65.70  -8.772
 65.81  -8.770
 65.92  -8.769
 66.02  -8.768
 66.13  -8.767
 66.24  -8.765
 66.34  -8.764
 66.45  -8.763
 66.55  -8.762
 66.66  -8.761
 66.76  -8.760
 66.87  -8.759
 66.98  -8.758
 67.09  -8.757
 67.19  -8.756
 67.29  -8.755
 67.40  -8.754
 67.51  -8.753
 67.61  -8.751
 67.72  -8.750
 67.83  -8.749
 67.93  -8.747
 68.04  -8.746
 68.15  -8.744
 68.25  -8.743
 68.35  -8.741
 68.46  -8.739
 68.57  -8.737
 68.67  -8.736
 68.78  -8.734
 68.89  -8.732
 68.99  -8.730
 69.10  -8.728
 69.20  -8.726
 69.31  -8.724
 69.41  -8.723
 69.52  -8.721
 69.63  -8.719
 69.73  -8.717
 69.84  -8.715
 69.94  -8.713
 70.05  -8.711
 70.15  -8.710
 70.26  -8.708
 70.36  -8.706
 70.46  -8.704
 70.57  -8.702
 70.67  -8.701
 70.77  -8.699
 70.88  -8.697
 70.97  -8.695
 71.07  -8.694
 71.18  -8.692
 71.28  -8.690
 71.39  -8.688
 71.49  -8.687
 71.59  -8.685
 71.70  -8.683
 71.80  -8.682
 71.90  -8.680
 72.00  -8.678
 72.11  -8.677
 72.21  -8.675
 72.32  -8.673
 72.42  -8.672
 72.52  -8.670
 72.63  -8.668
 72.73  -8.667
 72.83  -8.665
 72.93  -8.663
 73.04  -8.661
 73.14  -8.659
 73.25  -8.658
 73.35  -8.656
 73.46  -8.654
 73.56  -8.652
 73.66  -8.650
 73.76  -8.648
 73.86  -8.646
 73.97  -8.643
 74.07  -8.641
 74.18  -8.639
 74.28  -8.637
 74.39  -8.635
 74.48  -8.633
 74.59  -8.630
 74.69  -8.628
 74.80  -8.626
 74.90  -8.624
 75.00  -8.621
 75.11  -8.619
 75.21  -8.617
 75.31  -8.614
 75.42  -8.612
 75.52  -8.610
 75.63  -8.607
 75.73  -8.605
 75.83  -8.602
 75.94  -8.600
 76.04  -8.597
 76.15  -8.595
 76.25  -8.592
 76.35  -8.590
 76.45  -8.587
 76.56  -8.585
 76.66  -8.582
 76.76  -8.580
 76.87  -8.577
 76.97  -8.575
 77.07  -8.572
 77.18  -8.570
 77.28  -8.567
 77.38  -8.565
 77.49  -8.562
 77.59  -8.560
 77.70  -8.557
 77.80  -8.555
 77.90  -8.552
 78.00  -8.550
 78.11  -8.547
 78.21  -8.545
 78.32  -8.543
 78.42  -8.540
 78.52  -8.538
 78.63  -8.536
 78.73  -8.533
 78.83  -8.531
 78.94  -8.529
 79.04  -8.526
 79.14  -8.524
 79.25  -8.522
 79.35  -8.519
 79.46  -8.517
 79.56  -8.515
 79.66  -8.512
 79.76  -8.510
 79.87  -8.507
 79.97  -8.505
 80.07  -8.502
 80.18  -8.500
 80.28  -8.497
 80.38  -8.495
 80.49  -8.492
 80.59  -8.489
 80.70  -8.487
 80.80  -8.484
 80.90  -8.482
 81.01  -8.479
 81.11  -8.476
 81.22  -8.474
 81.32  -8.471
 81.42  -8.469
 81.52  -8.466
 81.63  -8.463
 81.73  -8.461
 81.84  -8.458
 81.94  -8.456
 82.04  -8.453
 82.14  -8.451
 82.25  -8.448
 82.35  -8.446
 82.46  -8.443
 82.56  -8.441
 82.67  -8.438
 82.77  -8.436
 82.87  -8.433
 82.98  -8.431
 83.07  -8.429
 83.18  -8.426
 83.28  -8.424
 83.39  -8.421
 83.49  -8.419
 83.59  -8.417
 83.70  -8.414
 83.80  -8.412
 83.90  -8.409
 84.01  -8.407
 84.11  -8.404
 84.22  -8.402
 84.32  -8.399
 84.42  -8.397
 84.53  -8.394
 84.63  -8.392
 84.73  -8.389
 84.84  -8.387
 84.94  -8.384
 85.04  -8.382
 85.14  -8.379
 85.25  -8.377
 85.35  -8.374
 85.46  -8.372
 85.56  -8.369
 85.66  -8.366
 85.77  -8.364
 85.87  -8.361
 85.98  -8.358
 86.08  -8.355
 86.19  -8.352
 86.29  -8.349
 86.39  -8.346
 86.49  -8.343
 86.60  -8.339
 86.70  -8.336
 86.81  -8.332
 86.91  -8.329
 87.01  -8.325
 87.11  -8.321
 87.22  -8.318
 87.32  -8.315
 87.43  -8.311
 87.53  -8.308
 87.64  -8.305
 87.73  -8.302
 87.84  -8.299
 87.94  -8.296
 88.05  -8.293
 88.15  -8.291
 88.25  -8.288
 88.35  -8.286
 88.46  -8.284
 88.56  -8.281
 88.66  -8.279
 88.77  -8.277
 88.87  -8.275
 88.98  -8.272
 89.09  -8.270
 89.18  -8.267
 89.29  -8.264
 89.39  -8.262
 89.49  -8.259
 89.60  -8.256
 89.70  -8.254
 89.80  -8.251
 89.91  -8.248
 90.01  -8.245
 90.11  -8.242
 90.22  -8.239
 90.32  -8.236
 90.43  -8.233
 90.53  -8.230
 90.63  -8.227
 90.73  -8.224
 90.84  -8.221
 90.94  -8.219
 91.05  -8.216
 91.15  -8.213
 91.25  -8.210
 91.36  -8.207
 91.46  -8.204
 91.57  -8.201
 91.67  -8.198
 91.77  -8.195
 91.88  -8.192
 91.98  -8.189
 92.08  -8.187
 92.19  -8.184
 92.29  -8.181
 92.39  -8.178
 92.50  -8.175
 92.60  -8.172
 92.70  -8.169
 92.80  -8.166
 92.91  -8.163
 93.01  -8.160
 93.12  -8.158
 93.22  -8.155
 93.33  -8.152
 93.43  -8.149
 93.53  -8.146
 93.64  -8.143
 93.74  -8.140
 93.84  -8.137
 93.95  -8.134
 94.05  -8.131
 94.15  -8.128
 94.25  -8.125
 94.36  -8.122
 94.46  -8.119
 94.57  -8.116
 94.67  -8.113
 94.78  -8.109
 94.88  -8.106
 94.98  -8.103
 95.09  -8.099
 95.19  -8.096
 95.29  -8.092
 95.39  -8.089
 95.50  -8.085
 95.60  -8.082
 95.70  -8.079
 95.80  -8.075
 95.91  -8.072
 96.02  -8.068
 96.12  -8.065
 96.22  -8.061
 96.33  -8.058
 96.43  -8.054
 96.53  -8.050
 96.64  -8.047
 96.74  -8.043
 96.85  -8.040
 96.95  -8.036
 97.05  -8.033
 97.15  -8.029
 97.26  -8.026
 97.36  -8.022
 97.46  -8.019
 97.57  -8.016
 97.67  -8.012
 97.77  -8.009
 97.88  -8.006
 97.98  -8.003
 98.09  -8.000
 98.19  -7.998
 98.30  -7.995
 98.40  -7.993
 98.50  -7.990
 98.61  -7.988
 98.71  -7.985
 98.82  -7.983
 98.92  -7.980
 99.02  -7.977
 99.12  -7.974
 99.23  -7.971
 99.33  -7.968
 99.44  -7.965
 99.54  -7.962
 99.64  -7.959
 99.74  -7.956
 99.85  -7.952
 99.95  -7.949
100.05  -7.945
100.16  -7.942
100.27  -7.938
100.37  -7.935
100.47  -7.931
100.58  -7.927
100.68  -7.924
100.79  -7.920
100.89  -7.917
100.99  -7.913
101.10  -7.909
101.21  -7.906
101.31  -7.902
101.41  -7.898
101.51  -7.894
101.61  -7.891
101.72  -7.887
101.82  -7.883
101.92  -7.880
102.03  -7.876
102.13  -7.872
102.24  -7.868
102.34  -7.865
102.44  -7.861
102.55  -7.857
102.65  -7.854
102.76  -7.850
102.86  -7.847
102.97  -7.843
103.07  -7.840
103.18  -7.837
103.28  -7.835
103.38  -7.832
103.49  -7.829
103.59  -7.826
103.69  -7.823
103.80  -7.820
103.90  -7.817
104.00  -7.814
104.10  -7.811
104.21  -7.807
104.31  -7.804
104.42  -7.801
104.52  -7.797
104.63  -7.793
104.73  -7.789
104.84  -7.785
104.94  -7.781
105.04  -7.777
105.15  -7.772
105.25  -7.768
105.36  -7.764
105.46  -7.760
105.56  -7.756
105.67  -7.752
105.77  -7.748
105.87  -7.744
105.98  -7.740
106.08  -7.736
106.18  -7.733
106.29  -7.729
106.39  -7.725
106.49  -7.722
106.60  -7.719
106.70  -7.715
106.81  -7.712
106.91  -7.709
107.01  -7.705
107.12  -7.702
107.22  -7.699
107.33  -7.695
107.43  -7.692
107.54  -7.688
107.64  -7.684
107.74  -7.681
107.85  -7.677
107.95  -7.674
108.05  -7.670
108.15  -7.666
108.25  -7.662
108.35  -7.659
108.45  -7.655
108.55  -7.651
108.65  -7.647
108.75  -7.643
108.85  -7.639
108.96  -7.635
109.06  -7.632
109.16  -7.628
109.26  -7.624
109.36  -7.619
109.47  -7.615
109.57  -7.611
109.67  -7.607
109.77  -7.603
109.87  -7.598
109.97  -7.594
110.07  -7.590
110.17  -7.585
110.27  -7.581
110.37  -7.577
110.47  -7.572
110.57  -7.568
110.68  -7.564
110.78  -7.559
110.88  -7.555
110.98  -7.551
111.08  -7.547
111.19  -7.542
111.29  -7.538
111.39  -7.535
111.49  -7.531
111.59  -7.527
111.70  -7.523
111.80  -7.519
111.90  -7.515
112.00  -7.511
112.10  -7.508
112.20  -7.504
112.30  -7.500
112.40  -7.496
112.50  -7.492
112.60  -7.488
112.70  -7.484
112.80  -7.480
112.91  -7.476
113.01  -7.472
113.11  -7.468
113.21  -7.464
113.31  -7.460
113.42  -7.456
113.52  -7.452
113.62  -7.448
113.72  -7.444
113.82  -7.440
113.93  -7.437
114.03  -7.433
114.13  -7.429
114.23  -7.425
114.32  -7.421
114.43  -7.418
114.53  -7.414
114.63  -7.411
114.73  -7.407
114.83  -7.404
114.93  -7.400
115.04  -7.397
115.14  -7.393
115.24  -7.390
115.34  -7.386
115.44  -7.382
115.54  -7.379
115.65  -7.375
115.75  -7.371
115.85  -7.368
115.95  -7.364
116.05  -7.360
116.15  -7.356
116.26  -7.353
116.36  -7.349
116.45  -7.345
116.55  -7.341
116.65  -7.337
116.75  -7.333
116.86  -7.328
116.96  -7.324
117.06  -7.320
117.16  -7.316
117.26  -7.312
117.36  -7.308
117.46  -7.304
117.57  -7.300
117.67  -7.296
117.77  -7.292
117.87  -7.288
117.98  -7.284
118.07  -7.280
118.18  -7.276
118.28  -7.272
118.38  -7.268
118.49  -7.263
118.58  -7.260
118.68  -7.256
118.78  -7.252
118.88  -7.248
118.98  -7.244
119.09  -7.240
119.19  -7.236
119.29  -7.232
119.39  -7.228
119.49  -7.224
119.59  -7.220
119.70  -7.216
119.80  -7.212
119.90  -7.208
120.00  -7.205
120.10  -7.201
120.20  -7.197
120.30  -7.193
120.41  -7.189
120.51  -7.186
120.60  -7.182
120.70  -7.178
120.80  -7.175
120.90  -7.172
121.01  -7.169
121.11  -7.166
121.21  -7.163
121.31  -7.160
121.41  -7.157
121.51  -7.155
121.61  -7.152
121.72  -7.149
121.82  -7.146
121.92  -7.143
122.02  -7.139
122.13  -7.136
122.23  -7.133
122.33  -7.129
122.43  -7.125
122.53  -7.121
122.63  -7.117
122.73  -7.113
122.82  -7.108
122.93  -7.104
123.03  -7.099
123.13  -7.094
123.23  -7.090
123.34  -7.085
123.43  -7.081
123.54  -7.077
123.64  -7.072
123.74  -7.068
123.84  -7.064
123.95  -7.060
124.04  -7.056
124.15  -7.052
124.25  -7.048
124.35  -7.045
124.45  -7.041
124.55  -7.037
124.65  -7.034
124.76  -7.030
124.85  -7.026
124.95  -7.023
125.05  -7.019
125.15  -7.015
125.25  -7.011
125.35  -7.008
125.46  -7.004
125.56  -7.000
125.66  -6.996
125.76  -6.992
125.86  -6.988
125.96  -6.984
126.07  -6.980
126.17  -6.976
126.27  -6.972
126.37  -6.968
126.47  -6.964
126.57  -6.960
126.68  -6.956
126.78  -6.952
126.87  -6.948
126.97  -6.944
127.07  -6.939
127.17  -6.935
127.28  -6.931
127.38  -6.926
127.48  -6.922
127.58  -6.918
127.68  -6.913
127.78  -6.909
127.88  -6.904
127.98  -6.900
128.09  -6.896
128.19  -6.891
128.29  -6.887
128.39  -6.882
128.49  -6.878
128.59  -6.873
128.70  -6.868
128.80  -6.864
128.89  -6.859
128.99  -6.855
129.09  -6.850
129.19  -6.845
129.30  -6.841
129.40  -6.836
129.50  -6.831
129.60  -6.826
129.70  -6.822
129.81  -6.817
129.91  -6.812
130.01  -6.808
130.11  -6.803
130.21  -6.798
130.32  -6.794
130.41  -6.789
130.52  -6.785
130.62  -6.780
130.72  -6.776
130.82  -6.772
130.93  -6.768
131.02  -6.764
131.12  -6.759
131.22  -6.755
131.32  -6.751
131.42  -6.747
131.53  -6.743
131.63  -6.739
131.73  -6.735
131.83  -6.731
131.93  -6.726
132.03  -6.722
132.14  -6.718
132.24  -6.713
132.34  -6.709
132.44  -6.704
132.54  -6.700
132.65  -6.695
132.75  -6.690
132.85  -6.685
132.95  -6.681
133.04  -6.676
133.14  -6.672
133.24  -6.667
133.35  -6.662
133.45  -6.658
133.55  -6.653
133.65  -6.649
133.76  -6.645
133.86  -6.641
133.96  -6.637
134.06  -6.634
134.16  -6.630
134.27  -6.627
134.37  -6.624
134.47  -6.620
134.57  -6.617
134.67  -6.613
134.77  -6.608
134.88  -6.604
134.98  -6.599
135.07  -6.594
135.18  -6.589
135.27  -6.584
135.37  -6.578
135.48  -6.573
135.58  -6.568
135.68  -6.563
135.78  -6.557
135.88  -6.552
135.98  -6.546
136.09  -6.541
136.19  -6.536
136.29  -6.530
136.39  -6.525
136.49  -6.519
136.60  -6.514
136.70  -6.509
136.80  -6.503
136.90  -6.498
137.01  -6.493
137.11  -6.488
137.20  -6.484
137.31  -6.479
137.42  -6.475
137.52  -6.471
137.63  -6.467
137.74  -6.463
137.84  -6.459
137.95  -6.455
138.06  -6.451
138.16  -6.446
138.27  -6.442
138.37  -6.437
138.48  -6.433
138.59  -6.429
138.69  -6.424
138.80  -6.420
138.90  -6.415
139.01  -6.411
139.12  -6.407
139.22  -6.402
139.33  -6.398
139.44  -6.393
139.54  -6.389
139.64  -6.384
139.75  -6.380
139.86  -6.375
139.97  -6.371
140.08  -6.366
140.20  -6.361
140.31  -6.357
140.42  -6.352
140.53  -6.347
140.64  -6.342
140.75  -6.337
140.86  -6.332
140.97  -6.327
141.09  -6.322
141.20  -6.317
141.31  -6.311
141.42  -6.306
141.53  -6.301
141.64  -6.296
141.74  -6.291
141.86  -6.286
141.97  -6.281
142.07  -6.276
142.19  -6.272
142.30  -6.267
142.41  -6.263
142.52  -6.259
142.63  -6.255
142.74  -6.251
142.85  -6.247
142.96  -6.243
143.08  -6.239
143.19  -6.235
143.30  -6.230
143.41  -6.226
143.52  -6.221
143.63  -6.217
143.73  -6.212
143.84  -6.207
143.95  -6.202
144.06  -6.197
144.17  -6.191
144.28  -6.185
144.39  -6.178
144.50  -6.172
144.61  -6.166
144.72  -6.160
144.83  -6.153
144.94  -6.147
145.05  -6.141
145.16  -6.136
145.27  -6.131
145.37  -6.125
145.48  -6.120
145.59  -6.115
145.69  -6.111
145.80  -6.106
145.90  -6.103
146.01  -6.099
146.12  -6.096
146.22  -6.092
146.33  -6.089
146.44  -6.086
146.55  -6.083
146.66  -6.079
146.76  -6.076
146.87  -6.072
146.98  -6.068
147.09  -6.064
147.20  -6.060
147.31  -6.056
147.41  -6.051
147.52  -6.047
147.63  -6.042
147.74  -6.037
147.84  -6.033
147.95  -6.028
148.05  -6.023
148.16  -6.018
148.27  -6.013
148.38  -6.008
148.49  -6.003
148.60  -5.998
148.70  -5.993
148.81  -5.988
148.92  -5.983
149.03  -5.978
149.14  -5.973
149.25  -5.968
149.35  -5.963
149.46  -5.958
149.57  -5.953
149.68  -5.948
149.79  -5.943
149.90  -5.938
150.00  -5.933
150.10  -5.928
150.21  -5.923
150.32  -5.918
150.42  -5.913
150.53  -5.908
150.64  -5.903
150.75  -5.898
150.86  -5.893
150.97  -5.888
151.07  -5.883
151.18  -5.878
151.29  -5.874
151.40  -5.869
151.51  -5.864
151.62  -5.859
151.72  -5.855
151.83  -5.850
151.93  -5.845
152.04  -5.841
152.15  -5.836
152.25  -5.832
152.36  -5.827
152.47  -5.823
152.58  -5.818
152.69  -5.814
152.80  -5.809
152.90  -5.805
153.01  -5.800
153.12  -5.795
153.23  -5.791
153.34  -5.786
153.45  -5.782
153.55  -5.777
153.66  -5.773
153.77  -5.768
153.88  -5.764
153.98  -5.760
154.09  -5.755
154.19  -5.751
154.30  -5.747
154.41  -5.743
154.52  -5.739
154.63  -5.735
154.74  -5.732
154.84  -5.728
154.95  -5.724
155.06  -5.721
155.17  -5.717
155.28  -5.713
155.38  -5.709
155.49  -5.705
155.60  -5.701
155.71  -5.696
155.82  -5.692
155.92  -5.687
156.03  -5.683
156.13  -5.678
156.24  -5.672
156.35  -5.667
156.46  -5.661
156.57  -5.655
156.68  -5.650
156.78  -5.644
156.89  -5.638
157.00  -5.632
157.11  -5.626
157.21  -5.621
157.33  -5.615
157.43  -5.610
157.54  -5.604
157.64  -5.599
157.75  -5.593
157.85  -5.588
157.96  -5.583
158.07  -5.578
158.18  -5.572
158.29  -5.567
158.40  -5.562
158.50  -5.557
158.61  -5.552
158.72  -5.547
158.83  -5.542
158.94  -5.537
159.05  -5.532
159.15  -5.527
159.26  -5.522
159.37  -5.517
159.48  -5.512
159.58  -5.507
159.69  -5.502
159.79  -5.498
159.90  -5.493
160.01  -5.488
160.12  -5.483
160.23  -5.479
160.34  -5.474
160.44  -5.469
160.55  -5.464
160.66  -5.460
160.77  -5.455
160.87  -5.450
160.98  -5.446
161.09  -5.441
161.20  -5.436
161.30  -5.432
161.41  -5.427
161.52  -5.423
161.62  -5.419
161.73  -5.414
161.84  -5.410
161.95  -5.406
162.06  -5.401
162.17  -5.397
162.27  -5.392
162.38  -5.388
162.49  -5.384
162.60  -5.379
162.71  -5.375
162.82  -5.370
162.92  -5.365
163.03  -5.360
163.13  -5.355
163.24  -5.350
163.35  -5.345
163.46  -5.340
163.57  -5.334
163.67  -5.329
163.78  -5.324
163.89  -5.318
164.00  -5.313
164.11  -5.308
164.21  -5.303
164.32  -5.298
164.43  -5.293
164.53  -5.288
164.64  -5.283
164.75  -5.278
164.85  -5.273
164.96  -5.269
165.07  -5.265
165.18  -5.261
165.28  -5.256
165.39  -5.252
165.50  -5.248
165.61  -5.244
165.72  -5.239
165.83  -5.234
165.93  -5.230
166.04  -5.225
166.15  -5.220
166.26  -5.215
166.37  -5.210
166.47  -5.204
166.57  -5.199
166.68  -5.193
166.79  -5.187
166.90  -5.181
167.01  -5.175
167.12  -5.169
167.22  -5.163
167.33  -5.157
167.44  -5.151
167.55  -5.146
167.65  -5.140
167.76  -5.135
167.87  -5.129
167.98  -5.124
168.09  -5.119
168.20  -5.114
168.30  -5.109
168.40  -5.104
168.51  -5.099
168.62  -5.095
168.73  -5.090
168.84  -5.086
168.94  -5.081
169.05  -5.077
169.16  -5.072
169.27  -5.068
169.37  -5.063
169.48  -5.058
169.59  -5.054
169.70  -5.049
169.81  -5.045
169.92  -5.041
170.02  -5.036
170.13  -5.032
170.23  -5.028
170.34  -5.024
170.45  -5.020
170.55  -5.016
170.66  -5.012
170.77  -5.008
170.88  -5.004
170.99  -5.000
171.10  -4.996
171.21  -4.992
171.32  -4.988
171.42  -4.984
171.53  -4.979
171.63  -4.975
171.74  -4.970
171.85  -4.966
171.96  -4.961
172.06  -4.956
172.18  -4.951
172.28  -4.946
172.39  -4.941
172.50  -4.936
172.61  -4.931
172.72  -4.926
172.83  -4.921
172.94  -4.917
173.04  -4.912
173.14  -4.907
173.25  -4.903
173.36  -4.898
173.47  -4.894
173.58  -4.889
173.68  -4.885
173.79  -4.881
173.90  -4.876
174.01  -4.872
174.12  -4.868
174.23  -4.864
174.33  -4.859
174.44  -4.855
174.54  -4.850
174.65  -4.846
174.76  -4.841
174.87  -4.837
174.98  -4.832
175.08  -4.827
175.19  -4.822
175.30  -4.817
175.41  -4.812
175.52  -4.807
175.63  -4.802
175.74  -4.797
175.84  -4.792
175.95  -4.787
176.06  -4.782
176.16  -4.777
176.27  -4.772
176.38  -4.767
176.49  -4.762
176.60  -4.758
176.71  -4.753
176.82  -4.748
176.92  -4.744
177.03  -4.740
177.13  -4.736
177.24  -4.731
177.35  -4.727
177.46  -4.723
177.57  -4.719
177.68  -4.715
177.78  -4.711
177.89  -4.706
178.00  -4.702
178.11  -4.697
178.22  -4.693
178.33  -4.688
178.43  -4.684
178.53  -4.679
178.64  -4.675
178.75  -4.670
178.86  -4.666
178.97  -4.661
179.08  -4.656
179.19  -4.652
179.30  -4.647
179.40  -4.643
179.51  -4.638
179.62  -4.633
179.73  -4.629
179.83  -4.624
179.94  -4.620
180.05  -4.615
180.16  -4.611
180.27  -4.606
180.38  -4.602
180.48  -4.598
180.59  -4.594
180.70  -4.590
180.81  -4.586
180.92  -4.582
181.02  -4.578
181.13  -4.574
181.23  -4.569
181.34  -4.565
181.45  -4.561
181.56  -4.556
181.67  -4.552
181.77  -4.547
181.88  -4.542
181.98  -4.538
182.08  -4.532
182.19  -4.527
182.30  -4.521
182.40  -4.516
182.50  -4.510
182.61  -4.505
182.72  -4.499
182.82  -4.493
182.93  -4.488
183.03  -4.483
183.14  -4.478
183.24  -4.473
183.35  -4.468
183.45  -4.463
183.56  -4.458
183.66  -4.453
183.76  -4.449
183.87  -4.444
183.98  -4.440
184.08  -4.436
184.19  -4.432
184.29  -4.428
184.40  -4.424
184.50  -4.420
184.61  -4.416
184.71  -4.412
184.82  -4.407
184.92  -4.403
185.02  -4.399
185.13  -4.394
185.24  -4.390
185.34  -4.385
185.45  -4.380
185.55  -4.375
185.66  -4.369
185.76  -4.364
185.86  -4.359
185.97  -4.353
186.07  -4.348
186.18  -4.343
186.28  -4.337
186.39  -4.332
186.50  -4.327
186.60  -4.323
186.71  -4.318
186.81  -4.313
186.91  -4.308
187.02  -4.304
187.13  -4.299
187.23  -4.295
187.34  -4.291
187.44  -4.286
187.54  -4.282
187.65  -4.278
187.76  -4.274
187.86  -4.269
187.97  -4.265
188.07  -4.261
188.17  -4.256
188.28  -4.252
188.39  -4.247
188.49  -4.243
188.60  -4.238
188.70  -4.234
188.81  -4.229
188.91  -4.224
189.02  -4.219
189.12  -4.215
189.22  -4.210
189.33  -4.205
189.43  -4.200
189.54  -4.195
189.65  -4.190
189.75  -4.185
189.86  -4.180
189.96  -4.175
190.07  -4.170
190.17  -4.165
190.28  -4.160
190.38  -4.155
190.49  -4.150
190.59  -4.145
190.69  -4.140
190.80  -4.136
190.90  -4.131
191.01  -4.126
191.12  -4.121
191.22  -4.117
191.33  -4.112
191.43  -4.107
191.54  -4.102
191.64  -4.098
191.74  -4.093
191.85  -4.088
191.96  -4.083
192.06  -4.079
192.16  -4.074
192.27  -4.069
192.37  -4.065
192.48  -4.060
192.59  -4.056
192.69  -4.051
192.79  -4.046
192.90  -4.042
193.00  -4.037
193.11  -4.033
193.22  -4.028
193.32  -4.023
193.42  -4.019
193.53  -4.014
193.63  -4.009
193.74  -4.004
193.85  -3.999
193.95  -3.994
194.05  -3.989
194.16  -3.984
194.26  -3.979
194.37  -3.974
194.47  -3.969
194.58  -3.963
194.68  -3.958
194.79  -3.953
194.90  -3.948
195.00  -3.943
195.10  -3.938
195.21  -3.933
195.31  -3.928
195.42  -3.923
195.52  -3.918
195.63  -3.914
195.73  -3.909
195.84  -3.904
195.94  -3.900
196.05  -3.895
196.16  -3.891
196.26  -3.886
196.37  -3.881
196.47  -3.877
196.57  -3.872
196.68  -3.868
196.78  -3.863
196.89  -3.858
196.99  -3.854
197.10  -3.849
197.20  -3.844
197.31  -3.838
197.42  -3.833
197.52  -3.828
197.62  -3.822
197.73  -3.817
197.84  -3.811
197.94  -3.806
198.04  -3.801
198.15  -3.796
198.25  -3.791
198.36  -3.786
198.46  -3.781
198.57  -3.776
198.67  -3.772
198.78  -3.767
198.88  -3.763
198.99  -3.760
199.10  -3.756
199.20  -3.753
199.30  -3.749
199.41  -3.745
199.52  -3.742
199.62  -3.738
199.73  -3.734
199.83  -3.730
199.94  -3.726
200.08  -3.721
200.21  -3.717
200.34  -3.712
200.47  -3.707
200.60  -3.702
200.74  -3.696
200.87  -3.690
201.00  -3.683
201.13  -3.677
201.26  -3.670
201.40  -3.664
201.53  -3.657
201.66  -3.650
201.80  -3.644
201.95  -3.638
202.09  -3.632
202.23  -3.626
202.38  -3.619
202.51  -3.613
202.65  -3.607
202.80  -3.601
202.94  -3.595
203.08  -3.590
203.22  -3.584
203.37  -3.578
203.51  -3.572
203.65  -3.567
203.79  -3.561
203.93  -3.555
204.08  -3.549
204.22  -3.543
204.36  -3.537
204.51  -3.531
204.65  -3.525
204.79  -3.519
204.93  -3.513
205.07  -3.507
205.22  -3.501
205.36  -3.495
205.51  -3.489
205.66  -3.482
205.82  -3.476
205.97  -3.470
206.12  -3.464
206.27  -3.458
206.42  -3.452
206.57  -3.445
206.72  -3.439
206.87  -3.433
207.02  -3.427
207.17  -3.422
207.32  -3.416
207.48  -3.410
207.63  -3.404
207.77  -3.399
207.92  -3.393
208.08  -3.388
208.23  -3.383
208.38  -3.377
208.53  -3.372
208.68  -3.366
208.83  -3.361
208.98  -3.356
209.13  -3.350
209.28  -3.344
209.43  -3.339
209.59  -3.333
209.74  -3.328
209.89  -3.323
210.03  -3.317
210.19  -3.312
210.32  -3.306
210.62  -3.296
210.77  -3.290
210.93  -3.285
211.22  -3.274
211.53  -3.264
211.69  -3.259
211.84  -3.253
211.99  -3.248
212.15  -3.243
212.28  -3.238
212.58  -3.228
212.74  -3.222
212.89  -3.217
213.19  -3.207
213.35  -3.203
213.50  -3.198
213.65  -3.193
213.80  -3.188
213.95  -3.183
214.10  -3.178
214.26  -3.173
214.41  -3.168
214.57  -3.163
214.71  -3.159
214.86  -3.154
215.02  -3.149
215.17  -3.144
215.32  -3.140
215.47  -3.135
215.63  -3.130
215.78  -3.125
215.92  -3.121
216.07  -3.116
216.23  -3.111
216.38  -3.106
216.53  -3.102
216.68  -3.097
216.83  -3.092
216.98  -3.087
217.13  -3.083
217.28  -3.078
217.43  -3.073
217.58  -3.068
217.73  -3.064
217.88  -3.059
218.03  -3.054
218.17  -3.049
218.31  -3.044
218.46  -3.039
218.61  -3.034
218.76  -3.029
218.91  -3.025
219.06  -3.020
219.20  -3.015
219.61  -3.000
219.76  -2.995
219.91  -2.990
220.06  -2.984
220.21  -2.979
220.35  -2.974
220.50  -2.969
220.65  -2.964
220.80  -2.959
220.94  -2.954
221.09  -2.948
221.24  -2.943
221.39  -2.938
221.53  -2.933
221.67  -2.928
221.82  -2.923
221.97  -2.918
222.12  -2.913
222.27  -2.908
222.42  -2.903
222.57  -2.899
222.71  -2.894
222.85  -2.889
223.00  -2.884
223.15  -2.879
223.30  -2.874
223.44  -2.870
223.59  -2.865
223.74  -2.860
223.88  -2.855
224.03  -2.850
224.18  -2.845
224.33  -2.840
224.48  -2.835
224.63  -2.830
224.77  -2.824
224.91  -2.819
225.06  -2.814
225.21  -2.809
225.36  -2.803
225.50  -2.798
225.65  -2.793
225.80  -2.787
225.95  -2.782
226.09  -2.777
226.24  -2.771
226.39  -2.766
226.53  -2.761
226.68  -2.756
226.83  -2.751
226.98  -2.746
227.13  -2.741
227.27  -2.736
227.42  -2.731
227.57  -2.726
227.71  -2.721
227.86  -2.716
228.01  -2.711
228.16  -2.706
228.30  -2.701
228.44  -2.696
228.59  -2.690
228.74  -2.685
228.89  -2.680
229.04  -2.674
229.19  -2.669
229.33  -2.663
229.47  -2.658
229.62  -2.652
229.77  -2.646
229.92  -2.641
230.07  -2.635
230.21  -2.629
230.36  -2.624
230.51  -2.618
230.65  -2.612
230.80  -2.607
230.95  -2.601
231.09  -2.596
231.24  -2.590
231.39  -2.585
231.54  -2.580
231.69  -2.575
231.83  -2.569
231.98  -2.564
232.13  -2.559
232.27  -2.554
232.42  -2.549
232.57  -2.543
232.71  -2.538
232.86  -2.533
233.00  -2.527
233.15  -2.522
233.30  -2.517
233.45  -2.511
233.60  -2.506
233.75  -2.500
233.90  -2.495
234.04  -2.489
234.18  -2.484
234.33  -2.479
234.48  -2.473
234.63  -2.468
234.77  -2.462
234.92  -2.457
235.07  -2.451
235.21  -2.446
235.36  -2.440
235.51  -2.435
235.65  -2.430
235.80  -2.424
235.95  -2.419
236.09  -2.414
236.24  -2.408
236.38  -2.403
236.53  -2.398
236.68  -2.392
236.83  -2.387
236.98  -2.382
237.13  -2.377
237.27  -2.371
237.42  -2.366
237.56  -2.361
237.71  -2.356
237.86  -2.351
238.01  -2.345
238.15  -2.340
238.30  -2.335
238.45  -2.329
238.59  -2.324
238.74  -2.319
238.88  -2.313
239.03  -2.308
239.18  -2.302
239.33  -2.297
239.48  -2.292
239.63  -2.286
239.77  -2.281
239.91  -2.275
240.06  -2.270
240.21  -2.265
240.36  -2.259
240.51  -2.254
240.65  -2.249
240.80  -2.243
240.95  -2.238
241.09  -2.233
241.23  -2.228
241.38  -2.223
241.53  -2.218
241.68  -2.212
241.83  -2.207
241.98  -2.202
242.13  -2.197
242.27  -2.192
242.41  -2.187
242.56  -2.182
242.71  -2.177
242.86  -2.171
243.01  -2.166
243.15  -2.161
243.30  -2.156
243.45  -2.150
243.60  -2.145
243.74  -2.140
243.88  -2.134
244.03  -2.129
244.18  -2.124
244.33  -2.118
244.48  -2.113
244.63  -2.108
244.77  -2.102
244.92  -2.097
245.07  -2.092
245.21  -2.086
245.36  -2.081
245.50  -2.076
245.65  -2.071
245.80  -2.065
245.95  -2.060
246.10  -2.055
246.24  -2.050
246.39  -2.045
246.54  -2.040
246.69  -2.035
246.83  -2.029
246.97  -2.024
247.12  -2.019
247.27  -2.014
247.42  -2.008
247.57  -2.003
247.71  -1.998
247.86  -1.992
248.01  -1.987
248.16  -1.982
248.31  -1.976
248.45  -1.971
248.59  -1.965
248.74  -1.960
248.89  -1.954
249.04  -1.948
249.18  -1.943
249.33  -1.937
249.48  -1.932
249.63  -1.926
249.78  -1.921
249.92  -1.915
250.07  -1.910
250.22  -1.904
250.37  -1.898
250.51  -1.893
250.66  -1.887
250.81  -1.881
250.96  -1.875
251.11  -1.870
251.25  -1.864
251.40  -1.858
251.55  -1.853
251.69  -1.847
251.84  -1.841
251.99  -1.836
252.14  -1.830
252.28  -1.824
252.43  -1.819
252.57  -1.814
252.72  -1.808
252.87  -1.803
253.01  -1.798
253.16  -1.793
253.30  -1.788
253.44  -1.783
253.59  -1.778
253.73  -1.773
253.87  -1.768
254.02  -1.762
254.16  -1.757
254.30  -1.751
254.44  -1.746
254.59  -1.740
254.73  -1.734
254.88  -1.728
255.02  -1.722
255.16  -1.716
255.31  -1.710
255.45  -1.703
255.59  -1.697
255.74  -1.691
255.88  -1.684
256.02  -1.678
256.16  -1.672
256.31  -1.665
256.45  -1.659
256.60  -1.652
256.74  -1.646
256.88  -1.640
257.03  -1.633
257.17  -1.627
257.32  -1.620
257.46  -1.614
257.60  -1.607
257.74  -1.601
257.88  -1.595
258.02  -1.588
258.17  -1.582
258.31  -1.576
258.46  -1.569
258.60  -1.563
258.75  -1.557
258.89  -1.550
259.04  -1.544
259.18  -1.538
259.32  -1.532
259.46  -1.526
259.60  -1.521
259.75  -1.515
259.89  -1.510
260.03  -1.504
260.18  -1.499
260.32  -1.494
260.47  -1.488
260.61  -1.483
260.75  -1.478
260.90  -1.472
261.04  -1.467
261.18  -1.461
261.32  -1.456
261.47  -1.451
261.61  -1.445
261.75  -1.440
261.90  -1.434
262.04  -1.429
262.19  -1.423
262.33  -1.417
262.47  -1.412
262.62  -1.406
262.76  -1.401
262.90  -1.395
263.04  -1.390
263.19  -1.384
263.33  -1.379
263.47  -1.374
263.62  -1.368
263.76  -1.363
263.91  -1.358
264.05  -1.353
264.19  -1.347
264.34  -1.342
264.48  -1.337
264.63  -1.332
264.76  -1.327
264.91  -1.322
265.05  -1.317
265.19  -1.312
265.34  -1.307
265.48  -1.302
265.62  -1.297
265.77  -1.292
265.91  -1.287
266.06  -1.282
266.20  -1.277
266.34  -1.271
266.48  -1.266
266.63  -1.261
266.77  -1.256
266.91  -1.251
267.06  -1.246
267.20  -1.241
267.34  -1.236
267.49  -1.231
267.63  -1.226
267.77  -1.221
267.92  -1.215
268.06  -1.210
268.20  -1.205
268.35  -1.200
268.49  -1.194
268.63  -1.189
268.77  -1.183
268.92  -1.177
269.06  -1.171
269.21  -1.165
269.35  -1.159
269.49  -1.153
269.64  -1.147
269.78  -1.141
269.92  -1.135
270.06  -1.129
270.21  -1.124
270.35  -1.118
270.49  -1.113
270.64  -1.107
270.78  -1.102
270.93  -1.097
271.07  -1.092
271.21  -1.087
271.36  -1.083
271.50  -1.078
271.64  -1.073
271.78  -1.069
271.93  -1.064
272.07  -1.059
272.21  -1.054
272.36  -1.050
272.50  -1.045
272.65  -1.040
272.79  -1.035
272.94  -1.029
273.08  -1.024
273.22  -1.019
273.36  -1.014
273.50  -1.008
273.65  -1.003
273.79  -0.997
273.94  -0.992
274.08  -0.986
274.23  -0.981
274.37  -0.975
274.51  -0.970
274.65  -0.965
274.79  -0.959
274.93  -0.954
275.08  -0.949
275.23  -0.943
275.37  -0.938
275.51  -0.933
275.66  -0.928
275.81  -0.922
275.95  -0.917
276.09  -0.912
276.23  -0.907
276.37  -0.901
276.51  -0.896
276.66  -0.891
276.80  -0.886
276.95  -0.881
277.09  -0.876
277.24  -0.871
277.38  -0.866
277.52  -0.861
277.66  -0.856
277.81  -0.851
277.95  -0.847
278.09  -0.842
278.24  -0.837
278.38  -0.833
278.53  -0.828
278.67  -0.823
278.82  -0.819
278.96  -0.814
279.10  -0.810
279.24  -0.805
279.38  -0.800
279.53  -0.795
279.67  -0.791
279.82  -0.786
279.96  -0.781
280.11  -0.776
280.25  -0.771
280.39  -0.766
280.54  -0.761
280.68  -0.755
280.82  -0.750
280.96  -0.745
281.11  -0.740
281.25  -0.734
281.40  -0.729
281.54  -0.724
281.69  -0.719
281.83  -0.713
281.97  -0.708
282.11  -0.703
282.26  -0.697
282.40  -0.692
282.55  -0.686
282.69  -0.681
282.84  -0.675
282.98  -0.669
283.13  -0.664
283.27  -0.658
283.41  -0.653
283.55  -0.647
283.70  -0.642
283.84  -0.636
283.99  -0.631
284.13  -0.625
284.28  -0.620
284.42  -0.614
284.56  -0.609
284.70  -0.604
284.85  -0.599
284.99  -0.595
285.14  -0.590
285.28  -0.585
285.43  -0.581
285.57  -0.576
285.72  -0.571
285.85  -0.566
286.00  -0.561
286.14  -0.556
286.29  -0.551
286.43  -0.546
286.57  -0.541
286.72  -0.536
286.85  -0.531
286.99  -0.525
287.13  -0.520
287.27  -0.514
287.41  -0.509
287.55  -0.503
287.69  -0.498
287.83  -0.492
287.97  -0.486
288.11  -0.481
288.25  -0.475
288.39  -0.470
288.53  -0.464
288.67  -0.459
288.81  -0.454
288.95  -0.448
289.09  -0.443
289.23  -0.438
289.37  -0.432
289.51  -0.427
289.65  -0.422
289.79  -0.417
289.93  -0.412
290.07  -0.407
290.21  -0.402
290.35  -0.397
290.49  -0.392
290.63  -0.386
290.77  -0.381
290.91  -0.376
291.05  -0.371
291.19  -0.366
291.33  -0.361
291.47  -0.355
291.61  -0.350
291.74  -0.345
291.88  -0.339
292.02  -0.334
292.17  -0.329
292.31  -0.323
292.45  -0.318
292.59  -0.313
292.72  -0.307
292.86  -0.302
293.00  -0.297
293.14  -0.292
293.28  -0.287
293.42  -0.282
293.56  -0.277
293.70  -0.272
293.84  -0.267
293.98  -0.262
294.12  -0.257
294.26  -0.252
294.40  -0.248
294.54  -0.243
294.68  -0.238
294.82  -0.233
294.95  -0.229
295.09  -0.224
295.23  -0.219
295.37  -0.215
295.52  -0.210
295.66  -0.205
295.80  -0.200
295.94  -0.195
296.07  -0.190
296.21  -0.185
296.35  -0.181
296.49  -0.176
296.63  -0.171
296.77  -0.166
296.91  -0.161
297.05  -0.155
297.19  -0.150
297.33  -0.145
297.47  -0.140
297.61  -0.135
297.75  -0.130
297.89  -0.125
298.03  -0.120
298.17  -0.115
298.31  -0.110
298.44  -0.105
298.58  -0.100
298.72  -0.095
298.86  -0.090
299.00  -0.085
299.15  -0.079
299.29  -0.074
299.43  -0.069
299.57  -0.064
299.70  -0.059
299.84  -0.054
299.98  -0.049
300.12  -0.044
300.26  -0.038
300.40  -0.033
300.54  -0.028
300.67  -0.023
300.81  -0.018
300.95  -0.013
301.09  -0.008
301.24  -0.003
301.38   0.002
301.52   0.007
301.66   0.012
301.80   0.017
301.93   0.022
302.07   0.027
302.21   0.032
302.35   0.037
302.50   0.042
302.64   0.047
302.77   0.053
302.91   0.058
303.05   0.063
303.19   0.068
303.33   0.073
303.47   0.078
303.61   0.084
303.75   0.089
303.89   0.094
304.02   0.099
304.16   0.104
304.30   0.110
304.44   0.115
304.59   0.121
304.72   0.126
304.87   0.132
305.01   0.138
305.15   0.144
305.28   0.150
305.42   0.156
305.56   0.162
305.70   0.169
305.84   0.175
305.98   0.181
306.12   0.187
306.25   0.193
306.39   0.199
306.53   0.205
306.67   0.210
306.81   0.216
306.95   0.222
307.10   0.228
307.24   0.233
307.38   0.239
307.51   0.244
307.65   0.249
307.79   0.255
307.93   0.260
308.07   0.265
308.21   0.270
308.35   0.276
308.49   0.281
308.62   0.286
308.76   0.291
308.90   0.297
309.04   0.302
309.18   0.307
309.32   0.312
309.47   0.317
309.60   0.322
309.74   0.327
309.88   0.332
310.02   0.337
310.16   0.343
310.30   0.348
310.44   0.353
310.58   0.358
310.72   0.363
310.86   0.368
311.00   0.373
311.14   0.378
311.28   0.383
311.42   0.389
311.56   0.394
311.70   0.399
311.83   0.404
311.97   0.410
312.11   0.415
312.25   0.420
312.39   0.426
312.53   0.431
312.67   0.437
312.81   0.442
312.94   0.448
313.09   0.453
313.23   0.459
313.37   0.464
313.51   0.470
313.65   0.476
313.79   0.481
313.93   0.487
314.07   0.493
314.20   0.499
314.34   0.505
314.48   0.511
314.63   0.518
314.76   0.524
314.91   0.530
315.05   0.536
315.19   0.542
315.32   0.548
315.46   0.554
315.60   0.559
315.74   0.565
315.88   0.571
316.02   0.576
316.16   0.581
316.30   0.587
316.43   0.592
316.57   0.597
316.72   0.602
316.86   0.607
317.00   0.612
317.14   0.617
317.28   0.622
317.41   0.627
317.55   0.632
317.70   0.637
317.84   0.643
317.98   0.648
318.12   0.654
318.26   0.660
318.40   0.667
318.53   0.673
318.67   0.680
318.82   0.687
318.95   0.694
319.10   0.700
319.24   0.707
319.38   0.713
319.52   0.720
319.66   0.726
319.79   0.732
319.92   0.738
320.06   0.744
320.20   0.750
320.34   0.755
320.47   0.760
320.61   0.765
320.75   0.770
320.88   0.775
321.01   0.779
321.15   0.784
321.29   0.788
321.42   0.793
321.56   0.797
321.70   0.802
321.83   0.807
321.96   0.812
322.10   0.817
322.23   0.822
322.37   0.827
322.51   0.832
322.64   0.838
322.78   0.843
322.92   0.849
323.06   0.855
323.18   0.861
323.32   0.867
323.46   0.873
323.59   0.879
323.73   0.885
323.86   0.891
324.00   0.897
324.14   0.903
324.27   0.909
324.40   0.915
324.54   0.921
324.68   0.927
324.81   0.933
324.95   0.939
325.09   0.945
325.22   0.951
325.35   0.957
325.49   0.963
325.62   0.969
325.76   0.975
325.90   0.981
326.03   0.987
326.17   0.993
326.30   0.999
326.43   1.005
326.57   1.011
326.71   1.017
326.84   1.023
326.98   1.028
327.12   1.034
327.25   1.040
327.39   1.045
327.52   1.051
327.65   1.056
327.79   1.062
327.93   1.067
328.06   1.073
328.20   1.078
328.34   1.084
328.47   1.089
328.60   1.095
328.74   1.100
328.87   1.106
329.01   1.112
329.15   1.118
329.28   1.124
329.42   1.130
329.56   1.136
329.69   1.142
329.82   1.148
330.09   1.160
330.23   1.166
330.37   1.172
330.50   1.178
330.64   1.184
330.77   1.190
330.91   1.196
331.04   1.201
331.18   1.207
331.31   1.213
331.45   1.218
331.59   1.224
331.73   1.229
331.85   1.235
331.99   1.240
332.12   1.245
332.26   1.251
332.40   1.256
332.53   1.261
332.67   1.267
332.81   1.272
332.94   1.278
333.07   1.283
333.21   1.289
333.35   1.294
333.48   1.300
333.62   1.306
333.75   1.313
333.89   1.319
334.02   1.325
334.15   1.331
334.29   1.337
334.43   1.344
334.57   1.350
334.70   1.356
334.84   1.362
334.97   1.368
335.11   1.374
335.24   1.380
335.37   1.385
335.51   1.391
335.65   1.397
335.79   1.402
335.92   1.407
336.06   1.413
336.19   1.418
336.32   1.423
336.46   1.428
336.59   1.433
336.73   1.439
336.87   1.444
337.00   1.449
337.14   1.454
337.28   1.460
337.41   1.465
337.55   1.471
337.68   1.476
337.81   1.482
337.95   1.488
338.09   1.494
338.23   1.500
338.36   1.506
338.49   1.513
338.63   1.519
338.76   1.525
338.90   1.531
339.04   1.537
339.18   1.543
339.31   1.549
339.44   1.555
339.58   1.560
339.71   1.566
339.85   1.572
339.99   1.577
340.12   1.582
340.26   1.588
340.40   1.593
340.53   1.598
340.66   1.603
340.80   1.608
340.94   1.613
341.07   1.618
341.21   1.623
341.35   1.629
341.48   1.634
341.62   1.639
341.75   1.645
341.88   1.650
342.02   1.656
342.16   1.661
342.29   1.667
342.43   1.673
342.57   1.679
342.70   1.685
342.83   1.690
342.97   1.696
343.10   1.702
343.24   1.708
343.38   1.714
343.52   1.720
343.65   1.726
343.79   1.732
343.92   1.738
344.05   1.744
344.19   1.750
344.33   1.755
344.46   1.761
344.60   1.767
344.73   1.773
344.87   1.779
345.01   1.785
345.14   1.791
345.28   1.797
345.41   1.803
345.55   1.809
345.68   1.815
345.82   1.821
345.96   1.827
346.09   1.833
346.23   1.839
346.36   1.844
346.50   1.850
346.63   1.856
346.77   1.862
346.91   1.868
347.05   1.874
347.18   1.880
347.31   1.886
347.45   1.891
347.58   1.897
347.72   1.903
347.86   1.909
348.00   1.915
348.13   1.921
348.26   1.927
348.40   1.933
348.54   1.939
348.67   1.945
348.81   1.951
348.95   1.957
349.08   1.963
349.22   1.969
349.36   1.975
349.49   1.981
349.62   1.987
349.76   1.993
349.90   1.999
350.03   2.005
350.17   2.011
350.31   2.017
350.44   2.023
350.57   2.029
350.71   2.035
350.85   2.041
350.98   2.047
351.12   2.053
351.26   2.059
351.39   2.065
351.53   2.070
351.66   2.076
351.80   2.082
351.93   2.088
352.06   2.093
352.19   2.099
352.32   2.105
352.46   2.110
352.59   2.116
352.72   2.122
352.85   2.127
352.98   2.133
353.12   2.138
353.25   2.143
353.38   2.149
353.52   2.154
353.65   2.159
353.78   2.165
353.90   2.170
354.04   2.175
354.17   2.180
354.31   2.185
354.44   2.191
354.57   2.196
354.70   2.201
354.83   2.206
354.96   2.212
355.09   2.218
355.23   2.223
355.36   2.229
355.49   2.235
355.62   2.241
355.76   2.247
355.89   2.253
356.02   2.258
356.15   2.264
356.28   2.270
356.41   2.276
356.55   2.282
356.68   2.287
356.81   2.293
356.94   2.298
357.07   2.304
357.21   2.309
357.33   2.314
357.47   2.319
357.60   2.324
357.73   2.329
357.86   2.334
357.99   2.339
358.12   2.344
358.26   2.349
358.39   2.354
358.52   2.359
358.65   2.364
358.78   2.370
358.91   2.375
359.05   2.380
359.18   2.386
359.31   2.391
359.45   2.397
359.58   2.403
359.70   2.409
359.84   2.416
359.97   2.422
360.10   2.428
360.23   2.434
360.36   2.440
360.49   2.446
360.63   2.452
360.76   2.458
360.89   2.464
361.02   2.469
361.16   2.475
361.29   2.481
361.42   2.486
361.55   2.492
361.68   2.497
361.81   2.503
361.94   2.508
362.08   2.513
362.21   2.518
362.34   2.524
362.47   2.529
362.61   2.534
362.73   2.540
362.86   2.545
362.99   2.550
363.13   2.556
363.26   2.561
363.39   2.567
363.52   2.572
363.66   2.578
363.79   2.583
363.91   2.589
364.05   2.595
364.18   2.600
364.31   2.606
364.45   2.612
364.58   2.617
364.71   2.623
364.84   2.628
364.97   2.634
365.10   2.639
365.23   2.645
365.36   2.651
365.50   2.656
365.63   2.662
365.76   2.667
365.89   2.673
366.02   2.678
366.15   2.684
366.29   2.689
366.42   2.695
366.55   2.700
366.68   2.705
366.81   2.711
366.94   2.716
367.08   2.722
367.21   2.727
367.34   2.733
367.47   2.738
367.60   2.744
367.74   2.750
367.86   2.755
368.00   2.761
368.13   2.767
368.26   2.772
368.39   2.778
368.53   2.784
368.66   2.790
368.79   2.795
368.92   2.801
369.05   2.807
369.18   2.812
369.31   2.818
369.45   2.824
369.58   2.830
369.71   2.835
369.84   2.841
369.97   2.846
370.10   2.852
370.23   2.858
370.37   2.863
370.49   2.869
370.63   2.874
370.76   2.880
370.89   2.885
371.02   2.891
371.16   2.896
371.28   2.902
371.42   2.908
371.55   2.913
371.68   2.919
371.81   2.924
371.94   2.930
372.08   2.935
372.21   2.941
372.34   2.946
372.47   2.952
372.60   2.957
372.73   2.963
372.87   2.968
373.00   2.973
373.13   2.979
373.26   2.984
373.39   2.990
373.52   2.996
373.66   3.001
373.79   3.007
373.92   3.013
374.05   3.019
374.18   3.025
374.31   3.031
374.44   3.038
374.58   3.044
374.71   3.050
374.84   3.057
374.97   3.063
375.11   3.069
375.24   3.075
375.36   3.082
375.50   3.088
375.63   3.094
375.76   3.100
375.89   3.106
376.03   3.112
376.16   3.118
376.29   3.124
376.42   3.130
376.55   3.135
376.68   3.141
376.82   3.147
376.95   3.152
377.08   3.158
377.21   3.163
377.35   3.169
377.47   3.174
377.60   3.180
377.73   3.185
377.87   3.191
378.00   3.196
378.13   3.201
378.27   3.207
378.40   3.212
378.53   3.217
378.66   3.223
378.79   3.228
378.92   3.233
379.06   3.239
379.19   3.244
379.32   3.249
379.45   3.254
379.58   3.260
379.71   3.265
379.85   3.270
379.98   3.276
380.11   3.281
380.24   3.287
380.37   3.293
380.50   3.299
380.64   3.305
380.77   3.311
380.90   3.318
381.03   3.324
381.17   3.330
381.30   3.336
381.43   3.343
381.56   3.349
381.69   3.355
381.82   3.361
381.96   3.367
382.09   3.373
382.22   3.379
382.36   3.385
382.48   3.391
382.61   3.396
382.75   3.402
382.88   3.407
383.01   3.413
383.14   3.418
383.27   3.424
383.40   3.429
383.52   3.434
383.65   3.440
383.78   3.445
383.91   3.451
384.04   3.456
384.17   3.462
384.30   3.467
384.43   3.473
384.55   3.478
384.67   3.484
384.80   3.490
384.93   3.496
385.06   3.502
385.19   3.507
385.32   3.513
385.44   3.519
385.57   3.525
385.70   3.530
385.83   3.536
385.96   3.541
386.09   3.547
386.22   3.553
386.34   3.558
386.47   3.564
386.60   3.570
386.72   3.576
386.85   3.582
386.98   3.589
387.11   3.595
387.24   3.601
387.36   3.607
387.49   3.613
387.62   3.619
387.75   3.625
387.87   3.631
388.00   3.637
388.13   3.643
388.26   3.649
388.38   3.655
388.51   3.660
388.64   3.665
388.77   3.671
388.90   3.676
389.03   3.681
389.15   3.686
389.28   3.691
389.40   3.695
389.53   3.700
389.66   3.706
389.79   3.711
389.92   3.716
390.04   3.721
390.17   3.726
390.30   3.732
390.42   3.737
390.55   3.742
390.68   3.748
390.81   3.753
390.94   3.758
391.06   3.763
391.19   3.769
391.32   3.774
391.45   3.780
391.58   3.785
391.71   3.791
391.83   3.796
391.96   3.801
392.08   3.807
392.21   3.812
392.34   3.818
392.47   3.824
392.60   3.829
392.73   3.835
392.86   3.841
392.99   3.846
393.11   3.852
393.23   3.858
393.36   3.864
393.49   3.870
393.62   3.876
393.75   3.882
393.88   3.888
394.01   3.893
394.14   3.899
394.26   3.905
394.38   3.911
394.51   3.917
394.64   3.923
394.77   3.928
394.90   3.934
395.03   3.939
395.15   3.945
395.27   3.950
395.40   3.956
395.53   3.961
395.66   3.967
395.79   3.972
395.92   3.978
396.05   3.983
396.17   3.989
396.30   3.994
396.43   4.000
396.56   4.005
396.68   4.011
396.81   4.016
396.94   4.021
397.06   4.027
397.19   4.032
397.32   4.037
397.45   4.042
397.58   4.047
397.71   4.053
397.83   4.058
397.96   4.063
398.09   4.069
398.21   4.074
398.34   4.079
398.47   4.084
398.60   4.089
398.72   4.094
398.85   4.099
398.98   4.104
399.11   4.108
399.23   4.113
399.36   4.117
399.49   4.122
399.62   4.127
399.75   4.131
399.87   4.136
400.00   4.141
400.13   4.146
400.26   4.151
400.39   4.156
400.52   4.161
400.64   4.166
400.77   4.172
400.90   4.177
401.03   4.183
401.15   4.189
401.28   4.195
401.41   4.201
401.54   4.207
401.66   4.213
401.79   4.218
401.92   4.224
402.05   4.230
402.17   4.236
402.30   4.241
402.43   4.247
402.56   4.253
402.69   4.258
402.82   4.264
402.95   4.270
403.07   4.275
403.19   4.281
403.32   4.286
403.45   4.292
403.58   4.297
403.71   4.302
403.84   4.308
403.97   4.313
404.09   4.318
404.22   4.324
404.35   4.329
404.48   4.334
404.60   4.339
404.73   4.344
404.86   4.349
404.98   4.354
405.11   4.359
405.24   4.363
405.37   4.368
405.49   4.372
405.62   4.376
405.75   4.381
405.88   4.385
406.01   4.390
406.14   4.394
406.27   4.399
406.39   4.403
406.52   4.408
406.65   4.412
406.78   4.417
406.91   4.422
407.03   4.428
407.16   4.434
407.28   4.440
407.41   4.446
407.54   4.453
407.67   4.459
407.80   4.465
407.93   4.472
408.06   4.478
408.18   4.484
408.31   4.490
408.44   4.496
408.57   4.503
408.69   4.509
408.82   4.515
408.95   4.521
409.07   4.526
409.20   4.532
409.33   4.537
409.46   4.543
409.59   4.548
409.72   4.554
409.84   4.559
409.97   4.564
410.10   4.569
410.23   4.575
410.35   4.580
410.48   4.585
410.61   4.590
410.74   4.595
410.87   4.600
411.00   4.605
411.13   4.610
411.25   4.615
411.38   4.620
411.51   4.624
411.64   4.629
411.77   4.634
411.89   4.639
412.01   4.644
412.14   4.649
412.28   4.653
412.41   4.658
412.53   4.663
412.66   4.668
412.78   4.672
412.91   4.677
413.04   4.682
413.17   4.687
413.30   4.692
413.42   4.698
413.55   4.703
413.67   4.708
413.79   4.713
413.92   4.719
414.05   4.724
414.17   4.729
414.29   4.734
414.42   4.740
414.54   4.745
414.66   4.750
414.79   4.755
414.92   4.761
415.04   4.766
415.16   4.771
415.28   4.776
415.41   4.781
415.53   4.787
415.66   4.792
415.78   4.797
415.90   4.802
416.03   4.807
416.16   4.813
416.27   4.818
416.40   4.823
416.52   4.829
416.65   4.834
416.77   4.839
416.90   4.845
417.02   4.850
417.14   4.856
417.27   4.861
417.39   4.867
417.51   4.872
417.64   4.878
417.76   4.883
417.89   4.889
418.01   4.894
418.14   4.900
418.26   4.905
418.38   4.911
418.51   4.916
418.63   4.921
418.76   4.927
418.88   4.932
419.01   4.938
419.12   4.943
419.25   4.949
419.37   4.954
419.50   4.960
419.62   4.965
419.75   4.971
419.87   4.976
420.00   4.982
420.12   4.987
420.24   4.993
420.37   4.998
420.49   5.004
420.62   5.009
420.74   5.014
420.86   5.019
420.99   5.024
421.11   5.029
421.23   5.033
421.36   5.037
421.48   5.041
421.60   5.046
421.73   5.050
421.86   5.054
421.98   5.058
422.10   5.062
422.22   5.067
422.35   5.071
422.47   5.075
422.60   5.080
422.72   5.084
422.85   5.089
422.97   5.094
423.09   5.099
423.21   5.105
423.34   5.111
423.46   5.117
423.59   5.123
423.71   5.128
423.84   5.134
423.96   5.140
424.09   5.146
424.21   5.152
424.33   5.157
424.45   5.163
424.58   5.168
424.70   5.173
424.83   5.179
424.95   5.184
425.07   5.189
425.20   5.194
425.32   5.198
425.45   5.203
425.57   5.207
425.70   5.212
425.82   5.216
425.94   5.221
426.06   5.226
426.19   5.230
426.32   5.235
426.43   5.240
426.56   5.245
426.68   5.249
426.81   5.254
426.94   5.259
427.06   5.264
427.18   5.268
427.30   5.273
427.43   5.278
427.55   5.283
427.68   5.287
427.80   5.292
427.92   5.297
428.05   5.302
428.17   5.306
428.29   5.311
428.42   5.316
428.54   5.321
428.66   5.326
428.79   5.331
428.91   5.335
429.04   5.340
429.16   5.346
429.29   5.351
429.41   5.356
429.53   5.361
429.66   5.366
429.78   5.371
429.90   5.376
430.03   5.381
430.15   5.387
430.28   5.392
430.40   5.397
430.52   5.402
430.64   5.407
430.77   5.412
430.90   5.417
431.02   5.422
431.14   5.427
431.27   5.432
431.39   5.437
431.51   5.442
431.64   5.447
431.76   5.451
