  
  DOI/GTN-P Deep Borehole Array, Arctic Alaska 
             U.S. Geological Survey 
            Processed Temperature Log 
                    28-Aug-2013 
________________________________________________ 
  
Temperature Log Information: 
  Well name:   Tulageak Test Well #1 
  File name:   TUL_03AUG23_c_d 
  Log date:    23-AUG-2003 
  
Contact Information: 
  Gary Clow 
  U.S. Geological Survey 
  clow@usgs.gov 
  
Definitions: 
  Depth:        Depth below local ground surface (m) 
  Temperature:  ITS-90 temperature (°C) 
________________________________________________ 
             
 Depth  Temperature 
  3.87  -6.028
  3.93  -6.032
  4.04  -6.037
  4.13  -6.047
  4.23  -6.063
  4.32  -6.083
  4.41  -6.103
  4.50  -6.123
  4.59  -6.142
  4.67  -6.159
  4.75  -6.175
  4.82  -6.192
  4.89  -6.209
  4.97  -6.226
  5.04  -6.242
  5.11  -6.257
  5.19  -6.271
  5.26  -6.285
  5.33  -6.298
  5.40  -6.310
  5.46  -6.322
  5.53  -6.333
  5.60  -6.344
  5.66  -6.355
  5.72  -6.365
  5.79  -6.374
  5.85  -6.384
  5.92  -6.393
  5.98  -6.403
  6.04  -6.413
  6.11  -6.422
  6.17  -6.432
  6.22  -6.441
  6.29  -6.449
  6.35  -6.458
  6.41  -6.466
  6.48  -6.473
  6.55  -6.479
  6.61  -6.485
  6.68  -6.491
  6.74  -6.497
  6.80  -6.502
  6.86  -6.507
  6.92  -6.512
  6.99  -6.517
  7.05  -6.521
  7.11  -6.526
  7.18  -6.530
  7.24  -6.534
  7.31  -6.538
  7.37  -6.541
  7.43  -6.545
  7.49  -6.548
  7.55  -6.552
  7.62  -6.555
  7.68  -6.558
  7.74  -6.561
  7.81  -6.563
  7.87  -6.566
  7.94  -6.569
  8.00  -6.571
  8.07  -6.573
  8.13  -6.576
  8.19  -6.578
  8.26  -6.580
  8.32  -6.582
  8.38  -6.583
  8.44  -6.585
  8.51  -6.587
  8.57  -6.588
  8.63  -6.590
  8.70  -6.591
  8.76  -6.593
  8.82  -6.594
  8.89  -6.596
  8.95  -6.597
  9.01  -6.598
  9.07  -6.600
  9.14  -6.601
  9.20  -6.602
  9.27  -6.603
  9.34  -6.605
  9.40  -6.606
  9.46  -6.607
  9.52  -6.609
  9.58  -6.610
  9.64  -6.611
  9.71  -6.613
  9.77  -6.614
  9.84  -6.616
  9.90  -6.617
  9.97  -6.619
 10.04  -6.621
 10.10  -6.622
 10.16  -6.624
 10.23  -6.625
 10.29  -6.627
 10.35  -6.629
 10.41  -6.631
 10.48  -6.633
 10.54  -6.634
 10.60  -6.636
 10.67  -6.638
 10.73  -6.640
 10.80  -6.642
 10.86  -6.644
 10.92  -6.646
 10.98  -6.649
 11.04  -6.651
 11.10  -6.653
 11.17  -6.655
 11.23  -6.658
 11.30  -6.660
 11.36  -6.662
 11.43  -6.665
 11.49  -6.667
 11.55  -6.670
 11.61  -6.672
 11.67  -6.675
 11.73  -6.678
 11.80  -6.680
 11.86  -6.683
 11.93  -6.686
 11.99  -6.689
 12.05  -6.692
 12.12  -6.695
 12.18  -6.698
 12.24  -6.701
 12.30  -6.704
 12.36  -6.707
 12.42  -6.710
 12.49  -6.714
 12.55  -6.717
 12.61  -6.720
 12.68  -6.724
 12.74  -6.728
 12.81  -6.731
 12.87  -6.735
 12.93  -6.739
 12.99  -6.743
 13.05  -6.746
 13.12  -6.750
 13.18  -6.755
 13.24  -6.759
 13.31  -6.763
 13.37  -6.767
 13.43  -6.771
 13.50  -6.776
 13.56  -6.780
 13.62  -6.785
 13.69  -6.789
 13.75  -6.794
 13.81  -6.798
 13.88  -6.803
 13.94  -6.808
 14.01  -6.813
 14.07  -6.818
 14.14  -6.823
 14.20  -6.828
 14.26  -6.833
 14.33  -6.838
 14.39  -6.844
 14.45  -6.849
 14.51  -6.854
 14.57  -6.860
 14.64  -6.865
 14.70  -6.871
 14.76  -6.877
 14.83  -6.883
 14.89  -6.888
 14.96  -6.894
 15.02  -6.900
 15.08  -6.906
 15.14  -6.912
 15.20  -6.919
 15.26  -6.925
 15.33  -6.931
 15.40  -6.938
 15.46  -6.944
 15.52  -6.950
 15.58  -6.957
 15.64  -6.964
 15.70  -6.970
 15.77  -6.977
 15.83  -6.984
 15.89  -6.991
 15.96  -6.998
 16.02  -7.005
 16.09  -7.012
 16.15  -7.019
 16.21  -7.026
 16.27  -7.034
 16.34  -7.041
 16.40  -7.048
 16.46  -7.056
 16.52  -7.063
 16.59  -7.071
 16.65  -7.078
 16.72  -7.086
 16.78  -7.094
 16.84  -7.101
 16.90  -7.109
 16.97  -7.117
 17.03  -7.125
 17.09  -7.132
 17.15  -7.140
 17.21  -7.148
 17.28  -7.156
 17.35  -7.164
 17.41  -7.172
 17.47  -7.180
 17.54  -7.188
 17.60  -7.196
 17.66  -7.204
 17.73  -7.212
 17.79  -7.220
 17.85  -7.228
 17.91  -7.236
 17.97  -7.244
 18.04  -7.252
 18.10  -7.260
 18.17  -7.268
 18.23  -7.276
 18.30  -7.284
 18.36  -7.293
 18.42  -7.301
 18.48  -7.309
 18.54  -7.317
 18.60  -7.326
 18.66  -7.334
 18.73  -7.343
 18.80  -7.352
 18.86  -7.360
 18.92  -7.369
 18.98  -7.378
 19.05  -7.387
 19.10  -7.395
 19.17  -7.404
 19.23  -7.413
 19.30  -7.422
 19.36  -7.430
 19.42  -7.439
 19.49  -7.448
 19.55  -7.457
 19.61  -7.467
 19.67  -7.476
 19.74  -7.486
 19.80  -7.496
 19.86  -7.506
 19.92  -7.516
 19.99  -7.526
 20.05  -7.535
 20.11  -7.544
 20.18  -7.553
 20.26  -7.562
 20.35  -7.570
 20.44  -7.579
 20.51  -7.588
 20.60  -7.597
 20.68  -7.607
 20.78  -7.618
 20.86  -7.629
 20.94  -7.641
 21.03  -7.653
 21.12  -7.665
 21.22  -7.677
 21.32  -7.689
 21.41  -7.701
 21.51  -7.714
 21.61  -7.726
 21.70  -7.738
 21.80  -7.750
 21.91  -7.762
 22.00  -7.775
 22.11  -7.787
 22.21  -7.800
 22.31  -7.812
 22.41  -7.825
 22.51  -7.838
 22.61  -7.851
 22.72  -7.864
 22.82  -7.877
 22.92  -7.889
 23.02  -7.902
 23.13  -7.915
 23.23  -7.928
 23.33  -7.941
 23.44  -7.954
 23.54  -7.966
 23.65  -7.978
 23.75  -7.990
 23.85  -8.002
 23.95  -8.013
 24.06  -8.023
 24.16  -8.033
 24.26  -8.043
 24.37  -8.052
 24.47  -8.062
 24.57  -8.071
 24.67  -8.080
 24.78  -8.090
 24.88  -8.099
 24.99  -8.109
 25.09  -8.119
 25.19  -8.128
 25.29  -8.138
 25.40  -8.147
 25.50  -8.157
 25.60  -8.167
 25.71  -8.177
 25.81  -8.187
 25.91  -8.197
 26.01  -8.206
 26.12  -8.216
 26.22  -8.227
 26.32  -8.237
 26.43  -8.247
 26.53  -8.257
 26.63  -8.266
 26.74  -8.276
 26.84  -8.286
 26.95  -8.296
 27.05  -8.305
 27.15  -8.315
 27.25  -8.324
 27.36  -8.333
 27.46  -8.342
 27.56  -8.350
 27.67  -8.359
 27.77  -8.368
 27.87  -8.376
 27.97  -8.385
 28.08  -8.393
 28.18  -8.401
 28.29  -8.410
 28.39  -8.418
 28.49  -8.426
 28.59  -8.435
 28.70  -8.443
 28.80  -8.452
 28.91  -8.460
 29.01  -8.469
 29.11  -8.478
 29.21  -8.486
 29.32  -8.495
 29.42  -8.504
 29.52  -8.513
 29.63  -8.521
 29.73  -8.529
 29.83  -8.537
 29.93  -8.545
 30.03  -8.552
 30.13  -8.560
 30.23  -8.567
 30.33  -8.575
 30.43  -8.582
 30.53  -8.591
 30.63  -8.599
 30.73  -8.608
 30.84  -8.616
 30.93  -8.625
 31.04  -8.633
 31.14  -8.640
 31.23  -8.647
 31.34  -8.653
 31.44  -8.658
 31.54  -8.662
 31.64  -8.667
 31.74  -8.671
 31.84  -8.675
 31.94  -8.678
 32.04  -8.682
 32.14  -8.687
 32.24  -8.692
 32.34  -8.696
 32.44  -8.701
 32.54  -8.706
 32.64  -8.711
 32.74  -8.715
 32.84  -8.720
 32.94  -8.724
 33.04  -8.727
 33.14  -8.731
 33.24  -8.735
 33.34  -8.739
 33.44  -8.743
 33.54  -8.747
 33.64  -8.752
 33.74  -8.756
 33.84  -8.762
 33.94  -8.767
 34.04  -8.773
 34.15  -8.779
 34.24  -8.784
 34.35  -8.790
 34.45  -8.796
 34.54  -8.802
 34.64  -8.808
 34.74  -8.814
 34.84  -8.820
 34.94  -8.826
 35.04  -8.832
 35.14  -8.838
 35.24  -8.844
 35.34  -8.850
 35.44  -8.856
 35.54  -8.861
 35.64  -8.867
 35.74  -8.873
 35.84  -8.878
 35.94  -8.884
 36.04  -8.889
 36.14  -8.895
 36.24  -8.900
 36.34  -8.906
 36.44  -8.911
 36.53  -8.917
 36.63  -8.922
 36.74  -8.927
 36.84  -8.932
 36.94  -8.937
 37.04  -8.941
 37.14  -8.946
 37.24  -8.950
 37.34  -8.955
 37.44  -8.959
 37.54  -8.963
 37.64  -8.967
 37.74  -8.971
 37.84  -8.975
 37.94  -8.979
 38.04  -8.983
 38.14  -8.987
 38.25  -8.991
 38.34  -8.995
 38.44  -8.998
 38.54  -9.002
 38.65  -9.006
 38.75  -9.010
 38.85  -9.014
 38.94  -9.018
 39.05  -9.022
 39.15  -9.026
 39.24  -9.030
 39.35  -9.034
 39.45  -9.037
 39.54  -9.041
 39.65  -9.044
 39.75  -9.048
 39.84  -9.051
 39.94  -9.054
 40.05  -9.057
 40.15  -9.060
 40.25  -9.063
 40.35  -9.065
 40.45  -9.068
 40.55  -9.070
 40.65  -9.072
 40.75  -9.074
 40.85  -9.076
 40.95  -9.078
 41.04  -9.080
 41.14  -9.082
 41.24  -9.084
 41.34  -9.086
 41.45  -9.088
 41.55  -9.089
 41.65  -9.091
 41.75  -9.093
 41.85  -9.095
 41.95  -9.098
 42.05  -9.100
 42.15  -9.102
 42.25  -9.104
 42.35  -9.106
 42.45  -9.108
 42.55  -9.110
 42.65  -9.112
 42.75  -9.114
 42.85  -9.116
 42.95  -9.118
 43.05  -9.120
 43.15  -9.121
 43.25  -9.123
 43.36  -9.125
 43.46  -9.126
 43.56  -9.127
 43.65  -9.129
 43.75  -9.130
 43.85  -9.131
 43.96  -9.132
 44.06  -9.134
 44.16  -9.135
 44.25  -9.136
 44.35  -9.137
 44.45  -9.138
 44.55  -9.139
 44.65  -9.140
 44.76  -9.141
 44.86  -9.142
 44.96  -9.143
 45.06  -9.144
 45.15  -9.145
 45.25  -9.146
 45.36  -9.147
 45.46  -9.148
 45.56  -9.149
 45.66  -9.150
 45.75  -9.151
 45.85  -9.152
 45.96  -9.153
 46.06  -9.154
 46.16  -9.154
 46.26  -9.155
 46.46  -9.156
 46.56  -9.157
 46.66  -9.157
 46.77  -9.157
 46.87  -9.158
 46.96  -9.158
 47.06  -9.158
 47.17  -9.158
 47.27  -9.159
 47.37  -9.159
 47.47  -9.159
 47.57  -9.159
 47.67  -9.159
 47.77  -9.159
 47.87  -9.159
 47.97  -9.159
 48.07  -9.159
 48.17  -9.159
 48.27  -9.159
 48.37  -9.159
 48.47  -9.159
 48.57  -9.159
 48.67  -9.159
 48.77  -9.159
 48.87  -9.159
 48.97  -9.159
 49.07  -9.159
 49.17  -9.159
 49.27  -9.159
 49.38  -9.159
 49.48  -9.159
 49.57  -9.159
 49.68  -9.159
 49.78  -9.159
 49.88  -9.159
 49.98  -9.159
 50.08  -9.159
 50.18  -9.159
 50.28  -9.159
 50.38  -9.159
 50.48  -9.159
 50.58  -9.159
 50.68  -9.159
 50.78  -9.159
 50.88  -9.159
 50.98  -9.159
 51.08  -9.159
 51.18  -9.159
 51.28  -9.158
 51.38  -9.158
 51.48  -9.158
 51.58  -9.158
 51.68  -9.158
 51.78  -9.158
 51.88  -9.157
 51.98  -9.157
 52.08  -9.157
 52.18  -9.157
 52.28  -9.156
 52.38  -9.156
 52.48  -9.156
 52.58  -9.155
 52.68  -9.155
 52.78  -9.155
 52.88  -9.154
 52.98  -9.154
 53.08  -9.154
 53.18  -9.153
 53.28  -9.153
 53.38  -9.152
 53.48  -9.152
 53.58  -9.152
 53.68  -9.151
 53.78  -9.151
 53.88  -9.150
 53.98  -9.150
 54.08  -9.149
 54.18  -9.149
 54.28  -9.148
 54.38  -9.147
 54.48  -9.147
 54.58  -9.146
 54.68  -9.145
 54.78  -9.145
 54.88  -9.144
 54.98  -9.143
 55.08  -9.142
 55.18  -9.142
 55.28  -9.141
 55.38  -9.140
 55.48  -9.139
 55.58  -9.138
 55.68  -9.137
 55.78  -9.137
 55.89  -9.136
 55.98  -9.135
 56.08  -9.134
 56.18  -9.133
 56.28  -9.132
 56.38  -9.131
 56.48  -9.131
 56.58  -9.130
 56.68  -9.129
 56.78  -9.128
 56.88  -9.127
 56.98  -9.126
 57.08  -9.125
 57.19  -9.124
 57.29  -9.123
 57.38  -9.122
 57.48  -9.121
 57.58  -9.120
 57.69  -9.119
 57.79  -9.118
 57.89  -9.117
 57.99  -9.116
 58.09  -9.115
 58.19  -9.114
 58.28  -9.113
 58.39  -9.111
 58.49  -9.110
 58.59  -9.109
 58.69  -9.108
 58.79  -9.106
 58.89  -9.105
 58.99  -9.104
 59.09  -9.103
 59.19  -9.101
 59.29  -9.100
 59.39  -9.099
 59.49  -9.098
 59.59  -9.097
 59.69  -9.095
 59.79  -9.094
 59.89  -9.093
 59.99  -9.092
 60.09  -9.091
 60.19  -9.089
 60.29  -9.088
 60.39  -9.087
 60.49  -9.086
 60.60  -9.084
 60.69  -9.083
 60.79  -9.082
 60.89  -9.081
 60.99  -9.080
 61.09  -9.079
 61.20  -9.077
 61.29  -9.076
 61.39  -9.075
 61.49  -9.074
 61.59  -9.073
 61.69  -9.072
 61.80  -9.070
 61.90  -9.069
 61.99  -9.068
 62.09  -9.067
 62.19  -9.065
 62.30  -9.064
 62.40  -9.063
 62.50  -9.061
 62.60  -9.060
 62.70  -9.058
 62.79  -9.057
 62.90  -9.055
 63.00  -9.054
 63.10  -9.052
 63.20  -9.050
 63.30  -9.049
 63.39  -9.047
 63.50  -9.045
 63.60  -9.043
 63.70  -9.042
 63.80  -9.040
 63.90  -9.038
 64.00  -9.036
 64.10  -9.034
 64.20  -9.032
 64.30  -9.030
 64.40  -9.028
 64.50  -9.026
 64.60  -9.024
 64.70  -9.022
 64.80  -9.020
 64.90  -9.018
 65.00  -9.016
 65.10  -9.013
 65.20  -9.011
 65.30  -9.009
 65.40  -9.007
 65.50  -9.005
 65.60  -9.003
 65.70  -9.001
 65.80  -8.999
 65.90  -8.998
 66.00  -8.996
 66.10  -8.994
 66.20  -8.993
 66.30  -8.991
 66.40  -8.990
 66.50  -8.988
 66.60  -8.986
 66.69  -8.985
 66.79  -8.983
 66.89  -8.982
 66.99  -8.980
 67.08  -8.978
 67.18  -8.977
 67.28  -8.975
 67.37  -8.973
 67.47  -8.971
 67.57  -8.969
 67.67  -8.967
 67.77  -8.965
 67.86  -8.963
 67.96  -8.961
 68.06  -8.959
 68.16  -8.957
 68.25  -8.955
 68.35  -8.953
 68.45  -8.951
 68.54  -8.948
 68.64  -8.946
 68.74  -8.944
 68.84  -8.942
 68.94  -8.940
 69.04  -8.938
 69.13  -8.936
 69.23  -8.934
 69.33  -8.931
 69.42  -8.929
 69.52  -8.927
 69.62  -8.925
 69.72  -8.923
 69.82  -8.921
 69.91  -8.918
 70.01  -8.916
 70.11  -8.914
 70.21  -8.911
 70.31  -8.909
 70.41  -8.906
 70.50  -8.903
 70.60  -8.900
 70.70  -8.897
 70.80  -8.894
 70.90  -8.891
 70.99  -8.888
 71.09  -8.885
 71.19  -8.882
 71.28  -8.879
 71.38  -8.875
 71.48  -8.872
 71.58  -8.869
 71.68  -8.866
 71.78  -8.863
 71.87  -8.859
 71.97  -8.856
 72.37  -8.843
 72.46  -8.840
 72.56  -8.837
 72.66  -8.833
 72.76  -8.830
 72.86  -8.827
 72.96  -8.824
 73.05  -8.821
 73.15  -8.818
 73.25  -8.815
 73.35  -8.812
 73.45  -8.809
 73.55  -8.807
 73.64  -8.804
 73.74  -8.802
 73.84  -8.801
 73.94  -8.799
 74.04  -8.797
 74.13  -8.795
 74.23  -8.794
 74.33  -8.792
 74.43  -8.790
 74.53  -8.789
 74.63  -8.787
 74.72  -8.786
 74.82  -8.784
 74.92  -8.782
 75.02  -8.781
 75.12  -8.779
 75.22  -8.776
 75.32  -8.774
 75.41  -8.772
 75.51  -8.769
 75.61  -8.766
 75.71  -8.764
 75.81  -8.761
 75.91  -8.758
 76.01  -8.755
 76.10  -8.752
 76.20  -8.750
 76.30  -8.747
 76.40  -8.744
 76.49  -8.741
 76.59  -8.738
 76.69  -8.735
 76.79  -8.733
 76.89  -8.730
 76.98  -8.727
 77.09  -8.725
 77.18  -8.722
 77.28  -8.720
 77.38  -8.717
 77.48  -8.714
 77.58  -8.712
 77.68  -8.709
 77.78  -8.706
 77.88  -8.704
 77.98  -8.701
 78.08  -8.698
 78.17  -8.695
 78.27  -8.692
 78.37  -8.689
 78.47  -8.686
 78.57  -8.683
 78.67  -8.680
 78.77  -8.677
 78.87  -8.674
 78.96  -8.670
 79.06  -8.667
 79.16  -8.664
 79.26  -8.661
 79.36  -8.658
 79.45  -8.655
 79.55  -8.651
 79.65  -8.648
 79.75  -8.645
 79.85  -8.642
 79.95  -8.639
 80.05  -8.637
 80.15  -8.634
 80.24  -8.631
 80.34  -8.629
 80.44  -8.626
 80.54  -8.623
 80.64  -8.621
 80.74  -8.618
 80.84  -8.616
 80.94  -8.613
 81.04  -8.610
 81.13  -8.608
 81.23  -8.605
 81.33  -8.603
 81.43  -8.600
 81.52  -8.597
 81.63  -8.595
 81.72  -8.592
 81.82  -8.589
 81.92  -8.586
 82.02  -8.584
 82.12  -8.581
 82.22  -8.578
 82.32  -8.575
 82.41  -8.572
 82.51  -8.570
 82.61  -8.567
 82.71  -8.564
 82.81  -8.561
 82.91  -8.558
 83.01  -8.556
 83.11  -8.553
 83.20  -8.550
 83.30  -8.547
 83.40  -8.544
 83.50  -8.541
 83.60  -8.538
 83.69  -8.535
 83.79  -8.532
 83.89  -8.529
 83.99  -8.526
 84.08  -8.523
 84.19  -8.521
 84.28  -8.518
 84.38  -8.515
 84.48  -8.512
 84.58  -8.509
 84.67  -8.506
 84.78  -8.504
 84.87  -8.501
 84.97  -8.498
 85.07  -8.496
 85.17  -8.493
 85.27  -8.491
 85.37  -8.488
 85.47  -8.485
 85.57  -8.483
 85.66  -8.480
 85.76  -8.478
 85.86  -8.475
 85.96  -8.473
 86.05  -8.470
 86.16  -8.468
 86.26  -8.465
 86.35  -8.462
 86.45  -8.460
 86.55  -8.457
 86.65  -8.455
 86.75  -8.452
 86.85  -8.449
 86.94  -8.447
 87.04  -8.444
 87.14  -8.442
 87.24  -8.439
 87.33  -8.437
 87.44  -8.434
 87.53  -8.431
 87.63  -8.429
 87.73  -8.426
 87.83  -8.424
 87.93  -8.421
 88.02  -8.419
 88.12  -8.416
 88.22  -8.414
 88.32  -8.411
 88.42  -8.409
 88.51  -8.406
 88.61  -8.403
 88.72  -8.401
 88.81  -8.398
 88.91  -8.396
 89.01  -8.393
 89.10  -8.391
 89.21  -8.388
 89.30  -8.385
 89.40  -8.383
 89.50  -8.380
 89.60  -8.378
 89.69  -8.375
 89.79  -8.373
 89.89  -8.370
 89.99  -8.367
 90.09  -8.365
 90.19  -8.362
 90.28  -8.360
 90.38  -8.357
 90.48  -8.354
 90.58  -8.352
 90.68  -8.349
 90.77  -8.346
 90.87  -8.343
 90.97  -8.340
 91.07  -8.337
 91.17  -8.334
 91.27  -8.331
 91.36  -8.328
 91.46  -8.325
 91.56  -8.322
 91.66  -8.319
 91.75  -8.315
 91.85  -8.312
 91.95  -8.309
 92.05  -8.306
 92.15  -8.303
 92.24  -8.300
 92.34  -8.297
 92.44  -8.294
 92.54  -8.291
 92.64  -8.288
 92.74  -8.285
 92.83  -8.283
 92.93  -8.280
 93.03  -8.278
 93.13  -8.275
 93.23  -8.272
 93.32  -8.270
 93.42  -8.267
 93.52  -8.265
 93.61  -8.262
 93.71  -8.259
 93.81  -8.257
 93.91  -8.254
 94.01  -8.251
 94.11  -8.248
 94.30  -8.242
 94.40  -8.239
 94.50  -8.235
 94.59  -8.232
 94.69  -8.229
 94.79  -8.225
 94.89  -8.222
 94.98  -8.219
 95.08  -8.215
 95.18  -8.212
 95.28  -8.209
 95.38  -8.206
 95.47  -8.202
 95.57  -8.199
 95.67  -8.196
 95.77  -8.194
 95.87  -8.191
 95.96  -8.188
 96.06  -8.186
 96.16  -8.183
 96.26  -8.181
 96.35  -8.178
 96.45  -8.176
 96.55  -8.173
 96.65  -8.170
 96.75  -8.168
 96.84  -8.165
 96.94  -8.162
 97.04  -8.159
 97.14  -8.157
 97.23  -8.153
 97.33  -8.150
 97.43  -8.147
 97.52  -8.143
 97.62  -8.140
 97.72  -8.136
 97.82  -8.132
 97.92  -8.129
 98.01  -8.125
 98.11  -8.121
 98.21  -8.118
 98.30  -8.114
 98.40  -8.111
 98.50  -8.107
103.52  -7.926
103.62  -7.922
103.71  -7.919
103.81  -7.915
103.90  -7.912
104.00  -7.908
104.09  -7.905
104.19  -7.901
104.28  -7.898
104.37  -7.894
104.47  -7.891
104.56  -7.888
104.66  -7.884
104.75  -7.881
104.85  -7.878
104.94  -7.874
105.03  -7.871
105.13  -7.868
105.22  -7.865
105.32  -7.861
105.41  -7.858
105.51  -7.855
105.60  -7.852
105.70  -7.849
105.79  -7.845
105.89  -7.842
105.98  -7.839
106.07  -7.836
106.17  -7.833
106.26  -7.829
106.36  -7.826
106.45  -7.823
106.55  -7.820
106.65  -7.817
106.74  -7.813
106.83  -7.810
106.93  -7.807
107.02  -7.803
107.11  -7.800
107.21  -7.797
107.30  -7.793
107.40  -7.790
107.49  -7.786
107.58  -7.783
107.68  -7.780
107.78  -7.776
107.87  -7.772
107.96  -7.769
108.06  -7.765
108.15  -7.761
108.25  -7.758
108.35  -7.754
108.44  -7.750
108.53  -7.746
108.63  -7.742
108.72  -7.738
108.82  -7.734
108.91  -7.731
109.01  -7.727
109.10  -7.723
109.20  -7.719
109.29  -7.715
109.39  -7.711
109.48  -7.707
109.58  -7.703
109.67  -7.699
109.77  -7.695
109.86  -7.691
109.95  -7.687
110.05  -7.683
110.14  -7.680
110.24  -7.676
110.33  -7.672
110.43  -7.668
110.52  -7.664
110.62  -7.660
110.71  -7.656
110.81  -7.652
110.90  -7.648
111.00  -7.644
111.09  -7.640
111.19  -7.635
111.28  -7.631
111.38  -7.627
111.47  -7.623
111.57  -7.619
111.67  -7.614
111.76  -7.610
111.85  -7.606
111.95  -7.602
112.05  -7.598
112.14  -7.593
112.24  -7.589
112.33  -7.586
112.42  -7.582
112.52  -7.578
112.61  -7.575
112.71  -7.572
112.80  -7.569
112.90  -7.565
113.00  -7.562
113.09  -7.559
113.18  -7.556
113.28  -7.553
113.37  -7.550
113.47  -7.547
113.56  -7.544
113.66  -7.541
113.75  -7.538
113.84  -7.534
113.94  -7.531
114.04  -7.527
114.13  -7.524
114.23  -7.520
114.32  -7.516
114.42  -7.512
114.51  -7.508
114.60  -7.504
114.70  -7.500
114.80  -7.496
114.89  -7.492
114.98  -7.487
115.08  -7.483
115.17  -7.479
115.27  -7.475
115.36  -7.471
115.46  -7.467
115.55  -7.463
115.65  -7.459
115.74  -7.454
115.84  -7.450
115.94  -7.446
116.03  -7.442
116.12  -7.438
116.22  -7.434
116.31  -7.430
116.41  -7.426
116.51  -7.422
116.60  -7.418
116.69  -7.414
116.79  -7.410
116.88  -7.406
116.97  -7.403
117.07  -7.399
117.17  -7.396
117.26  -7.393
117.36  -7.390
117.45  -7.387
117.55  -7.384
117.64  -7.381
117.74  -7.378
117.83  -7.375
117.93  -7.372
118.02  -7.369
118.11  -7.366
118.21  -7.363
118.31  -7.360
118.40  -7.357
118.49  -7.353
118.59  -7.350
118.68  -7.346
118.78  -7.343
118.87  -7.339
118.97  -7.335
119.06  -7.331
119.16  -7.327
119.25  -7.323
119.35  -7.320
119.44  -7.316
119.54  -7.312
119.63  -7.308
119.73  -7.304
119.82  -7.299
119.92  -7.295
120.01  -7.291
120.11  -7.287
120.20  -7.283
120.30  -7.279
120.39  -7.275
120.48  -7.271
120.58  -7.267
120.68  -7.263
120.77  -7.259
120.86  -7.254
120.96  -7.250
121.05  -7.246
121.15  -7.242
121.24  -7.238
121.34  -7.234
121.43  -7.230
121.53  -7.226
121.62  -7.221
121.72  -7.217
121.81  -7.213
121.90  -7.209
122.00  -7.205
122.10  -7.201
122.19  -7.197
122.29  -7.193
122.38  -7.189
122.47  -7.185
122.57  -7.181
122.66  -7.177
122.76  -7.173
122.85  -7.169
122.95  -7.166
123.04  -7.162
123.14  -7.159
123.23  -7.156
123.33  -7.153
123.43  -7.150
123.52  -7.147
123.61  -7.144
123.71  -7.141
123.80  -7.138
123.90  -7.135
123.99  -7.132
124.09  -7.129
124.18  -7.127
124.28  -7.124
124.37  -7.121
124.47  -7.118
124.56  -7.115
124.66  -7.112
124.75  -7.108
124.85  -7.105
124.94  -7.101
125.03  -7.098
125.13  -7.094
125.23  -7.091
125.32  -7.087
125.42  -7.084
125.51  -7.080
125.61  -7.076
125.70  -7.073
125.80  -7.069
125.89  -7.065
125.99  -7.061
126.08  -7.058
126.18  -7.054
126.27  -7.050
126.37  -7.046
126.46  -7.042
126.56  -7.038
126.65  -7.034
126.75  -7.030
126.84  -7.026
126.94  -7.022
127.03  -7.018
127.13  -7.014
127.22  -7.010
127.32  -7.005
127.41  -7.001
127.51  -6.997
127.60  -6.993
127.70  -6.989
127.79  -6.985
127.89  -6.981
127.98  -6.977
128.07  -6.973
128.17  -6.970
128.27  -6.966
128.36  -6.962
128.46  -6.958
128.55  -6.954
128.64  -6.950
128.74  -6.946
128.84  -6.942
128.93  -6.938
129.03  -6.934
129.12  -6.930
129.21  -6.927
129.31  -6.923
129.41  -6.919
129.50  -6.915
129.59  -6.911
129.69  -6.907
129.78  -6.903
129.88  -6.899
129.97  -6.895
130.07  -6.891
130.16  -6.887
130.26  -6.882
130.36  -6.878
130.45  -6.874
130.54  -6.870
130.64  -6.866
130.73  -6.862
130.83  -6.858
130.93  -6.854
131.02  -6.850
131.12  -6.845
131.21  -6.841
131.31  -6.837
131.40  -6.833
131.49  -6.828
131.59  -6.824
131.69  -6.820
131.78  -6.815
131.88  -6.811
131.97  -6.807
132.07  -6.802
132.16  -6.798
132.26  -6.793
132.35  -6.789
132.45  -6.784
132.54  -6.780
132.64  -6.775
132.73  -6.771
132.83  -6.766
132.92  -6.762
133.02  -6.757
133.11  -6.753
133.20  -6.748
133.30  -6.744
133.40  -6.739
133.49  -6.734
133.59  -6.730
133.68  -6.725
133.78  -6.720
133.87  -6.716
133.97  -6.711
134.06  -6.706
134.16  -6.701
134.25  -6.696
134.35  -6.691
134.44  -6.687
134.54  -6.682
134.63  -6.677
134.73  -6.672
134.82  -6.667
134.91  -6.663
135.01  -6.658
135.10  -6.654
135.20  -6.649
135.29  -6.645
135.39  -6.641
135.48  -6.638
135.58  -6.634
135.67  -6.630
135.76  -6.627
135.86  -6.623
135.95  -6.619
136.05  -6.616
136.14  -6.612
136.24  -6.609
136.33  -6.605
136.42  -6.601
136.52  -6.597
136.61  -6.594
136.71  -6.590
136.80  -6.585
136.90  -6.581
136.99  -6.576
137.08  -6.571
137.18  -6.567
137.27  -6.562
137.36  -6.557
137.45  -6.552
137.54  -6.547
137.64  -6.543
137.73  -6.538
137.82  -6.533
137.91  -6.528
138.00  -6.523
138.09  -6.518
138.18  -6.514
138.28  -6.509
138.37  -6.504
138.46  -6.500
138.55  -6.495
138.64  -6.491
138.73  -6.486
138.83  -6.482
138.92  -6.478
139.01  -6.473
139.10  -6.469
139.19  -6.465
139.28  -6.460
139.37  -6.456
139.47  -6.452
139.56  -6.448
139.65  -6.444
139.83  -6.436
139.92  -6.433
140.01  -6.429
140.10  -6.426
140.19  -6.422
140.29  -6.419
140.38  -6.415
140.47  -6.412
140.56  -6.408
140.65  -6.405
140.74  -6.401
140.83  -6.398
140.93  -6.395
141.01  -6.391
141.11  -6.387
141.20  -6.384
141.29  -6.380
141.39  -6.376
141.48  -6.372
141.57  -6.368
141.66  -6.364
141.75  -6.360
141.84  -6.356
141.93  -6.352
142.02  -6.348
142.11  -6.344
142.21  -6.340
142.30  -6.336
142.39  -6.332
142.48  -6.328
142.57  -6.324
142.66  -6.319
142.76  -6.315
142.85  -6.310
142.94  -6.306
143.03  -6.301
143.12  -6.297
143.21  -6.292
143.31  -6.288
143.40  -6.283
143.49  -6.279
143.58  -6.274
143.68  -6.269
143.77  -6.265
143.86  -6.261
143.95  -6.256
144.04  -6.252
144.13  -6.248
144.22  -6.244
144.32  -6.240
144.41  -6.236
144.50  -6.233
144.59  -6.229
144.68  -6.225
144.77  -6.222
144.87  -6.218
144.96  -6.214
145.05  -6.211
145.14  -6.207
145.23  -6.203
145.33  -6.200
145.42  -6.196
145.51  -6.192
145.61  -6.188
145.70  -6.184
145.79  -6.180
145.88  -6.176
145.97  -6.172
146.07  -6.168
146.16  -6.164
146.25  -6.160
146.34  -6.155
146.43  -6.151
146.52  -6.147
146.61  -6.143
146.71  -6.139
146.80  -6.135
146.89  -6.131
146.98  -6.127
147.07  -6.123
147.16  -6.119
147.26  -6.115
147.35  -6.111
147.44  -6.107
147.53  -6.103
147.62  -6.099
147.71  -6.096
147.80  -6.092
147.90  -6.088
147.99  -6.084
148.08  -6.080
148.17  -6.076
148.26  -6.072
148.36  -6.068
148.45  -6.064
148.54  -6.060
148.64  -6.056
148.72  -6.052
148.82  -6.048
148.91  -6.044
149.00  -6.040
149.09  -6.036
149.18  -6.032
149.28  -6.028
149.37  -6.024
149.46  -6.020
149.55  -6.016
149.65  -6.012
149.74  -6.007
149.83  -6.003
149.92  -5.999
150.01  -5.995
150.10  -5.990
150.20  -5.986
150.29  -5.982
150.38  -5.977
150.47  -5.973
150.56  -5.968
150.66  -5.964
150.75  -5.959
150.84  -5.955
150.93  -5.951
151.02  -5.946
151.11  -5.942
151.21  -5.937
151.30  -5.933
151.39  -5.929
151.49  -5.925
151.58  -5.921
151.67  -5.917
151.76  -5.913
151.85  -5.909
151.94  -5.905
152.04  -5.901
152.13  -5.897
152.22  -5.893
152.31  -5.889
152.40  -5.885
152.50  -5.881
152.59  -5.878
152.68  -5.874
152.77  -5.870
152.87  -5.866
152.96  -5.862
153.05  -5.859
153.14  -5.855
153.24  -5.851
153.33  -5.848
153.42  -5.844
153.51  -5.840
153.61  -5.836
153.70  -5.833
153.79  -5.829
153.89  -5.825
153.98  -5.822
154.07  -5.818
154.16  -5.814
154.25  -5.810
154.34  -5.806
154.44  -5.801
154.53  -5.797
154.62  -5.792
154.71  -5.787
154.81  -5.783
154.90  -5.778
154.99  -5.773
155.08  -5.768
155.18  -5.763
155.27  -5.758
155.36  -5.753
155.45  -5.749
155.54  -5.744
155.64  -5.739
155.73  -5.734
155.82  -5.730
155.92  -5.726
156.01  -5.722
156.10  -5.718
156.19  -5.714
156.28  -5.711
156.38  -5.707
156.47  -5.703
156.56  -5.700
156.66  -5.696
156.75  -5.693
156.84  -5.689
156.93  -5.686
157.02  -5.682
157.12  -5.678
157.21  -5.675
157.30  -5.671
157.40  -5.667
157.49  -5.663
157.58  -5.658
157.67  -5.654
157.77  -5.650
157.86  -5.646
157.95  -5.641
158.04  -5.637
158.14  -5.632
158.23  -5.628
158.32  -5.624
158.41  -5.619
158.50  -5.615
158.60  -5.611
158.69  -5.606
158.78  -5.602
158.88  -5.598
158.97  -5.594
159.06  -5.590
159.15  -5.585
159.24  -5.581
159.34  -5.577
159.43  -5.573
159.52  -5.569
159.62  -5.565
159.71  -5.561
159.80  -5.557
159.89  -5.553
159.99  -5.549
160.08  -5.544
160.17  -5.540
160.26  -5.536
160.35  -5.531
160.45  -5.527
160.54  -5.522
160.63  -5.517
160.72  -5.512
160.82  -5.508
160.91  -5.503
161.00  -5.498
161.09  -5.493
161.18  -5.488
161.28  -5.484
161.37  -5.479
161.46  -5.474
161.55  -5.469
161.64  -5.465
161.74  -5.461
161.83  -5.456
161.92  -5.452
162.01  -5.448
162.11  -5.445
162.20  -5.441
162.29  -5.437
162.38  -5.433
162.48  -5.430
162.57  -5.426
162.66  -5.422
162.75  -5.419
162.84  -5.415
162.94  -5.411
163.03  -5.407
163.12  -5.403
163.21  -5.399
163.31  -5.395
163.40  -5.391
163.49  -5.386
163.59  -5.382
163.68  -5.377
163.77  -5.373
163.86  -5.368
163.95  -5.363
164.05  -5.359
164.14  -5.354
164.23  -5.350
164.32  -5.345
164.41  -5.340
164.50  -5.336
164.60  -5.331
164.69  -5.326
164.78  -5.321
164.88  -5.317
164.97  -5.312
165.06  -5.307
165.15  -5.302
165.24  -5.298
165.33  -5.293
165.43  -5.288
165.52  -5.283
165.61  -5.279
165.70  -5.274
165.80  -5.269
165.89  -5.265
165.98  -5.260
166.07  -5.256
166.16  -5.252
166.25  -5.248
166.35  -5.244
166.44  -5.240
166.53  -5.237
166.62  -5.233
166.72  -5.229
166.81  -5.226
166.90  -5.222
166.99  -5.219
167.08  -5.215
167.17  -5.212
167.27  -5.208
167.36  -5.205
167.45  -5.201
167.54  -5.198
167.63  -5.194
167.72  -5.191
167.82  -5.187
167.91  -5.184
168.00  -5.180
168.09  -5.176
168.18  -5.173
168.27  -5.169
168.37  -5.165
168.46  -5.161
168.55  -5.157
168.64  -5.154
168.73  -5.150
168.83  -5.146
168.92  -5.142
169.01  -5.138
169.10  -5.133
169.19  -5.129
169.28  -5.124
169.37  -5.119
169.47  -5.114
169.56  -5.109
169.65  -5.104
169.74  -5.099
169.83  -5.094
169.92  -5.089
170.02  -5.083
170.11  -5.078
170.20  -5.073
170.29  -5.068
170.38  -5.064
170.47  -5.059
170.56  -5.055
170.66  -5.050
170.75  -5.047
170.84  -5.043
170.93  -5.040
171.02  -5.036
171.11  -5.033
171.20  -5.030
171.29  -5.026
171.38  -5.023
171.47  -5.020
171.56  -5.017
171.64  -5.014
171.73  -5.011
171.82  -5.008
171.91  -5.004
172.00  -5.001
172.08  -4.998
172.17  -4.995
172.26  -4.991
172.35  -4.988
172.44  -4.984
172.53  -4.980
172.62  -4.977
172.70  -4.973
172.79  -4.970
172.88  -4.966
172.97  -4.963
173.06  -4.959
173.15  -4.956
173.24  -4.952
173.32  -4.949
173.41  -4.945
173.50  -4.942
173.59  -4.938
173.68  -4.934
173.77  -4.931
173.86  -4.927
173.95  -4.923
174.04  -4.919
174.12  -4.916
174.21  -4.912
174.30  -4.908
174.39  -4.904
174.48  -4.901
174.57  -4.897
174.66  -4.893
174.75  -4.890
174.84  -4.886
174.93  -4.883
175.01  -4.880
175.10  -4.877
175.19  -4.875
175.28  -4.872
175.37  -4.869
175.46  -4.866
175.55  -4.864
175.64  -4.861
175.72  -4.858
175.81  -4.855
175.90  -4.853
175.99  -4.850
176.08  -4.847
176.17  -4.843
176.26  -4.840
176.34  -4.836
176.43  -4.832
176.52  -4.828
176.61  -4.824
176.70  -4.820
176.79  -4.815
176.87  -4.811
176.96  -4.807
177.06  -4.802
177.14  -4.798
177.23  -4.793
177.32  -4.789
177.41  -4.784
177.50  -4.780
177.58  -4.776
177.68  -4.772
177.77  -4.768
177.85  -4.765
177.94  -4.761
178.03  -4.758
178.12  -4.755
178.21  -4.752
178.30  -4.749
178.39  -4.746
178.48  -4.743
178.57  -4.740
178.65  -4.736
178.74  -4.733
178.84  -4.730
178.92  -4.727
179.01  -4.723
179.10  -4.720
179.19  -4.716
179.28  -4.712
179.37  -4.708
179.45  -4.704
179.54  -4.700
179.63  -4.696
179.72  -4.691
179.81  -4.687
179.90  -4.683
179.99  -4.679
180.08  -4.675
180.17  -4.670
180.25  -4.666
180.34  -4.662
180.43  -4.658
180.52  -4.654
180.61  -4.649
180.70  -4.645
180.79  -4.641
180.87  -4.637
180.97  -4.633
181.05  -4.629
181.14  -4.625
181.23  -4.621
181.32  -4.617
181.41  -4.613
181.50  -4.609
181.59  -4.605
181.68  -4.601
181.76  -4.598
181.85  -4.594
181.94  -4.590
182.03  -4.587
182.12  -4.584
182.21  -4.581
182.30  -4.578
182.39  -4.575
182.48  -4.572
182.57  -4.569
182.66  -4.566
182.74  -4.563
182.83  -4.560
182.92  -4.556
183.01  -4.553
183.10  -4.550
183.19  -4.547
183.28  -4.543
183.37  -4.539
183.45  -4.535
183.54  -4.530
183.63  -4.526
183.72  -4.521
183.81  -4.516
183.90  -4.511
183.99  -4.506
184.07  -4.500
184.16  -4.495
184.25  -4.490
184.34  -4.485
184.43  -4.480
184.52  -4.475
184.61  -4.469
184.69  -4.464
184.78  -4.459
184.87  -4.455
184.96  -4.450
185.05  -4.445
185.14  -4.441
185.23  -4.436
185.31  -4.432
185.40  -4.428
185.49  -4.423
185.59  -4.419
185.68  -4.415
185.76  -4.410
185.85  -4.406
185.94  -4.402
186.03  -4.398
186.12  -4.394
186.21  -4.390
186.30  -4.386
186.39  -4.382
186.48  -4.379
186.56  -4.375
186.66  -4.371
186.74  -4.368
186.83  -4.364
186.92  -4.361
187.01  -4.357
187.10  -4.354
187.19  -4.350
187.28  -4.347
187.37  -4.343
187.46  -4.339
187.55  -4.336
187.63  -4.332
187.72  -4.329
187.81  -4.325
187.90  -4.321
187.99  -4.317
188.08  -4.313
188.17  -4.310
188.26  -4.306
188.35  -4.302
188.44  -4.298
188.53  -4.294
188.61  -4.290
188.70  -4.286
188.79  -4.282
188.88  -4.278
188.97  -4.274
189.06  -4.269
189.15  -4.264
189.23  -4.259
189.32  -4.254
189.41  -4.249
189.50  -4.244
189.59  -4.239
189.68  -4.234
189.77  -4.229
189.86  -4.224
189.94  -4.218
190.03  -4.213
190.12  -4.208
190.21  -4.203
190.30  -4.199
190.39  -4.194
190.48  -4.190
190.57  -4.186
190.65  -4.183
190.74  -4.180
190.83  -4.177
190.92  -4.174
191.01  -4.171
191.09  -4.169
191.18  -4.166
191.27  -4.164
191.36  -4.161
191.45  -4.159
191.54  -4.156
191.63  -4.153
191.71  -4.151
191.80  -4.148
191.89  -4.144
191.98  -4.140
192.06  -4.136
192.15  -4.132
192.24  -4.127
192.33  -4.123
192.42  -4.118
192.51  -4.113
192.60  -4.108
192.68  -4.104
192.77  -4.099
192.86  -4.094
192.95  -4.090
193.04  -4.085
193.13  -4.080
193.22  -4.075
193.31  -4.071
193.39  -4.067
193.48  -4.063
193.57  -4.059
193.66  -4.055
193.75  -4.051
193.83  -4.047
193.92  -4.044
194.01  -4.040
194.10  -4.036
194.19  -4.033
194.27  -4.029
194.36  -4.025
194.45  -4.022
194.54  -4.018
194.62  -4.015
194.71  -4.011
194.80  -4.008
194.89  -4.004
194.98  -4.001
195.07  -3.998
195.16  -3.995
195.24  -3.991
195.33  -3.988
195.42  -3.985
195.51  -3.982
195.60  -3.978
195.69  -3.975
195.77  -3.972
195.86  -3.969
195.95  -3.965
196.04  -3.962
196.12  -3.958
196.21  -3.954
196.30  -3.950
196.39  -3.946
196.48  -3.942
196.56  -3.938
196.65  -3.934
196.74  -3.930
196.83  -3.925
196.92  -3.921
197.00  -3.917
197.09  -3.912
197.18  -3.908
197.27  -3.904
197.36  -3.899
197.45  -3.895
197.53  -3.891
197.62  -3.887
197.71  -3.882
197.79  -3.878
197.88  -3.874
197.97  -3.870
198.06  -3.866
198.14  -3.862
198.23  -3.857
198.32  -3.853
198.41  -3.849
198.50  -3.845
198.59  -3.841
198.67  -3.837
198.76  -3.833
198.85  -3.829
198.94  -3.825
199.02  -3.821
199.11  -3.818
199.20  -3.814
199.28  -3.810
199.37  -3.806
199.46  -3.803
199.55  -3.799
199.64  -3.795
199.72  -3.792
199.81  -3.788
199.90  -3.784
199.99  -3.781
200.08  -3.777
200.16  -3.774
200.25  -3.770
200.34  -3.767
200.42  -3.763
200.51  -3.760
200.60  -3.757
200.69  -3.754
200.78  -3.750
200.86  -3.747
200.95  -3.744
201.04  -3.741
201.13  -3.737
201.22  -3.734
201.30  -3.731
201.39  -3.727
201.48  -3.724
201.57  -3.720
201.66  -3.717
201.74  -3.713
201.83  -3.708
201.92  -3.704
202.01  -3.700
202.09  -3.695
202.18  -3.690
202.27  -3.685
202.36  -3.681
202.44  -3.676
202.53  -3.671
202.62  -3.666
202.71  -3.661
202.79  -3.656
202.88  -3.651
202.97  -3.646
203.06  -3.642
203.15  -3.637
203.23  -3.632
203.32  -3.628
203.41  -3.624
203.50  -3.620
203.58  -3.616
203.67  -3.612
203.76  -3.608
203.84  -3.604
203.92  -3.600
204.01  -3.596
204.10  -3.593
204.18  -3.589
204.26  -3.585
204.35  -3.581
204.43  -3.577
204.52  -3.573
204.60  -3.569
204.68  -3.565
204.77  -3.561
204.85  -3.557
204.94  -3.553
205.02  -3.549
205.11  -3.545
205.19  -3.541
205.28  -3.537
205.36  -3.533
205.45  -3.529
205.53  -3.525
205.62  -3.522
205.70  -3.518
205.79  -3.514
205.87  -3.511
205.95  -3.508
206.04  -3.505
206.13  -3.501
206.21  -3.498
206.29  -3.495
206.38  -3.493
206.46  -3.490
206.55  -3.487
206.63  -3.484
206.71  -3.481
206.80  -3.479
206.89  -3.476
206.97  -3.473
207.06  -3.470
207.14  -3.468
207.22  -3.465
207.31  -3.462
207.39  -3.459
207.48  -3.457
207.56  -3.454
207.65  -3.451
207.73  -3.448
207.82  -3.445
207.90  -3.442
207.99  -3.440
208.07  -3.437
208.16  -3.434
208.24  -3.431
208.33  -3.428
208.41  -3.425
208.50  -3.423
208.58  -3.420
208.67  -3.417
208.75  -3.414
208.84  -3.411
208.92  -3.408
209.01  -3.405
209.09  -3.401
209.18  -3.398
209.26  -3.395
209.34  -3.392
209.43  -3.389
209.52  -3.386
209.60  -3.383
209.68  -3.380
209.77  -3.376
209.85  -3.373
209.94  -3.370
210.03  -3.367
210.11  -3.364
210.19  -3.360
210.28  -3.357
210.37  -3.354
210.45  -3.351
210.54  -3.348
210.62  -3.345
210.71  -3.341
210.79  -3.338
210.88  -3.335
210.96  -3.332
211.05  -3.329
211.13  -3.326
211.22  -3.323
211.30  -3.319
211.39  -3.316
211.47  -3.313
211.56  -3.310
211.64  -3.308
211.73  -3.305
211.81  -3.302
211.90  -3.299
211.98  -3.296
212.07  -3.293
212.15  -3.290
212.24  -3.287
212.33  -3.285
212.41  -3.282
212.49  -3.279
212.58  -3.276
212.66  -3.273
212.75  -3.271
212.84  -3.268
212.92  -3.265
213.00  -3.262
213.09  -3.260
213.18  -3.257
213.26  -3.254
213.35  -3.252
213.52  -3.246
213.60  -3.244
213.69  -3.241
213.78  -3.238
213.86  -3.235
213.95  -3.233
214.03  -3.230
214.12  -3.227
214.20  -3.224
214.29  -3.221
214.37  -3.217
214.46  -3.214
214.54  -3.211
214.63  -3.208
214.71  -3.205
214.80  -3.201
214.88  -3.198
214.97  -3.195
215.06  -3.192
215.14  -3.189
215.23  -3.185
215.31  -3.182
215.40  -3.179
215.48  -3.176
215.57  -3.173
215.65  -3.171
215.74  -3.168
215.82  -3.165
215.91  -3.162
216.00  -3.159
216.08  -3.157
216.17  -3.154
216.25  -3.151
216.34  -3.148
216.42  -3.145
216.51  -3.143
216.60  -3.140
216.68  -3.137
216.77  -3.134
216.85  -3.131
216.94  -3.128
217.02  -3.125
217.11  -3.122
217.19  -3.119
217.28  -3.116
217.37  -3.112
217.45  -3.109
217.53  -3.106
217.62  -3.103
217.71  -3.100
217.79  -3.097
217.88  -3.094
217.96  -3.090
218.05  -3.087
218.13  -3.084
218.22  -3.082
218.31  -3.079
218.39  -3.076
218.48  -3.073
218.56  -3.070
218.65  -3.068
218.73  -3.065
218.82  -3.062
218.90  -3.059
218.99  -3.057
219.07  -3.054
219.16  -3.051
219.24  -3.048
219.33  -3.045
219.41  -3.042
219.50  -3.039
219.59  -3.036
219.67  -3.033
219.76  -3.030
219.84  -3.027
219.93  -3.023
220.01  -3.020
220.10  -3.017
220.18  -3.013
220.27  -3.010
220.36  -3.007
220.44  -3.004
220.52  -3.000
220.61  -2.997
220.70  -2.994
220.78  -2.990
220.87  -2.987
220.96  -2.984
221.04  -2.981
221.12  -2.978
221.21  -2.975
221.30  -2.972
221.38  -2.969
221.47  -2.966
221.55  -2.963
221.64  -2.960
221.72  -2.957
221.81  -2.954
221.90  -2.952
221.98  -2.949
222.07  -2.946
222.15  -2.943
222.24  -2.940
222.32  -2.938
222.41  -2.935
222.50  -2.932
222.58  -2.930
222.67  -2.927
222.75  -2.924
222.84  -2.922
222.92  -2.919
223.01  -2.917
223.09  -2.914
223.18  -2.912
223.26  -2.909
223.35  -2.906
223.44  -2.904
223.53  -2.901
223.61  -2.898
223.69  -2.895
223.78  -2.892
223.87  -2.888
223.95  -2.885
224.04  -2.881
224.12  -2.878
224.21  -2.875
224.29  -2.871
224.38  -2.868
224.47  -2.864
224.64  -2.857
224.72  -2.854
224.81  -2.851
224.89  -2.848
224.98  -2.845
225.06  -2.842
225.15  -2.840
225.24  -2.838
225.32  -2.835
225.40  -2.833
225.49  -2.831
225.58  -2.829
225.66  -2.827
225.75  -2.825
225.83  -2.823
225.92  -2.821
226.01  -2.819
226.09  -2.817
226.18  -2.815
226.26  -2.812
226.35  -2.810
226.43  -2.808
226.52  -2.805
226.60  -2.802
226.69  -2.800
226.77  -2.797
226.86  -2.794
226.95  -2.791
227.03  -2.788
227.12  -2.785
227.21  -2.783
227.29  -2.780
227.37  -2.777
227.46  -2.773
227.55  -2.770
227.64  -2.767
227.72  -2.764
227.81  -2.760
227.89  -2.756
227.98  -2.753
228.07  -2.749
228.15  -2.745
228.24  -2.741
228.32  -2.737
228.41  -2.733
228.50  -2.729
228.58  -2.725
228.67  -2.721
228.76  -2.717
228.84  -2.714
228.93  -2.710
229.01  -2.706
229.10  -2.702
229.19  -2.699
229.27  -2.696
229.36  -2.693
229.45  -2.690
229.53  -2.687
229.61  -2.684
229.70  -2.681
229.79  -2.678
229.88  -2.675
229.96  -2.672
230.05  -2.669
230.13  -2.667
230.22  -2.664
230.30  -2.661
230.39  -2.658
230.48  -2.655
230.56  -2.652
230.65  -2.649
230.74  -2.646
230.82  -2.643
230.91  -2.640
230.99  -2.637
231.08  -2.634
231.17  -2.631
231.25  -2.628
231.34  -2.625
231.43  -2.622
231.51  -2.619
231.60  -2.615
231.68  -2.612
231.77  -2.609
231.85  -2.606
231.94  -2.603
232.03  -2.600
232.11  -2.596
232.20  -2.593
232.28  -2.590
232.37  -2.586
232.45  -2.583
232.54  -2.580
232.63  -2.576
232.71  -2.573
232.80  -2.570
232.89  -2.566
232.97  -2.563
233.05  -2.560
233.14  -2.557
233.23  -2.553
233.31  -2.550
233.40  -2.547
233.49  -2.544
233.57  -2.541
233.66  -2.538
233.74  -2.535
233.83  -2.532
233.92  -2.529
234.00  -2.526
234.09  -2.523
234.17  -2.520
234.26  -2.517
234.34  -2.514
234.43  -2.511
234.51  -2.508
234.60  -2.505
234.69  -2.502
234.77  -2.499
234.86  -2.496
234.95  -2.493
235.03  -2.490
235.11  -2.487
235.20  -2.484
235.29  -2.481
235.37  -2.478
235.46  -2.474
235.54  -2.471
235.62  -2.468
235.71  -2.465
235.79  -2.462
235.87  -2.459
235.96  -2.455
236.04  -2.452
236.12  -2.449
236.21  -2.446
236.29  -2.442
236.37  -2.439
236.45  -2.436
236.54  -2.432
236.62  -2.429
236.70  -2.426
236.78  -2.422
236.87  -2.419
236.95  -2.416
237.03  -2.413
237.12  -2.409
237.20  -2.406
237.28  -2.403
237.36  -2.400
237.45  -2.397
237.53  -2.394
237.61  -2.391
237.69  -2.388
237.78  -2.385
237.86  -2.382
237.94  -2.379
238.03  -2.376
238.11  -2.373
238.19  -2.370
238.27  -2.367
238.36  -2.364
238.44  -2.361
238.52  -2.358
238.61  -2.355
238.69  -2.352
238.77  -2.349
238.86  -2.347
238.94  -2.344
239.02  -2.341
239.11  -2.338
239.19  -2.335
239.27  -2.332
239.35  -2.329
239.43  -2.326
239.52  -2.324
239.60  -2.321
239.68  -2.318
239.77  -2.315
239.85  -2.312
239.93  -2.310
240.01  -2.307
240.10  -2.304
240.18  -2.301
240.26  -2.299
240.34  -2.296
240.43  -2.293
240.51  -2.290
240.59  -2.287
240.67  -2.285
240.76  -2.282
240.84  -2.279
240.92  -2.276
241.01  -2.274
241.09  -2.271
241.17  -2.268
241.25  -2.266
241.34  -2.263
241.42  -2.261
241.51  -2.259
241.59  -2.256
241.67  -2.254
241.75  -2.252
241.92  -2.247
242.00  -2.245
242.09  -2.242
242.17  -2.240
242.25  -2.238
242.33  -2.235
242.42  -2.232
242.50  -2.230
242.59  -2.227
242.67  -2.224
242.75  -2.221
242.84  -2.218
242.92  -2.214
243.00  -2.211
243.08  -2.207
243.17  -2.204
243.25  -2.200
243.33  -2.197
243.42  -2.193
243.50  -2.190
243.58  -2.186
243.66  -2.183
243.75  -2.179
243.83  -2.176
243.91  -2.173
243.99  -2.169
244.08  -2.166
244.16  -2.163
244.24  -2.160
244.33  -2.158
244.41  -2.155
244.49  -2.152
244.57  -2.149
244.66  -2.146
244.74  -2.143
244.82  -2.141
244.90  -2.138
244.99  -2.135
245.07  -2.133
245.15  -2.130
245.23  -2.127
245.32  -2.125
245.40  -2.123
245.48  -2.121
245.57  -2.118
245.65  -2.116
245.73  -2.114
245.81  -2.112
245.90  -2.109
245.98  -2.107
246.06  -2.105
246.15  -2.103
246.23  -2.101
246.31  -2.098
246.40  -2.096
246.48  -2.093
246.56  -2.090
246.64  -2.087
246.73  -2.084
246.81  -2.081
246.89  -2.078
246.98  -2.074
247.06  -2.071
247.14  -2.067
247.23  -2.063
247.31  -2.060
247.39  -2.056
247.48  -2.053
247.56  -2.049
247.64  -2.045
247.73  -2.041
247.81  -2.038
247.89  -2.034
247.97  -2.030
248.06  -2.027
248.14  -2.023
248.22  -2.020
248.31  -2.016
248.39  -2.013
248.47  -2.009
248.56  -2.006
248.64  -2.002
248.72  -1.999
248.80  -1.995
248.89  -1.992
248.97  -1.988
249.05  -1.985
249.14  -1.982
249.22  -1.979
249.30  -1.975
249.38  -1.972
249.47  -1.969
249.55  -1.966
249.64  -1.963
249.72  -1.960
249.80  -1.957
249.88  -1.955
249.97  -1.952
250.05  -1.949
250.13  -1.946
250.22  -1.943
250.30  -1.940
250.38  -1.937
250.46  -1.934
250.55  -1.931
250.63  -1.928
250.71  -1.925
250.79  -1.922
250.88  -1.919
250.96  -1.916
251.04  -1.913
251.21  -1.906
251.29  -1.903
251.37  -1.900
251.46  -1.897
251.54  -1.893
251.62  -1.890
251.71  -1.887
251.79  -1.884
251.87  -1.880
251.95  -1.877
252.04  -1.874
252.12  -1.871
252.20  -1.867
252.28  -1.864
252.36  -1.861
252.45  -1.858
252.53  -1.855
252.61  -1.851
252.69  -1.848
252.78  -1.845
252.86  -1.842
252.94  -1.839
253.03  -1.835
253.11  -1.832
253.19  -1.829
253.28  -1.826
253.36  -1.824
253.44  -1.821
253.53  -1.818
253.61  -1.816
253.69  -1.813
253.77  -1.810
253.86  -1.808
253.94  -1.805
254.02  -1.802
254.10  -1.800
254.19  -1.797
254.27  -1.794
254.35  -1.792
254.43  -1.789
254.52  -1.786
254.60  -1.783
254.68  -1.779
254.77  -1.776
254.85  -1.772
254.93  -1.769
255.01  -1.766
255.10  -1.762
255.18  -1.758
255.26  -1.755
255.35  -1.751
255.43  -1.748
255.51  -1.744
255.59  -1.741
255.68  -1.737
255.76  -1.733
255.85  -1.730
255.93  -1.727
256.01  -1.723
256.09  -1.720
256.17  -1.716
256.26  -1.713
256.34  -1.710
256.43  -1.707
256.51  -1.703
256.59  -1.700
256.67  -1.697
256.75  -1.693
256.84  -1.690
256.92  -1.687
257.00  -1.683
257.09  -1.680
257.25  -1.674
257.33  -1.671
257.42  -1.667
257.50  -1.664
257.59  -1.661
257.67  -1.658
257.75  -1.655
257.83  -1.651
257.92  -1.648
258.00  -1.645
258.08  -1.642
258.17  -1.639
258.25  -1.635
258.33  -1.632
258.41  -1.628
258.50  -1.625
258.58  -1.621
258.66  -1.618
258.75  -1.614
258.83  -1.610
258.91  -1.606
258.99  -1.602
259.07  -1.599
259.16  -1.595
259.24  -1.591
259.32  -1.587
259.40  -1.583
259.48  -1.579
259.57  -1.575
259.65  -1.571
259.73  -1.567
259.82  -1.563
259.90  -1.559
259.98  -1.555
260.07  -1.551
260.15  -1.547
260.23  -1.543
260.31  -1.539
260.40  -1.535
260.48  -1.531
260.56  -1.527
260.64  -1.523
260.72  -1.519
260.81  -1.515
260.89  -1.511
260.97  -1.507
261.05  -1.503
261.14  -1.500
261.22  -1.496
261.30  -1.492
261.38  -1.488
261.47  -1.484
261.55  -1.481
261.63  -1.477
261.71  -1.473
261.80  -1.470
261.88  -1.466
261.96  -1.463
262.05  -1.459
262.13  -1.456
262.21  -1.452
262.30  -1.449
262.38  -1.446
262.46  -1.442
262.54  -1.439
262.63  -1.436
262.71  -1.433
262.79  -1.430
262.87  -1.427
262.96  -1.425
263.04  -1.422
263.12  -1.419
263.20  -1.416
263.29  -1.413
263.37  -1.410
263.45  -1.408
263.53  -1.405
263.62  -1.402
263.70  -1.399
263.78  -1.397
263.86  -1.394
263.95  -1.391
264.03  -1.388
264.11  -1.385
264.19  -1.381
264.28  -1.378
264.36  -1.375
264.44  -1.372
264.53  -1.369
264.61  -1.366
264.69  -1.363
264.77  -1.360
264.86  -1.357
264.94  -1.354
265.02  -1.351
265.10  -1.348
265.19  -1.345
265.27  -1.342
265.35  -1.339
265.43  -1.336
265.52  -1.333
265.60  -1.330
265.68  -1.327
265.76  -1.324
265.84  -1.321
265.93  -1.318
266.01  -1.315
266.09  -1.312
266.17  -1.309
266.24  -1.307
266.32  -1.304
266.40  -1.301
266.48  -1.298
266.56  -1.295
266.64  -1.292
266.72  -1.290
266.80  -1.287
266.88  -1.284
266.96  -1.281
267.04  -1.278
267.12  -1.276
267.20  -1.273
267.28  -1.270
267.35  -1.267
267.44  -1.264
267.52  -1.261
267.59  -1.258
267.67  -1.255
267.75  -1.252
267.83  -1.249
267.91  -1.245
267.99  -1.242
268.07  -1.238
268.15  -1.235
268.23  -1.231
268.31  -1.228
268.39  -1.224
268.47  -1.221
268.55  -1.217
268.63  -1.214
268.71  -1.210
268.79  -1.207
268.95  -1.200
269.03  -1.197
269.11  -1.194
269.27  -1.189
269.35  -1.186
269.43  -1.184
269.51  -1.181
269.59  -1.179
269.67  -1.176
269.74  -1.174
269.82  -1.171
269.90  -1.168
269.98  -1.166
270.06  -1.163
270.14  -1.161
270.22  -1.158
270.30  -1.155
270.38  -1.152
270.46  -1.150
270.54  -1.147
270.62  -1.144
270.70  -1.141
270.78  -1.138
270.86  -1.135
270.94  -1.132
271.02  -1.129
271.10  -1.126
271.18  -1.123
271.26  -1.120
271.34  -1.117
271.42  -1.114
271.50  -1.111
271.58  -1.108
271.66  -1.105
271.74  -1.101
271.81  -1.098
271.89  -1.095
271.97  -1.092
272.05  -1.089
272.13  -1.086
272.21  -1.083
272.29  -1.080
272.37  -1.077
272.45  -1.074
272.53  -1.071
272.61  -1.068
272.69  -1.066
272.77  -1.063
272.85  -1.060
272.93  -1.057
273.01  -1.055
273.09  -1.052
273.17  -1.049
273.25  -1.047
273.33  -1.044
273.41  -1.041
273.49  -1.039
273.57  -1.036
273.65  -1.034
273.73  -1.031
273.81  -1.029
273.89  -1.026
273.97  -1.023
274.05  -1.020
274.13  -1.018
274.21  -1.015
274.29  -1.012
274.37  -1.008
274.45  -1.005
274.53  -1.002
274.61  -0.999
274.69  -0.996
274.77  -0.993
274.85  -0.990
274.93  -0.987
275.01  -0.984
275.09  -0.981
275.17  -0.978
275.25  -0.975
275.33  -0.972
275.41  -0.970
275.57  -0.965
275.65  -0.963
275.74  -0.960
275.81  -0.958
275.90  -0.956
275.98  -0.954
276.05  -0.952
276.13  -0.950
276.21  -0.948
276.29  -0.945
276.37  -0.943
276.45  -0.941
276.53  -0.939
276.61  -0.936
276.69  -0.934
276.77  -0.931
276.85  -0.929
276.93  -0.926
277.01  -0.923
277.09  -0.921
277.17  -0.918
277.25  -0.915
277.33  -0.912
277.41  -0.910
277.49  -0.907
277.57  -0.904
277.66  -0.901
277.73  -0.899
277.81  -0.896
277.90  -0.893
277.97  -0.890
278.05  -0.887
278.14  -0.884
278.21  -0.881
278.29  -0.878
278.38  -0.875
278.46  -0.872
278.54  -0.869
278.62  -0.866
278.70  -0.863
278.78  -0.860
278.86  -0.857
278.94  -0.854
279.02  -0.851
279.10  -0.848
279.18  -0.846
279.26  -0.843
279.34  -0.840
279.42  -0.838
279.50  -0.835
279.58  -0.833
279.66  -0.830
279.74  -0.828
279.90  -0.823
279.99  -0.820
280.06  -0.818
280.14  -0.815
280.23  -0.812
280.31  -0.810
280.39  -0.807
280.47  -0.804
280.55  -0.800
280.63  -0.797
280.71  -0.793
280.79  -0.790
280.87  -0.786
280.95  -0.782
281.03  -0.778
281.11  -0.774
281.20  -0.770
281.28  -0.767
281.35  -0.763
281.44  -0.759
281.52  -0.756
281.60  -0.752
281.68  -0.749
281.76  -0.746
281.83  -0.743
281.92  -0.741
282.00  -0.739
282.08  -0.737
282.16  -0.735
282.24  -0.733
282.32  -0.732
282.40  -0.730
282.48  -0.728
282.56  -0.727
282.64  -0.725
282.72  -0.723
282.80  -0.721
282.88  -0.720
282.97  -0.718
283.05  -0.716
283.13  -0.714
283.21  -0.711
283.29  -0.709
283.37  -0.706
283.45  -0.704
283.53  -0.701
283.61  -0.698
283.69  -0.695
283.77  -0.693
283.86  -0.690
283.94  -0.687
284.02  -0.684
284.10  -0.682
284.18  -0.679
284.26  -0.676
284.34  -0.673
284.42  -0.670
284.50  -0.666
284.58  -0.663
284.66  -0.660
284.74  -0.657
284.83  -0.654
284.90  -0.650
284.98  -0.647
285.07  -0.644
285.15  -0.640
285.23  -0.637
285.30  -0.634
285.39  -0.631
285.47  -0.627
285.55  -0.624
285.63  -0.621
285.71  -0.619
285.79  -0.616
285.87  -0.614
286.03  -0.609
286.12  -0.607
286.19  -0.604
286.28  -0.602
286.36  -0.600
286.44  -0.597
286.52  -0.595
286.60  -0.593
286.68  -0.591
286.76  -0.588
286.84  -0.586
286.93  -0.583
287.00  -0.581
287.08  -0.578
287.17  -0.575
287.25  -0.572
287.33  -0.570
287.41  -0.567
287.49  -0.564
287.57  -0.561
287.65  -0.558
287.73  -0.555
287.81  -0.552
287.89  -0.549
287.97  -0.546
288.05  -0.543
288.14  -0.540
288.22  -0.537
288.30  -0.534
288.38  -0.530
288.46  -0.527
288.54  -0.524
288.62  -0.520
288.70  -0.517
288.78  -0.514
288.86  -0.510
288.94  -0.507
289.02  -0.504
289.10  -0.500
289.19  -0.497
289.27  -0.494
289.35  -0.490
289.43  -0.487
289.51  -0.484
289.59  -0.481
289.67  -0.478
289.75  -0.475
289.83  -0.472
289.91  -0.470
289.99  -0.467
290.07  -0.464
290.16  -0.462
290.23  -0.459
290.31  -0.456
290.40  -0.454
290.48  -0.451
290.56  -0.448
290.64  -0.445
290.72  -0.443
290.80  -0.440
290.88  -0.437
290.97  -0.434
291.04  -0.430
291.12  -0.427
291.21  -0.424
291.29  -0.421
291.37  -0.417
291.45  -0.414
291.53  -0.411
291.61  -0.407
291.69  -0.404
291.77  -0.401
291.85  -0.397
291.93  -0.394
292.01  -0.391
292.09  -0.388
292.17  -0.385
292.26  -0.381
292.33  -0.378
292.41  -0.375
292.49  -0.372
292.58  -0.369
292.66  -0.366
292.74  -0.363
292.82  -0.360
292.90  -0.357
292.98  -0.354
293.06  -0.351
293.14  -0.348
293.22  -0.345
293.30  -0.342
293.38  -0.340
293.54  -0.334
293.62  -0.332
293.70  -0.329
293.78  -0.326
293.86  -0.324
293.94  -0.321
294.02  -0.319
294.10  -0.316
294.19  -0.314
294.27  -0.311
294.35  -0.309
294.43  -0.306
294.51  -0.303
294.59  -0.300
294.67  -0.297
294.75  -0.294
294.83  -0.291
294.91  -0.288
294.99  -0.284
295.07  -0.281
295.15  -0.278
295.23  -0.274
295.31  -0.271
295.40  -0.267
295.48  -0.263
295.56  -0.260
295.64  -0.256
295.72  -0.253
295.80  -0.249
295.87  -0.246
295.95  -0.242
296.03  -0.239
296.11  -0.236
296.18  -0.232
296.26  -0.229
296.34  -0.226
296.42  -0.223
296.49  -0.220
296.57  -0.216
296.65  -0.213
296.72  -0.210
296.80  -0.207
296.88  -0.204
296.95  -0.201
297.03  -0.198
297.11  -0.195
297.19  -0.192
297.26  -0.189
297.34  -0.186
297.42  -0.183
297.50  -0.180
297.58  -0.177
297.65  -0.174
297.73  -0.171
297.81  -0.168
297.88  -0.165
297.96  -0.163
298.04  -0.160
298.12  -0.157
298.19  -0.154
298.27  -0.151
298.35  -0.149
298.43  -0.146
298.50  -0.143
298.58  -0.140
298.66  -0.138
298.74  -0.135
298.81  -0.132
298.89  -0.129
298.97  -0.126
299.05  -0.124
299.13  -0.121
299.20  -0.118
299.28  -0.115
299.36  -0.113
299.44  -0.110
299.51  -0.107
299.59  -0.105
299.67  -0.102
299.75  -0.099
299.82  -0.097
299.90  -0.094
299.98  -0.092
300.06  -0.090
300.13  -0.087
300.21  -0.085
300.29  -0.082
300.37  -0.080
300.44  -0.077
300.52  -0.075
300.60  -0.072
300.68  -0.070
300.75  -0.067
300.83  -0.064
300.91  -0.061
300.99  -0.058
301.06  -0.055
301.14  -0.052
301.22  -0.049
301.30  -0.046
301.38  -0.042
301.45  -0.039
301.53  -0.036
301.61  -0.032
301.69  -0.029
301.77  -0.025
301.85  -0.022
301.93  -0.019
302.00  -0.016
302.08  -0.012
302.16  -0.009
302.23  -0.006
302.31  -0.003
302.39  -0.000
302.47   0.003
302.55   0.005
302.63   0.008
302.70   0.011
302.78   0.014
302.86   0.016
302.94   0.019
303.02   0.022
303.09   0.024
303.17   0.027
303.25   0.030
303.33   0.032
303.41   0.035
303.48   0.038
303.56   0.041
303.64   0.043
303.72   0.046
303.80   0.049
303.88   0.052
303.95   0.054
304.03   0.057
304.11   0.060
304.19   0.063
304.27   0.065
304.35   0.068
304.43   0.071
304.51   0.074
304.58   0.077
304.66   0.080
304.74   0.082
304.82   0.085
304.90   0.088
304.98   0.091
305.06   0.094
305.14   0.097
305.21   0.100
305.29   0.103
305.37   0.106
305.45   0.109
305.52   0.112
305.60   0.115
305.68   0.118
305.76   0.121
305.84   0.124
305.92   0.127
306.00   0.131
306.08   0.134
306.15   0.137
306.23   0.141
306.31   0.144
306.39   0.147
306.47   0.151
306.55   0.154
306.63   0.157
306.71   0.161
306.79   0.164
306.86   0.167
306.94   0.171
307.02   0.174
307.10   0.178
307.18   0.181
307.26   0.184
307.34   0.187
307.41   0.191
307.49   0.194
307.57   0.197
307.64   0.200
307.72   0.204
307.80   0.207
307.88   0.210
307.96   0.213
308.04   0.216
308.11   0.220
308.19   0.223
308.27   0.226
308.35   0.229
308.43   0.232
308.51   0.235
308.58   0.237
308.66   0.240
308.74   0.243
308.82   0.245
308.89   0.248
308.97   0.251
309.05   0.253
309.13   0.256
309.20   0.258
309.28   0.261
309.36   0.264
309.44   0.266
309.52   0.269
309.60   0.272
309.68   0.275
309.75   0.278
309.83   0.281
309.91   0.284
309.99   0.288
310.07   0.291
310.15   0.295
310.22   0.298
310.30   0.302
310.38   0.305
310.46   0.309
310.54   0.312
310.62   0.316
310.69   0.319
310.77   0.323
310.85   0.326
310.93   0.330
311.01   0.333
311.08   0.336
311.16   0.340
311.24   0.343
311.32   0.346
311.40   0.350
311.47   0.353
311.55   0.356
311.63   0.360
311.71   0.363
311.79   0.366
311.86   0.369
311.94   0.373
312.02   0.376
312.10   0.379
312.18   0.382
312.25   0.385
312.33   0.388
312.42   0.390
312.49   0.393
312.57   0.396
312.65   0.399
312.73   0.401
312.80   0.404
312.88   0.407
312.96   0.409
313.04   0.412
313.12   0.415
313.20   0.417
313.27   0.420
313.35   0.423
313.43   0.426
313.51   0.430
313.59   0.433
313.67   0.437
313.74   0.440
313.82   0.444
313.90   0.448
313.98   0.452
314.06   0.456
314.13   0.459
314.22   0.463
314.29   0.467
314.37   0.471
314.45   0.474
314.53   0.478
314.60   0.482
314.68   0.485
314.76   0.488
314.84   0.491
314.91   0.494
314.99   0.497
315.07   0.500
315.15   0.502
315.23   0.505
315.30   0.508
315.38   0.510
315.46   0.513
315.54   0.516
315.62   0.518
315.70   0.521
315.77   0.524
315.85   0.526
315.93   0.529
316.00   0.532
316.08   0.535
316.16   0.538
316.24   0.540
316.32   0.543
316.39   0.546
316.47   0.549
316.55   0.552
316.63   0.555
316.70   0.558
316.78   0.561
316.86   0.564
316.94   0.567
317.01   0.570
317.09   0.573
317.17   0.577
317.25   0.580
317.33   0.583
317.48   0.590
317.56   0.593
317.64   0.597
317.72   0.600
317.79   0.604
317.87   0.607
317.95   0.610
318.03   0.614
318.10   0.617
318.18   0.621
318.26   0.624
318.34   0.628
318.42   0.631
318.50   0.634
318.57   0.637
318.65   0.640
318.73   0.643
318.81   0.646
318.89   0.649
318.96   0.652
319.04   0.655
319.12   0.657
319.19   0.660
319.27   0.663
319.35   0.666
319.43   0.669
319.50   0.672
319.58   0.675
319.66   0.679
319.74   0.682
319.82   0.686
319.90   0.689
319.97   0.693
320.05   0.696
320.13   0.700
320.21   0.704
320.29   0.708
320.36   0.711
320.44   0.715
320.52   0.719
320.60   0.723
320.67   0.726
320.75   0.730
320.83   0.734
320.91   0.737
320.99   0.741
321.06   0.745
321.14   0.748
321.22   0.752
321.30   0.755
321.38   0.758
321.46   0.762
321.53   0.765
321.61   0.769
321.69   0.772
321.76   0.775
321.85   0.779
321.92   0.782
322.00   0.785
322.08   0.789
322.16   0.792
322.23   0.795
322.31   0.798
322.39   0.800
322.47   0.803
322.54   0.806
322.62   0.809
322.70   0.812
322.78   0.814
322.85   0.817
322.93   0.820
323.01   0.822
323.09   0.825
323.17   0.828
323.24   0.831
323.32   0.834
323.40   0.836
323.48   0.839
323.56   0.843
323.63   0.846
323.71   0.849
323.79   0.852
323.86   0.856
323.95   0.859
324.02   0.862
324.10   0.866
324.17   0.869
324.25   0.872
324.33   0.875
324.41   0.879
324.48   0.882
324.56   0.885
324.64   0.888
324.71   0.892
324.78   0.895
324.86   0.898
324.93   0.901
325.01   0.904
325.08   0.907
325.16   0.910
325.23   0.913
325.31   0.916
325.38   0.919
325.46   0.922
325.53   0.925
325.61   0.928
325.68   0.931
325.76   0.934
325.83   0.937
325.91   0.940
325.98   0.943
326.06   0.946
326.13   0.949
326.20   0.952
326.28   0.955
326.35   0.958
326.43   0.961
326.50   0.963
326.58   0.966
326.65   0.969
326.72   0.972
326.80   0.975
326.88   0.979
326.95   0.982
327.03   0.985
327.10   0.989
327.18   0.992
327.25   0.996
327.32   1.000
327.40   1.004
327.48   1.008
327.55   1.012
327.63   1.015
327.70   1.019
327.78   1.023
327.85   1.027
327.93   1.031
328.00   1.035
328.07   1.038
328.15   1.042
328.22   1.046
328.30   1.049
328.37   1.052
328.44   1.055
328.52   1.058
328.59   1.061
328.67   1.063
328.74   1.066
328.82   1.069
328.89   1.072
328.97   1.074
329.04   1.077
329.12   1.080
329.19   1.082
329.27   1.085
329.34   1.088
329.42   1.090
329.49   1.093
329.56   1.096
329.64   1.099
329.71   1.101
329.79   1.104
329.86   1.107
329.93   1.110
330.01   1.113
330.08   1.116
330.16   1.119
330.23   1.122
330.31   1.125
330.38   1.128
330.45   1.131
330.53   1.134
330.60   1.137
330.68   1.140
330.75   1.143
330.83   1.146
330.91   1.149
330.98   1.153
331.05   1.156
331.13   1.159
331.21   1.162
331.28   1.166
331.35   1.169
331.43   1.172
331.50   1.176
331.58   1.179
331.65   1.183
331.73   1.186
331.80   1.190
331.88   1.193
331.95   1.197
332.03   1.200
332.10   1.204
332.18   1.208
332.25   1.211
332.33   1.215
332.41   1.219
332.48   1.222
332.55   1.226
332.63   1.230
332.71   1.233
332.78   1.237
332.85   1.240
332.93   1.244
333.00   1.247
333.08   1.250
333.15   1.253
333.23   1.257
333.30   1.260
333.38   1.263
333.45   1.265
333.52   1.268
333.60   1.271
333.68   1.274
333.75   1.277
333.82   1.280
333.90   1.283
333.97   1.285
334.05   1.288
334.13   1.291
334.20   1.293
334.27   1.296
334.35   1.298
334.43   1.300
334.50   1.303
334.58   1.305
334.65   1.307
334.73   1.309
334.80   1.312
334.88   1.314
334.95   1.316
335.03   1.318
335.10   1.321
335.18   1.323
335.26   1.326
335.33   1.328
335.41   1.331
335.48   1.334
335.56   1.337
335.63   1.341
335.71   1.344
335.78   1.348
335.86   1.351
335.93   1.355
336.01   1.359
336.08   1.363
336.16   1.366
336.23   1.370
336.31   1.374
336.38   1.377
336.46   1.381
336.53   1.385
336.61   1.388
336.68   1.391
336.76   1.395
336.84   1.398
336.91   1.401
336.99   1.404
337.06   1.407
337.14   1.410
337.21   1.413
337.29   1.416
337.36   1.418
337.44   1.421
337.51   1.424
337.59   1.427
337.66   1.430
337.74   1.433
337.82   1.436
337.89   1.439
337.97   1.442
338.04   1.445
338.12   1.448
338.20   1.451
338.27   1.454
338.35   1.457
338.42   1.460
338.50   1.463
338.57   1.466
338.65   1.469
338.72   1.472
338.80   1.475
338.87   1.478
338.95   1.481
339.02   1.484
339.10   1.487
339.17   1.490
339.25   1.493
339.32   1.495
339.40   1.498
339.47   1.501
339.55   1.504
339.63   1.507
339.70   1.510
339.77   1.513
339.85   1.516
339.93   1.519
340.00   1.522
340.07   1.525
340.15   1.528
340.23   1.531
340.30   1.534
340.37   1.538
340.45   1.541
340.53   1.544
340.60   1.548
340.68   1.551
340.75   1.555
340.83   1.558
340.90   1.562
340.98   1.565
341.05   1.569
341.13   1.572
341.20   1.576
341.28   1.579
341.35   1.583
341.43   1.586
341.50   1.589
341.58   1.593
341.65   1.596
341.73   1.599
341.80   1.602
341.88   1.605
341.95   1.608
342.03   1.611
342.10   1.614
342.18   1.617
342.25   1.620
342.33   1.623
342.40   1.626
342.48   1.629
342.55   1.632
342.63   1.635
342.70   1.638
342.78   1.641
342.85   1.644
342.93   1.647
343.00   1.650
343.08   1.653
343.15   1.656
343.23   1.659
343.30   1.662
343.38   1.665
343.45   1.668
343.53   1.671
343.60   1.674
343.68   1.677
343.75   1.680
343.83   1.684
343.90   1.687
343.97   1.690
344.05   1.694
344.12   1.697
344.20   1.701
344.27   1.705
344.35   1.708
344.42   1.712
344.50   1.716
344.57   1.719
344.65   1.723
344.72   1.726
344.80   1.730
344.87   1.734
344.95   1.738
345.02   1.741
345.10   1.745
345.17   1.749
345.25   1.753
345.32   1.756
345.40   1.760
345.47   1.764
345.55   1.768
345.62   1.772
345.70   1.775
345.77   1.779
345.85   1.783
345.92   1.787
346.00   1.791
346.07   1.794
346.15   1.798
346.22   1.802
346.30   1.805
346.37   1.809
346.45   1.813
346.52   1.817
346.60   1.820
346.67   1.824
346.75   1.827
346.82   1.831
346.90   1.835
346.98   1.838
347.05   1.842
347.12   1.845
347.20   1.849
347.28   1.852
347.35   1.855
347.43   1.859
347.50   1.862
347.58   1.865
347.66   1.869
347.73   1.872
347.80   1.875
347.88   1.878
347.96   1.881
348.03   1.884
348.11   1.887
348.18   1.890
348.26   1.893
348.33   1.896
348.40   1.899
348.48   1.902
348.55   1.905
348.63   1.908
348.71   1.912
348.78   1.915
348.86   1.918
348.93   1.921
349.00   1.924
349.08   1.927
349.16   1.931
349.23   1.934
349.31   1.937
349.38   1.940
349.45   1.943
349.53   1.947
349.61   1.950
349.68   1.953
349.75   1.956
349.83   1.960
349.90   1.963
349.98   1.966
350.05   1.969
350.13   1.973
350.20   1.976
350.28   1.979
350.35   1.982
350.43   1.985
350.50   1.989
350.58   1.992
350.65   1.995
350.73   1.998
350.80   2.002
350.87   2.005
350.95   2.008
351.03   2.011
351.10   2.014
351.17   2.017
351.25   2.021
351.33   2.024
351.40   2.027
351.48   2.030
351.55   2.033
351.63   2.036
351.70   2.039
351.78   2.042
351.85   2.045
351.93   2.048
352.00   2.051
352.08   2.054
352.15   2.057
352.23   2.060
352.30   2.063
352.37   2.066
352.45   2.069
352.52   2.072
352.59   2.075
352.67   2.078
352.74   2.081
352.81   2.084
352.88   2.087
352.95   2.089
353.03   2.092
353.10   2.095
353.17   2.098
353.24   2.101
353.32   2.104
353.39   2.106
353.46   2.109
353.53   2.112
353.60   2.115
353.68   2.118
353.75   2.121
353.82   2.123
353.89   2.126
353.96   2.129
354.04   2.132
354.11   2.135
354.18   2.137
354.25   2.140
354.32   2.143
354.40   2.146
354.47   2.149
354.54   2.151
354.55   2.154
