  
  DOI/GTN-P Deep Borehole Array, Arctic Alaska 
             U.S. Geological Survey 
            Processed Temperature Log 
                    28-Aug-2013 
________________________________________________ 
  
Temperature Log Information: 
  Well name:   Tulageak Test Well #1 
  File name:   TUL_89JUL27_c_d 
  Log date:    27-JUL-1989 
  
Contact Information: 
  Gary Clow 
  U.S. Geological Survey 
  clow@usgs.gov 
  
Definitions: 
  Depth:        Depth below local ground surface (m) 
  Temperature:  ITS-90 temperature (°C) 
________________________________________________ 
             
 Depth  Temperature 
  8.23  -9.151
  8.43  -9.150
  8.64  -9.148
  8.84  -9.146
  9.04  -9.143
  9.25  -9.140
  9.45  -9.136
  9.65  -9.132
  9.86  -9.128
 10.06  -9.124
 10.26  -9.120
 10.47  -9.116
 10.67  -9.114
 10.87  -9.112
 11.07  -9.111
 11.28  -9.109
 11.48  -9.108
 11.68  -9.107
 11.89  -9.107
 12.09  -9.106
 12.29  -9.107
 12.50  -9.107
 12.70  -9.108
 12.90  -9.109
 13.11  -9.111
 13.31  -9.113
 13.51  -9.115
 13.72  -9.116
 13.92  -9.116
 14.12  -9.116
 14.33  -9.116
 14.53  -9.117
 14.73  -9.118
 14.94  -9.120
 15.14  -9.123
 15.34  -9.128
 15.55  -9.135
 15.75  -9.145
 15.95  -9.156
 16.15  -9.168
 16.36  -9.180
 16.56  -9.193
 16.76  -9.206
 16.97  -9.220
 17.17  -9.234
 17.37  -9.249
 17.58  -9.263
 17.78  -9.277
 17.98  -9.291
 18.19  -9.305
 18.39  -9.318
 18.59  -9.329
 18.80  -9.338
 19.00  -9.346
 19.20  -9.353
 19.41  -9.359
 19.61  -9.365
 19.81  -9.370
 20.02  -9.376
 20.22  -9.383
 20.42  -9.391
 20.63  -9.400
 20.83  -9.409
 21.03  -9.419
 21.23  -9.428
 21.44  -9.437
 21.64  -9.446
 21.84  -9.455
 22.05  -9.463
 22.25  -9.471
 22.45  -9.478
 22.66  -9.486
 22.86  -9.493
 23.06  -9.500
 23.27  -9.507
 23.47  -9.513
 23.67  -9.519
 23.88  -9.525
 24.08  -9.531
 24.28  -9.536
 24.49  -9.542
 24.69  -9.546
 24.89  -9.551
 25.10  -9.556
 25.30  -9.560
 25.50  -9.564
 25.71  -9.568
 25.91  -9.572
 26.11  -9.575
 26.31  -9.579
 26.52  -9.582
 26.72  -9.585
 26.92  -9.587
 27.13  -9.590
 27.33  -9.592
 27.53  -9.594
 27.74  -9.596
 27.94  -9.597
 28.14  -9.599
 28.35  -9.600
 28.55  -9.601
 28.75  -9.602
 28.96  -9.603
 29.16  -9.603
 29.36  -9.604
 29.57  -9.604
 29.77  -9.604
 29.97  -9.605
 30.18  -9.605
 30.38  -9.605
 30.58  -9.605
 30.79  -9.605
 30.99  -9.605
 31.19  -9.604
 31.39  -9.604
 31.60  -9.604
 31.80  -9.603
 32.00  -9.603
 32.21  -9.602
 32.41  -9.601
 32.61  -9.601
 32.82  -9.600
 33.02  -9.599
 33.22  -9.598
 33.43  -9.598
 33.63  -9.597
 33.83  -9.596
 34.04  -9.595
 34.24  -9.595
 34.44  -9.594
 34.65  -9.593
 34.85  -9.591
 35.05  -9.590
 35.26  -9.588
 35.46  -9.586
 35.66  -9.584
 35.87  -9.582
 36.07  -9.580
 36.27  -9.577
 41.76  -9.516
 41.96  -9.514
 42.16  -9.511
 42.37  -9.508
 42.57  -9.505
 42.77  -9.503
 42.98  -9.500
 43.18  -9.498
 43.38  -9.495
 43.59  -9.493
 43.79  -9.490
 43.99  -9.488
 44.20  -9.486
 44.40  -9.483
 44.60  -9.480
 44.81  -9.477
 45.01  -9.474
 45.21  -9.471
 45.42  -9.467
 45.62  -9.464
 45.82  -9.460
 46.03  -9.457
 46.23  -9.453
 46.43  -9.450
 46.63  -9.446
 46.84  -9.443
 47.04  -9.439
 47.24  -9.435
 47.45  -9.432
 47.65  -9.428
 47.85  -9.425
 48.06  -9.422
 48.26  -9.419
 48.46  -9.416
 48.67  -9.413
 48.87  -9.411
 49.07  -9.408
 49.28  -9.405
 49.48  -9.402
 49.89  -9.395
 50.09  -9.392
 50.29  -9.388
 50.50  -9.385
 50.70  -9.381
 50.90  -9.378
 51.11  -9.374
 51.31  -9.371
 51.51  -9.367
 51.71  -9.364
 51.92  -9.360
 52.12  -9.357
 52.32  -9.353
 52.53  -9.350
 52.73  -9.346
 52.93  -9.343
 53.14  -9.339
 53.34  -9.336
 53.54  -9.332
 53.75  -9.329
 53.95  -9.326
 54.15  -9.322
 54.36  -9.319
 54.56  -9.315
 54.76  -9.311
 54.97  -9.308
 55.17  -9.304
 55.37  -9.301
 55.58  -9.297
 55.78  -9.293
 55.98  -9.289
 56.19  -9.286
 56.39  -9.282
 56.59  -9.278
 56.79  -9.275
 57.00  -9.271
 57.20  -9.267
 57.40  -9.263
 61.27  -9.184
 61.47  -9.181
 61.67  -9.177
 61.87  -9.173
 62.08  -9.170
 62.28  -9.166
 62.48  -9.161
 62.69  -9.157
 62.89  -9.152
 63.09  -9.147
 63.30  -9.142
 63.50  -9.136
 63.70  -9.131
 63.91  -9.125
 64.11  -9.120
 64.31  -9.115
 64.52  -9.110
 64.72  -9.105
 64.92  -9.100
 65.13  -9.094
 65.33  -9.089
 65.53  -9.084
 65.74  -9.079
 65.94  -9.073
 66.14  -9.068
 66.35  -9.062
 66.55  -9.057
 66.75  -9.051
 66.95  -9.046
 67.16  -9.040
 71.02  -8.937
 71.22  -8.932
 71.43  -8.927
 71.63  -8.921
 71.83  -8.916
 72.03  -8.910
 72.24  -8.905
 72.44  -8.899
 72.64  -8.894
 72.85  -8.889
 73.05  -8.883
 73.25  -8.878
 73.46  -8.872
 73.66  -8.867
 73.86  -8.861
 74.07  -8.856
 74.27  -8.851
 74.47  -8.845
 74.68  -8.839
 74.88  -8.834
 75.08  -8.828
 75.29  -8.823
 75.49  -8.817
 75.69  -8.811
 75.90  -8.806
 76.10  -8.800
 76.30  -8.794
 76.51  -8.788
 76.71  -8.782
 76.91  -8.777
 77.11  -8.771
 77.32  -8.765
 77.52  -8.758
 77.72  -8.752
 77.93  -8.746
 78.13  -8.740
 78.33  -8.734
 78.54  -8.727
 78.74  -8.721
 78.94  -8.715
 79.15  -8.708
 79.35  -8.702
 79.55  -8.696
 79.76  -8.689
 79.96  -8.683
 80.16  -8.677
 80.37  -8.670
 80.57  -8.664
 80.77  -8.657
 80.98  -8.651
 81.18  -8.644
 81.38  -8.638
 81.59  -8.632
 81.79  -8.626
 81.99  -8.620
 82.19  -8.614
 82.40  -8.609
 82.60  -8.604
 82.80  -8.599
 83.01  -8.594
 83.21  -8.588
 83.41  -8.583
 83.62  -8.578
 83.82  -8.572
 84.02  -8.565
 84.23  -8.559
 84.43  -8.552
 84.63  -8.546
 84.84  -8.539
 85.04  -8.533
 85.24  -8.526
 85.45  -8.519
 85.65  -8.512
 85.85  -8.506
 86.06  -8.499
 86.26  -8.492
 86.46  -8.486
 86.67  -8.479
 86.87  -8.472
 87.07  -8.466
 87.27  -8.460
 87.48  -8.454
 87.68  -8.449
 87.88  -8.443
 88.09  -8.437
 88.29  -8.431
 88.49  -8.425
 88.70  -8.418
 88.90  -8.412
 89.10  -8.405
 89.31  -8.398
 89.51  -8.392
 89.71  -8.385
 89.92  -8.378
 90.12  -8.371
 90.32  -8.365
 90.53  -8.358
 90.73  -8.351
 90.93  -8.345
 91.14  -8.338
 91.34  -8.332
 91.54  -8.325
 91.75  -8.319
 91.95  -8.313
 92.15  -8.307
 92.35  -8.301
 92.56  -8.295
 92.76  -8.289
 92.96  -8.283
 93.17  -8.278
 93.37  -8.271
 93.57  -8.265
 93.78  -8.258
 93.98  -8.252
 94.18  -8.245
 94.39  -8.238
 94.59  -8.231
 94.79  -8.224
 95.00  -8.217
 95.20  -8.210
 95.40  -8.203
 95.61  -8.197
 95.81  -8.190
 96.01  -8.183
 96.22  -8.176
 96.42  -8.169
 96.62  -8.162
 96.83  -8.154
 97.03  -8.146
 97.23  -8.139
 97.43  -8.131
 97.64  -8.123
 97.84  -8.116
 98.04  -8.109
 98.25  -8.101
 98.45  -8.095
 98.65  -8.089
 98.86  -8.083
 99.06  -8.077
 99.26  -8.071
 99.47  -8.065
 99.67  -8.059
 99.87  -8.053
100.08  -8.048
100.28  -8.042
100.48  -8.037
100.69  -8.031
100.89  -8.025
101.09  -8.019
101.30  -8.013
101.50  -8.007
101.70  -8.000
101.91  -7.993
102.11  -7.986
102.31  -7.978
102.51  -7.971
102.72  -7.963
102.92  -7.956
103.12  -7.948
103.33  -7.941
103.53  -7.934
103.73  -7.928
103.94  -7.921
104.14  -7.914
104.34  -7.908
104.55  -7.901
104.75  -7.894
104.95  -7.887
105.16  -7.880
105.36  -7.872
105.56  -7.865
105.77  -7.857
105.97  -7.850
106.17  -7.842
106.38  -7.834
106.58  -7.826
106.78  -7.817
106.99  -7.808
107.19  -7.799
107.39  -7.790
107.59  -7.782
107.80  -7.772
108.00  -7.764
108.20  -7.755
108.41  -7.746
108.61  -7.737
108.81  -7.729
109.02  -7.720
109.22  -7.711
109.42  -7.703
109.63  -7.694
109.83  -7.685
110.03  -7.677
110.24  -7.668
110.44  -7.660
110.64  -7.651
110.85  -7.643
111.05  -7.634
111.25  -7.626
111.46  -7.618
111.66  -7.610
111.86  -7.602
112.07  -7.594
112.27  -7.587
112.47  -7.579
112.67  -7.571
112.88  -7.564
113.08  -7.556
113.28  -7.548
113.49  -7.541
113.69  -7.533
113.89  -7.525
114.10  -7.517
114.30  -7.510
114.50  -7.502
114.71  -7.494
114.91  -7.486
115.11  -7.478
115.32  -7.471
115.52  -7.463
115.72  -7.455
115.93  -7.447
116.13  -7.438
116.33  -7.430
116.54  -7.422
116.74  -7.413
116.94  -7.404
117.15  -7.396
117.35  -7.387
117.55  -7.378
117.75  -7.370
117.96  -7.361
118.16  -7.352
118.36  -7.343
118.57  -7.334
118.77  -7.326
118.97  -7.317
119.18  -7.309
119.38  -7.300
119.58  -7.291
119.79  -7.283
119.99  -7.274
120.19  -7.265
120.40  -7.257
120.60  -7.249
120.80  -7.241
121.01  -7.233
121.21  -7.227
121.41  -7.220
121.62  -7.214
121.82  -7.208
122.02  -7.203
122.23  -7.197
122.43  -7.191
122.63  -7.184
122.83  -7.177
123.04  -7.169
123.24  -7.161
123.44  -7.152
123.65  -7.144
123.85  -7.136
124.05  -7.127
124.26  -7.118
124.46  -7.110
124.66  -7.101
124.87  -7.092
125.07  -7.084
125.27  -7.075
125.48  -7.066
125.68  -7.058
125.88  -7.051
126.09  -7.044
126.29  -7.038
126.49  -7.032
126.70  -7.026
126.90  -7.020
127.10  -7.014
127.31  -7.007
127.51  -7.000
127.71  -6.992
127.91  -6.983
128.12  -6.973
128.32  -6.963
128.52  -6.952
128.73  -6.942
128.93  -6.932
129.13  -6.921
129.34  -6.910
129.54  -6.900
129.74  -6.889
129.95  -6.879
130.15  -6.869
130.35  -6.858
130.56  -6.848
130.76  -6.838
130.96  -6.829
131.17  -6.820
131.37  -6.811
131.57  -6.802
131.78  -6.794
131.98  -6.785
132.18  -6.777
132.39  -6.768
132.59  -6.759
132.79  -6.750
132.99  -6.741
133.20  -6.732
133.40  -6.723
133.60  -6.714
133.81  -6.705
134.01  -6.696
134.21  -6.687
134.42  -6.678
134.62  -6.669
134.82  -6.660
135.03  -6.651
135.23  -6.642
135.43  -6.633
135.64  -6.624
135.84  -6.614
136.04  -6.605
136.25  -6.595
136.45  -6.585
136.65  -6.575
136.86  -6.565
137.06  -6.555
137.26  -6.545
137.47  -6.534
137.67  -6.524
137.87  -6.513
138.07  -6.503
138.28  -6.492
138.48  -6.482
138.68  -6.471
138.89  -6.461
139.09  -6.450
139.29  -6.440
139.50  -6.429
139.70  -6.419
139.90  -6.408
140.11  -6.398
140.31  -6.388
140.51  -6.379
140.72  -6.370
140.92  -6.362
141.12  -6.353
141.33  -6.345
141.53  -6.337
141.73  -6.329
141.94  -6.321
142.14  -6.313
142.34  -6.305
142.55  -6.296
142.75  -6.287
142.95  -6.278
143.15  -6.269
143.36  -6.260
143.56  -6.251
143.76  -6.242
143.97  -6.233
144.17  -6.224
144.37  -6.215
144.58  -6.206
144.78  -6.198
144.98  -6.189
145.19  -6.180
145.39  -6.171
145.59  -6.162
145.80  -6.154
146.00  -6.145
146.20  -6.136
146.41  -6.127
146.61  -6.119
146.81  -6.110
147.02  -6.101
147.22  -6.092
147.42  -6.084
147.63  -6.075
147.83  -6.066
148.03  -6.058
148.23  -6.049
148.44  -6.040
148.64  -6.031
148.84  -6.022
149.05  -6.014
149.25  -6.005
149.45  -5.996
149.66  -5.987
149.86  -5.978
150.06  -5.969
150.27  -5.960
150.47  -5.951
150.67  -5.941
150.88  -5.931
151.08  -5.922
151.28  -5.912
151.49  -5.902
151.69  -5.892
151.89  -5.883
152.10  -5.873
152.30  -5.864
152.50  -5.855
152.71  -5.846
152.91  -5.837
153.11  -5.828
153.31  -5.819
153.52  -5.810
153.72  -5.801
153.92  -5.792
154.13  -5.783
154.33  -5.774
154.53  -5.765
154.74  -5.756
154.94  -5.747
155.14  -5.738
155.35  -5.728
155.55  -5.718
155.75  -5.708
155.96  -5.698
156.16  -5.688
156.36  -5.679
156.57  -5.669
156.77  -5.660
156.97  -5.651
157.18  -5.643
157.38  -5.635
157.58  -5.628
157.79  -5.620
157.99  -5.612
158.19  -5.605
158.39  -5.597
158.60  -5.590
158.80  -5.582
159.00  -5.575
159.21  -5.567
159.41  -5.559
159.61  -5.551
159.82  -5.543
160.02  -5.535
160.22  -5.526
160.43  -5.517
160.63  -5.508
160.83  -5.498
161.04  -5.489
161.24  -5.479
161.44  -5.469
161.65  -5.459
161.85  -5.450
162.05  -5.440
162.26  -5.430
162.46  -5.421
162.66  -5.411
162.87  -5.402
163.07  -5.392
163.27  -5.382
163.47  -5.372
163.68  -5.362
163.88  -5.352
164.08  -5.342
164.29  -5.332
164.49  -5.322
164.69  -5.312
164.90  -5.302
165.10  -5.292
165.30  -5.283
165.51  -5.274
165.71  -5.265
165.91  -5.256
166.12  -5.246
166.32  -5.237
166.52  -5.228
166.73  -5.218
166.93  -5.209
167.13  -5.199
167.34  -5.189
167.54  -5.179
167.74  -5.169
167.95  -5.159
168.15  -5.150
168.35  -5.140
168.55  -5.130
168.76  -5.121
168.96  -5.111
169.16  -5.101
169.37  -5.092
169.57  -5.083
169.77  -5.073
169.98  -5.064
170.18  -5.055
170.38  -5.046
170.59  -5.037
170.79  -5.028
170.99  -5.019
171.20  -5.011
171.40  -5.002
171.60  -4.993
171.81  -4.984
172.01  -4.975
172.21  -4.966
172.42  -4.957
172.62  -4.949
172.82  -4.940
173.03  -4.931
173.23  -4.922
173.43  -4.914
173.63  -4.905
173.84  -4.896
174.04  -4.888
174.24  -4.879
174.45  -4.870
174.65  -4.861
174.85  -4.852
175.06  -4.843
175.26  -4.834
175.46  -4.825
175.67  -4.816
175.87  -4.807
176.07  -4.798
176.28  -4.789
176.48  -4.781
176.68  -4.772
176.89  -4.764
177.09  -4.756
177.29  -4.747
177.50  -4.739
177.70  -4.731
177.90  -4.723
178.11  -4.715
178.31  -4.707
178.51  -4.699
178.71  -4.691
178.92  -4.683
179.12  -4.675
179.32  -4.667
179.53  -4.660
179.73  -4.653
179.93  -4.645
180.14  -4.638
180.34  -4.631
180.54  -4.624
180.75  -4.617
180.95  -4.610
181.15  -4.602
181.36  -4.594
181.56  -4.585
181.76  -4.577
181.97  -4.568
182.17  -4.559
182.37  -4.549
182.58  -4.540
182.78  -4.530
182.98  -4.521
183.19  -4.511
183.39  -4.501
183.59  -4.492
183.79  -4.482
184.00  -4.471
184.20  -4.461
184.40  -4.449
184.61  -4.437
184.81  -4.424
185.01  -4.411
185.22  -4.398
185.42  -4.384
185.62  -4.372
185.83  -4.359
186.03  -4.347
186.23  -4.337
186.44  -4.328
186.64  -4.319
186.84  -4.311
187.05  -4.302
187.25  -4.295
187.45  -4.287
187.66  -4.280
187.86  -4.272
188.06  -4.265
188.27  -4.257
188.47  -4.250
188.67  -4.242
188.87  -4.235
189.08  -4.228
189.28  -4.220
189.48  -4.212
189.69  -4.205
189.89  -4.196
190.09  -4.188
190.30  -4.180
190.50  -4.171
190.70  -4.163
190.91  -4.154
191.11  -4.145
191.31  -4.136
191.52  -4.127
191.72  -4.118
191.92  -4.109
192.13  -4.100
192.33  -4.090
192.53  -4.081
192.74  -4.071
192.94  -4.061
193.14  -4.051
193.35  -4.041
193.55  -4.031
193.75  -4.022
193.95  -4.012
194.16  -4.003
194.36  -3.995
194.56  -3.987
194.77  -3.979
194.97  -3.972
195.17  -3.964
195.38  -3.957
195.58  -3.949
195.78  -3.941
195.99  -3.932
196.19  -3.923
196.39  -3.913
196.60  -3.904
196.80  -3.894
197.00  -3.884
197.21  -3.875
197.41  -3.865
197.61  -3.855
197.82  -3.846
198.02  -3.836
198.22  -3.827
198.43  -3.817
198.63  -3.808
198.83  -3.799
199.03  -3.789
199.24  -3.780
199.44  -3.772
199.64  -3.763
199.85  -3.754
200.05  -3.746
200.25  -3.737
200.46  -3.728
200.66  -3.720
200.86  -3.711
201.07  -3.702
201.27  -3.693
201.47  -3.685
201.68  -3.676
201.88  -3.667
202.08  -3.658
202.29  -3.649
202.49  -3.640
202.69  -3.632
202.90  -3.623
203.10  -3.614
203.30  -3.606
203.51  -3.597
203.71  -3.588
203.91  -3.579
204.11  -3.570
204.32  -3.561
204.52  -3.551
204.72  -3.542
204.93  -3.533
205.13  -3.524
205.33  -3.514
205.54  -3.506
205.74  -3.497
205.94  -3.488
206.15  -3.480
206.35  -3.472
206.55  -3.464
206.76  -3.456
206.96  -3.448
207.16  -3.440
207.37  -3.432
207.57  -3.424
207.77  -3.416
207.98  -3.409
208.18  -3.401
208.38  -3.393
208.59  -3.386
208.79  -3.378
208.99  -3.371
209.19  -3.363
209.40  -3.356
209.60  -3.349
209.80  -3.342
210.01  -3.334
210.21  -3.327
210.41  -3.320
210.62  -3.313
210.82  -3.305
211.02  -3.298
211.23  -3.291
211.43  -3.284
211.63  -3.277
211.84  -3.269
212.04  -3.262
212.24  -3.255
212.45  -3.248
212.65  -3.241
212.85  -3.234
213.06  -3.227
213.26  -3.220
213.46  -3.213
213.67  -3.206
213.87  -3.200
214.07  -3.194
214.27  -3.188
214.48  -3.182
214.68  -3.176
214.88  -3.169
215.09  -3.163
215.29  -3.157
215.49  -3.150
215.70  -3.143
215.90  -3.136
216.10  -3.129
216.31  -3.122
216.51  -3.115
216.71  -3.108
216.92  -3.101
217.12  -3.094
217.32  -3.087
217.53  -3.080
217.73  -3.073
217.93  -3.065
218.14  -3.058
218.34  -3.052
218.54  -3.045
218.75  -3.039
218.95  -3.033
219.15  -3.028
219.35  -3.022
219.56  -3.016
219.76  -3.011
219.96  -3.005
220.17  -2.999
220.37  -2.992
220.57  -2.985
220.78  -2.978
220.98  -2.971
221.18  -2.963
221.39  -2.956
221.59  -2.948
221.79  -2.941
222.00  -2.933
222.20  -2.926
222.40  -2.918
222.61  -2.911
222.81  -2.903
223.01  -2.896
223.22  -2.889
223.42  -2.882
223.62  -2.875
223.83  -2.869
224.03  -2.862
224.23  -2.856
224.43  -2.850
224.64  -2.844
224.84  -2.837
225.04  -2.831
225.25  -2.824
225.45  -2.817
225.65  -2.810
225.86  -2.803
226.06  -2.796
226.26  -2.789
226.47  -2.781
226.67  -2.774
226.87  -2.767
227.08  -2.759
227.28  -2.752
227.48  -2.745
227.69  -2.737
227.89  -2.730
228.09  -2.722
228.30  -2.715
228.50  -2.708
228.70  -2.700
228.91  -2.693
229.11  -2.686
229.31  -2.678
229.51  -2.671
229.72  -2.664
229.92  -2.656
230.12  -2.648
230.33  -2.640
230.53  -2.632
230.73  -2.624
230.94  -2.616
231.14  -2.607
231.34  -2.599
231.55  -2.591
231.75  -2.583
231.95  -2.575
232.16  -2.567
232.36  -2.559
232.56  -2.551
232.77  -2.543
232.97  -2.536
233.17  -2.528
233.38  -2.522
233.58  -2.515
233.78  -2.508
233.99  -2.502
234.19  -2.496
234.39  -2.490
234.59  -2.483
234.80  -2.477
235.00  -2.471
235.20  -2.464
235.41  -2.457
235.61  -2.450
235.81  -2.443
236.02  -2.436
236.22  -2.428
236.42  -2.421
236.63  -2.414
236.83  -2.408
237.03  -2.401
237.24  -2.394
237.44  -2.387
237.64  -2.379
237.85  -2.372
238.05  -2.364
238.25  -2.356
238.46  -2.348
238.66  -2.339
238.86  -2.331
239.07  -2.322
239.27  -2.314
239.47  -2.305
239.67  -2.297
239.88  -2.290
240.08  -2.283
240.28  -2.276
240.49  -2.270
240.69  -2.263
240.89  -2.257
241.10  -2.250
241.30  -2.244
241.50  -2.238
241.71  -2.231
241.91  -2.225
242.11  -2.219
242.32  -2.212
242.52  -2.206
242.72  -2.199
242.93  -2.193
243.13  -2.186
243.33  -2.178
243.54  -2.171
243.74  -2.164
243.94  -2.156
244.15  -2.149
244.35  -2.141
244.55  -2.133
244.75  -2.126
244.96  -2.119
245.16  -2.111
245.36  -2.104
245.57  -2.097
245.77  -2.089
245.97  -2.082
246.18  -2.074
246.38  -2.067
246.58  -2.059
246.79  -2.051
246.99  -2.044
247.19  -2.036
247.40  -2.029
247.60  -2.021
247.80  -2.014
248.01  -2.007
248.21  -2.000
248.41  -1.994
248.62  -1.987
248.82  -1.980
249.02  -1.974
249.23  -1.967
249.43  -1.960
249.63  -1.952
249.83  -1.944
250.04  -1.936
250.24  -1.928
250.44  -1.920
250.65  -1.912
250.85  -1.904
251.05  -1.896
251.26  -1.888
251.46  -1.879
251.66  -1.871
251.87  -1.863
252.07  -1.855
252.27  -1.846
252.48  -1.839
252.68  -1.831
252.88  -1.824
253.09  -1.818
253.29  -1.812
253.49  -1.806
253.70  -1.800
253.90  -1.794
254.10  -1.788
254.31  -1.781
254.51  -1.773
254.71  -1.765
254.91  -1.756
255.12  -1.747
255.32  -1.737
255.52  -1.728
255.73  -1.719
255.93  -1.709
256.13  -1.700
256.34  -1.690
256.54  -1.681
256.74  -1.671
256.95  -1.662
257.15  -1.653
257.35  -1.643
257.56  -1.635
257.76  -1.627
257.96  -1.619
258.17  -1.611
258.37  -1.604
258.57  -1.597
258.78  -1.590
258.98  -1.582
259.18  -1.575
259.39  -1.567
259.59  -1.558
259.79  -1.549
259.99  -1.541
260.20  -1.532
260.40  -1.523
260.60  -1.514
260.81  -1.506
261.01  -1.497
261.21  -1.489
261.42  -1.480
261.62  -1.472
261.82  -1.464
262.03  -1.456
262.23  -1.448
262.43  -1.440
262.64  -1.433
262.84  -1.427
263.04  -1.420
263.25  -1.414
263.45  -1.408
263.65  -1.401
263.86  -1.395
264.06  -1.388
264.26  -1.381
264.47  -1.373
264.67  -1.366
264.87  -1.358
265.07  -1.349
265.28  -1.341
265.48  -1.333
265.68  -1.325
265.89  -1.317
266.09  -1.309
266.29  -1.301
266.50  -1.293
266.70  -1.286
266.90  -1.278
267.11  -1.270
267.31  -1.262
267.51  -1.253
267.72  -1.245
267.92  -1.236
268.12  -1.228
268.33  -1.219
268.53  -1.211
268.73  -1.203
268.94  -1.196
269.14  -1.189
269.34  -1.182
269.55  -1.176
269.75  -1.170
269.95  -1.164
270.15  -1.158
270.36  -1.152
270.56  -1.146
270.76  -1.140
270.97  -1.135
271.17  -1.129
271.37  -1.123
271.58  -1.117
271.78  -1.111
271.98  -1.105
272.19  -1.098
272.39  -1.090
272.59  -1.081
272.80  -1.072
273.00  -1.063
273.20  -1.053
273.41  -1.044
273.61  -1.035
273.81  -1.027
274.02  -1.019
274.22  -1.012
274.42  -1.005
274.63  -0.999
274.83  -0.992
275.03  -0.986
275.23  -0.979
275.44  -0.973
275.64  -0.967
275.84  -0.960
276.05  -0.953
276.25  -0.946
276.45  -0.940
276.66  -0.933
276.86  -0.926
277.06  -0.919
277.27  -0.911
277.47  -0.903
277.67  -0.895
277.88  -0.887
278.08  -0.878
278.28  -0.870
278.49  -0.862
278.69  -0.853
278.89  -0.846
279.10  -0.838
279.30  -0.831
279.50  -0.823
279.71  -0.816
279.91  -0.809
280.11  -0.801
280.31  -0.794
280.52  -0.787
280.72  -0.779
280.92  -0.772
281.13  -0.764
281.33  -0.757
281.53  -0.750
281.74  -0.743
281.94  -0.735
282.14  -0.728
282.35  -0.721
282.55  -0.713
282.75  -0.706
282.96  -0.699
283.16  -0.691
283.36  -0.684
283.57  -0.677
283.77  -0.670
283.97  -0.664
284.18  -0.657
284.38  -0.651
284.58  -0.644
284.79  -0.638
284.99  -0.631
285.19  -0.624
285.39  -0.618
285.60  -0.611
285.80  -0.605
286.00  -0.598
286.21  -0.591
286.41  -0.584
286.61  -0.577
286.82  -0.570
287.02  -0.562
287.22  -0.554
287.43  -0.545
287.63  -0.537
287.83  -0.528
288.04  -0.520
288.24  -0.511
288.44  -0.503
288.65  -0.495
288.85  -0.487
289.05  -0.479
289.26  -0.472
289.46  -0.464
289.66  -0.457
289.87  -0.449
290.07  -0.442
290.27  -0.435
290.47  -0.427
290.68  -0.420
290.88  -0.412
291.08  -0.405
291.29  -0.398
291.49  -0.391
291.69  -0.384
291.90  -0.377
292.10  -0.370
292.30  -0.364
292.51  -0.357
292.71  -0.351
292.91  -0.344
293.12  -0.338
293.32  -0.331
293.52  -0.325
293.73  -0.318
293.93  -0.311
294.13  -0.305
294.34  -0.298
294.54  -0.291
294.74  -0.285
294.95  -0.278
295.15  -0.271
295.35  -0.265
295.55  -0.258
295.76  -0.251
295.96  -0.244
296.16  -0.237
296.37  -0.230
296.57  -0.223
296.77  -0.216
296.98  -0.209
297.18  -0.201
297.38  -0.194
297.59  -0.186
297.79  -0.179
297.99  -0.171
298.20  -0.164
298.40  -0.156
298.60  -0.149
298.81  -0.142
299.01  -0.134
299.21  -0.127
299.42  -0.119
299.62  -0.112
299.82  -0.105
300.03  -0.097
300.23  -0.090
300.43  -0.082
300.63  -0.074
300.84  -0.067
301.04  -0.059
301.24  -0.052
301.45  -0.044
301.65  -0.037
301.85  -0.029
302.06  -0.021
302.26  -0.014
302.46  -0.006
302.67   0.002
302.87   0.009
303.07   0.017
303.28   0.025
303.48   0.033
303.68   0.040
303.89   0.048
304.09   0.056
304.29   0.064
304.50   0.072
304.70   0.080
304.90   0.088
305.11   0.095
305.31   0.103
305.51   0.111
305.71   0.119
305.92   0.127
306.12   0.135
306.32   0.142
306.53   0.150
306.73   0.157
306.93   0.164
307.14   0.172
307.34   0.179
307.54   0.186
307.75   0.194
307.95   0.201
308.15   0.209
308.36   0.217
308.56   0.225
308.76   0.233
308.97   0.241
309.17   0.249
309.37   0.257
309.58   0.265
309.78   0.273
309.98   0.281
310.19   0.290
310.39   0.298
310.59   0.306
310.79   0.314
311.00   0.322
311.20   0.331
311.40   0.339
311.61   0.346
311.81   0.354
312.01   0.362
312.22   0.370
312.42   0.378
312.62   0.386
312.83   0.394
313.03   0.402
313.23   0.410
313.44   0.418
313.64   0.427
313.84   0.435
314.05   0.443
314.25   0.451
314.45   0.460
314.66   0.468
314.86   0.476
315.06   0.484
315.27   0.492
315.47   0.500
315.67   0.508
315.87   0.516
316.08   0.525
316.28   0.533
316.48   0.541
316.69   0.549
316.89   0.557
317.09   0.565
317.30   0.573
317.50   0.581
317.70   0.589
317.91   0.596
318.11   0.604
318.31   0.612
318.52   0.620
318.72   0.628
318.92   0.636
319.13   0.644
319.33   0.652
319.53   0.660
319.74   0.668
319.94   0.676
320.14   0.684
320.35   0.692
320.55   0.700
320.75   0.709
320.95   0.717
321.16   0.726
321.36   0.734
321.56   0.743
321.77   0.752
321.97   0.761
322.17   0.770
322.38   0.779
322.58   0.787
322.78   0.796
322.99   0.805
323.19   0.813
323.39   0.822
323.60   0.831
323.80   0.839
324.00   0.848
324.21   0.856
324.41   0.865
324.61   0.873
324.82   0.882
325.02   0.890
325.22   0.899
325.43   0.907
325.63   0.915
325.83   0.924
326.03   0.932
326.24   0.940
326.44   0.948
326.64   0.956
326.85   0.964
327.05   0.972
327.25   0.980
327.46   0.988
327.66   0.996
327.86   1.004
328.07   1.012
328.27   1.020
328.47   1.028
328.68   1.036
328.88   1.044
329.08   1.052
329.29   1.060
329.49   1.068
329.69   1.077
329.90   1.085
330.10   1.093
330.30   1.101
330.51   1.109
330.71   1.118
330.91   1.126
331.11   1.135
331.32   1.144
331.52   1.152
331.72   1.161
331.93   1.170
332.13   1.179
332.33   1.188
332.54   1.196
332.74   1.205
332.94   1.213
333.15   1.222
333.35   1.230
333.55   1.239
333.76   1.247
333.96   1.256
334.16   1.264
334.37   1.273
334.57   1.281
334.77   1.290
334.98   1.299
335.18   1.307
335.38   1.316
335.59   1.324
335.79   1.333
335.99   1.342
336.19   1.351
336.40   1.360
336.60   1.369
336.80   1.378
337.01   1.387
337.21   1.396
337.41   1.405
337.62   1.413
337.82   1.421
338.02   1.430
338.23   1.438
338.43   1.446
338.63   1.454
338.84   1.463
339.04   1.471
339.24   1.479
339.45   1.488
339.65   1.496
339.85   1.505
340.06   1.513
340.26   1.522
340.46   1.530
340.67   1.539
340.87   1.548
341.07   1.557
341.27   1.566
341.48   1.576
341.68   1.585
341.88   1.594
342.09   1.603
342.29   1.612
342.49   1.621
342.70   1.630
342.90   1.639
343.10   1.648
343.31   1.657
343.51   1.666
343.71   1.675
343.92   1.684
344.12   1.693
344.32   1.702
344.53   1.711
344.73   1.719
344.93   1.728
345.14   1.737
345.34   1.746
345.54   1.755
345.75   1.764
345.95   1.773
346.15   1.782
346.35   1.790
346.56   1.799
346.76   1.808
346.96   1.817
347.17   1.825
347.37   1.834
347.57   1.842
347.78   1.851
347.98   1.859
348.18   1.868
348.39   1.876
348.59   1.885
348.79   1.893
349.00   1.901
349.20   1.910
349.40   1.918
349.61   1.927
349.81   1.935
350.01   1.944
350.22   1.952
350.42   1.961
350.62   1.970
350.83   1.979
351.03   1.988
351.23   1.997
351.43   2.005
351.64   2.014
351.84   2.023
352.04   2.032
352.25   2.041
352.45   2.049
352.65   2.058
352.86   2.067
353.06   2.075
353.26   2.084
353.47   2.093
353.67   2.101
353.87   2.110
354.08   2.119
354.28   2.127
354.48   2.136
354.69   2.145
354.89   2.153
355.09   2.161
355.30   2.169
355.50   2.176
355.70   2.183
355.91   2.190
356.11   2.197
356.31   2.204
356.51   2.212
356.72   2.220
356.92   2.228
357.12   2.237
357.33   2.246
357.53   2.256
357.73   2.265
357.94   2.274
358.14   2.284
358.34   2.293
358.55   2.303
358.75   2.312
358.95   2.321
359.16   2.331
359.36   2.340
359.56   2.349
359.77   2.358
359.97   2.366
360.17   2.374
360.38   2.382
360.58   2.389
360.78   2.396
360.99   2.404
361.19   2.411
361.39   2.418
361.59   2.425
361.80   2.433
362.00   2.441
362.20   2.449
362.41   2.457
362.61   2.465
362.81   2.473
363.02   2.482
363.22   2.490
363.42   2.498
363.63   2.507
363.83   2.515
364.03   2.523
364.24   2.532
364.44   2.540
364.64   2.549
364.85   2.558
365.05   2.568
365.25   2.577
365.46   2.587
365.66   2.597
365.86   2.607
366.07   2.617
366.27   2.627
366.47   2.637
366.67   2.646
366.88   2.655
367.08   2.664
367.28   2.673
367.49   2.682
367.69   2.691
367.89   2.699
368.10   2.708
368.30   2.716
368.50   2.725
368.71   2.733
368.91   2.742
369.11   2.750
369.32   2.759
369.52   2.767
369.72   2.775
369.93   2.783
370.13   2.791
370.33   2.798
370.54   2.806
370.74   2.814
370.94   2.821
371.15   2.829
371.35   2.837
371.55   2.845
371.75   2.854
371.96   2.862
372.16   2.871
372.36   2.879
372.57   2.888
372.77   2.897
372.97   2.905
373.18   2.914
373.38   2.923
373.58   2.932
373.79   2.941
373.99   2.950
374.19   2.959
374.40   2.968
374.60   2.977
374.80   2.986
375.01   2.995
375.21   3.004
375.41   3.012
375.62   3.021
375.82   3.030
376.02   3.039
376.23   3.048
376.43   3.057
376.63   3.067
376.83   3.076
377.04   3.086
377.24   3.095
377.44   3.105
377.65   3.114
377.85   3.124
378.05   3.134
378.26   3.143
378.46   3.153
378.66   3.162
378.87   3.171
379.07   3.180
379.27   3.189
379.48   3.197
379.68   3.205
379.88   3.211
380.09   3.218
380.29   3.224
380.49   3.231
380.70   3.237
380.90   3.244
381.10   3.251
381.31   3.259
381.51   3.268
381.71   3.277
381.91   3.286
382.12   3.295
382.32   3.305
382.52   3.314
382.73   3.324
382.93   3.334
383.13   3.344
383.34   3.353
383.54   3.363
383.74   3.373
383.95   3.383
384.15   3.393
384.35   3.403
384.56   3.412
384.76   3.422
384.96   3.431
385.17   3.441
385.37   3.450
385.57   3.460
385.78   3.469
385.98   3.479
386.18   3.488
386.39   3.498
386.59   3.508
386.79   3.518
386.99   3.528
387.20   3.538
387.40   3.548
387.60   3.558
387.81   3.568
388.01   3.577
388.21   3.587
388.42   3.596
388.62   3.605
388.82   3.615
389.03   3.623
389.23   3.632
389.43   3.640
389.64   3.647
389.84   3.654
390.04   3.661
390.25   3.668
390.45   3.675
390.65   3.682
390.86   3.690
391.06   3.698
391.26   3.706
391.47   3.715
391.67   3.723
391.87   3.732
392.07   3.741
392.28   3.750
392.48   3.759
392.68   3.768
392.89   3.777
393.09   3.786
393.29   3.795
393.50   3.803
393.70   3.812
393.90   3.821
394.11   3.830
394.31   3.839
394.51   3.847
394.72   3.856
394.92   3.864
395.12   3.872
395.33   3.881
395.53   3.889
395.73   3.897
395.94   3.906
396.14   3.915
396.34   3.924
396.55   3.932
396.75   3.941
396.95   3.950
397.15   3.959
397.36   3.967
397.56   3.976
397.76   3.985
397.97   3.993
398.17   4.002
398.37   4.010
398.58   4.019
398.78   4.027
398.98   4.036
399.19   4.045
399.39   4.054
399.59   4.063
399.80   4.071
400.00   4.080
400.20   4.089
400.41   4.098
400.61   4.106
400.81   4.114
401.02   4.122
401.22   4.130
401.42   4.138
401.63   4.146
401.83   4.154
402.03   4.162
402.23   4.170
402.44   4.178
402.64   4.185
402.84   4.193
403.05   4.201
403.25   4.209
403.45   4.217
403.66   4.225
403.86   4.233
404.06   4.241
404.27   4.250
404.47   4.259
404.67   4.267
404.88   4.276
405.08   4.285
405.28   4.294
405.49   4.303
405.69   4.311
405.89   4.320
406.10   4.328
406.30   4.336
406.50   4.344
406.71   4.353
406.91   4.361
407.11   4.369
407.31   4.378
407.52   4.386
407.72   4.395
407.92   4.403
408.13   4.412
408.33   4.420
408.53   4.429
408.74   4.438
408.94   4.447
409.14   4.456
409.35   4.465
409.55   4.474
409.75   4.483
409.96   4.492
410.16   4.501
410.36   4.510
410.57   4.519
410.77   4.528
410.97   4.538
411.18   4.547
411.38   4.556
411.58   4.565
411.79   4.574
411.99   4.583
412.19   4.592
412.39   4.601
412.60   4.610
412.80   4.619
413.00   4.628
413.21   4.637
413.41   4.645
413.61   4.653
413.82   4.661
414.02   4.669
414.22   4.676
414.43   4.684
414.63   4.691
414.83   4.699
415.04   4.706
415.24   4.714
415.44   4.722
415.65   4.730
415.85   4.738
416.05   4.747
416.26   4.755
416.46   4.764
416.66   4.772
416.87   4.781
417.07   4.789
417.27   4.798
417.47   4.806
417.68   4.815
417.88   4.823
418.08   4.832
418.29   4.841
418.49   4.850
418.69   4.859
418.90   4.868
419.10   4.877
419.30   4.886
419.51   4.895
419.71   4.904
419.91   4.913
420.12   4.922
420.32   4.931
420.52   4.939
420.73   4.947
420.93   4.955
421.13   4.963
421.34   4.971
421.54   4.979
421.74   4.987
421.95   4.995
422.15   5.002
422.35   5.010
422.55   5.018
422.76   5.026
422.96   5.034
423.16   5.042
423.37   5.050
423.57   5.058
423.77   5.067
423.98   5.076
424.18   5.085
424.38   5.094
424.59   5.103
424.79   5.111
424.99   5.120
425.20   5.128
425.40   5.136
425.60   5.144
425.81   5.152
426.01   5.160
426.21   5.168
426.42   5.176
426.62   5.184
426.82   5.191
427.03   5.199
427.23   5.207
427.43   5.215
427.63   5.223
427.84   5.231
428.04   5.239
428.24   5.248
428.45   5.256
428.65   5.265
428.85   5.274
429.06   5.283
429.26   5.292
429.46   5.301
429.67   5.310
429.87   5.319
430.07   5.327
430.28   5.335
430.48   5.343
430.68   5.350
430.89   5.358
431.09   5.365
431.29   5.373
431.50   5.380
431.70   5.388
431.90   5.396
432.11   5.403
432.31   5.411
432.51   5.419
432.71   5.427
432.92   5.434
433.12   5.442
433.32   5.450
433.53   5.458
433.73   5.466
433.93   5.474
434.14   5.482
434.34   5.490
434.54   5.498
434.75   5.507
434.95   5.516
435.15   5.525
435.36   5.534
435.56   5.543
435.76   5.552
435.97   5.561
436.17   5.571
436.37   5.580
436.58   5.589
436.78   5.599
436.98   5.609
437.19   5.618
437.39   5.628
437.59   5.637
437.79   5.647
438.00   5.656
438.20   5.665
438.40   5.673
438.61   5.682
438.81   5.690
439.01   5.699
439.22   5.707
439.42   5.715
439.62   5.724
439.83   5.733
440.03   5.742
440.23   5.752
440.44   5.761
440.64   5.770
440.84   5.780
441.05   5.789
441.25   5.799
441.45   5.808
441.66   5.818
441.86   5.827
442.06   5.836
442.27   5.846
442.47   5.855
442.67   5.864
442.87   5.874
443.08   5.883
443.28   5.892
443.48   5.901
443.69   5.910
443.89   5.919
444.09   5.929
444.30   5.938
444.50   5.947
444.70   5.956
444.91   5.965
445.11   5.974
445.31   5.984
445.52   5.993
445.72   6.002
445.92   6.011
446.13   6.021
446.33   6.030
446.53   6.039
446.74   6.048
446.94   6.057
447.14   6.066
447.35   6.075
447.55   6.085
447.75   6.094
447.95   6.103
448.16   6.112
448.36   6.122
448.56   6.131
448.77   6.140
448.97   6.149
449.17   6.159
449.38   6.168
449.58   6.177
449.78   6.186
449.99   6.195
450.19   6.204
450.39   6.213
450.60   6.222
450.80   6.231
451.00   6.239
451.21   6.248
451.41   6.257
451.61   6.266
451.82   6.275
452.02   6.283
452.22   6.292
452.43   6.301
452.63   6.309
452.83   6.318
453.03   6.327
453.24   6.336
453.44   6.345
453.64   6.354
453.85   6.363
454.05   6.372
454.25   6.381
454.46   6.389
454.66   6.397
454.86   6.405
455.07   6.413
455.27   6.421
455.47   6.429
455.68   6.437
455.88   6.445
456.08   6.453
456.29   6.461
456.49   6.468
456.69   6.476
456.90   6.484
457.10   6.492
457.30   6.499
457.51   6.507
457.71   6.516
457.91   6.524
458.11   6.533
458.32   6.541
458.52   6.550
458.72   6.558
458.93   6.567
459.13   6.575
459.33   6.583
459.54   6.590
459.74   6.598
459.94   6.605
460.15   6.613
460.35   6.621
460.55   6.628
460.76   6.636
460.96   6.643
461.16   6.651
461.37   6.659
461.57   6.666
461.77   6.674
461.98   6.682
462.18   6.690
462.38   6.699
462.59   6.709
462.79   6.719
462.99   6.729
463.19   6.740
463.40   6.750
463.60   6.761
463.80   6.771
464.01   6.780
464.21   6.789
464.41   6.797
464.62   6.804
464.82   6.811
465.02   6.818
465.23   6.825
465.43   6.832
465.63   6.839
465.84   6.846
466.04   6.853
466.24   6.860
466.45   6.867
466.65   6.874
466.85   6.882
467.06   6.889
467.26   6.897
467.46   6.906
467.67   6.916
467.87   6.925
468.07   6.935
468.27   6.945
468.48   6.955
468.68   6.965
468.88   6.975
469.09   6.984
469.29   6.993
469.49   7.002
469.70   7.010
469.90   7.019
470.10   7.027
470.31   7.036
470.51   7.044
470.71   7.053
470.92   7.062
471.12   7.070
471.32   7.079
471.53   7.088
471.73   7.096
471.93   7.105
472.14   7.112
472.34   7.120
472.54   7.127
472.75   7.134
472.95   7.141
473.15   7.148
473.35   7.155
473.56   7.162
473.76   7.170
473.96   7.178
474.17   7.186
474.37   7.195
474.57   7.204
474.78   7.213
474.98   7.222
475.18   7.232
475.39   7.241
475.59   7.250
475.79   7.260
476.00   7.269
476.20   7.278
476.40   7.288
476.61   7.297
476.81   7.306
477.01   7.315
477.22   7.323
477.42   7.331
477.62   7.338
477.83   7.345
478.03   7.353
478.23   7.360
478.43   7.368
478.64   7.376
478.84   7.385
479.04   7.394
479.25   7.404
479.45   7.413
479.65   7.423
479.86   7.433
480.06   7.442
480.26   7.452
480.47   7.462
480.67   7.472
480.87   7.482
481.08   7.491
481.28   7.501
481.48   7.510
481.69   7.519
481.89   7.528
482.09   7.535
482.30   7.541
482.50   7.548
482.70   7.554
482.91   7.560
483.11   7.566
483.31   7.573
483.51   7.580
483.72   7.588
483.92   7.598
484.12   7.608
484.33   7.618
484.53   7.628
484.73   7.638
484.94   7.649
485.14   7.659
485.34   7.670
485.55   7.680
485.75   7.690
485.95   7.700
486.16   7.711
486.36   7.721
486.56   7.731
486.77   7.740
486.97   7.749
487.17   7.757
487.38   7.765
487.58   7.773
487.78   7.780
487.99   7.788
488.19   7.796
488.39   7.804
488.59   7.813
488.80   7.822
489.00   7.831
489.20   7.840
489.41   7.850
489.61   7.859
489.81   7.869
490.02   7.878
490.22   7.888
490.42   7.897
490.63   7.906
490.83   7.915
491.03   7.925
491.24   7.934
491.44   7.943
491.64   7.953
491.85   7.962
492.05   7.971
492.25   7.980
492.46   7.989
492.66   7.998
492.86   8.007
496.72   8.181
496.93   8.190
497.13   8.198
497.33   8.206
497.54   8.214
497.74   8.223
497.94   8.231
498.15   8.240
498.35   8.249
498.55   8.258
498.75   8.267
498.96   8.276
499.16   8.286
499.36   8.295
499.57   8.304
499.77   8.314
499.97   8.323
500.18   8.332
500.38   8.341
500.58   8.350
500.79   8.359
500.99   8.368
501.19   8.377
501.40   8.385
501.60   8.393
501.80   8.401
502.01   8.409
502.21   8.416
502.41   8.423
502.62   8.431
502.82   8.438
503.02   8.446
503.23   8.454
503.43   8.462
503.63   8.470
503.83   8.478
504.04   8.486
504.24   8.495
504.44   8.503
504.65   8.511
504.85   8.519
505.05   8.528
505.26   8.536
505.46   8.544
505.66   8.552
505.87   8.561
506.07   8.569
506.27   8.577
506.48   8.586
506.68   8.594
506.88   8.602
507.09   8.611
507.29   8.619
507.49   8.627
507.70   8.636
507.90   8.644
508.10   8.653
508.31   8.661
508.51   8.670
508.71   8.679
508.91   8.688
509.12   8.696
509.32   8.705
509.52   8.714
509.73   8.722
509.93   8.731
510.13   8.740
510.34   8.748
510.54   8.757
510.74   8.765
510.95   8.773
511.15   8.781
511.35   8.789
511.56   8.796
511.76   8.804
511.96   8.811
512.17   8.818
512.37   8.825
512.57   8.833
512.78   8.840
512.98   8.848
513.18   8.856
513.39   8.864
513.59   8.872
513.79   8.880
513.99   8.889
514.20   8.897
514.40   8.906
514.60   8.914
514.81   8.922
515.01   8.930
515.21   8.939
515.42   8.947
515.62   8.955
515.82   8.964
516.03   8.973
516.23   8.982
516.43   8.991
516.64   9.001
516.84   9.010
517.04   9.020
517.25   9.029
517.45   9.038
517.65   9.047
517.86   9.055
518.06   9.063
518.26   9.071
518.47   9.079
518.67   9.086
518.87   9.094
519.07   9.101
519.28   9.108
519.48   9.115
519.68   9.123
519.89   9.130
520.09   9.137
520.29   9.144
520.50   9.152
520.70   9.159
520.90   9.166
521.11   9.174
521.31   9.182
521.51   9.190
521.72   9.198
521.92   9.206
522.12   9.214
522.33   9.222
522.53   9.230
522.73   9.238
522.94   9.246
523.14   9.254
523.34   9.262
523.55   9.270
523.75   9.278
523.95   9.286
524.15   9.294
524.36   9.302
524.56   9.310
524.76   9.318
524.97   9.326
525.17   9.334
525.37   9.342
525.58   9.350
525.78   9.358
525.98   9.365
526.19   9.373
526.39   9.380
526.59   9.387
526.80   9.395
527.00   9.402
527.20   9.409
527.41   9.417
527.61   9.425
527.81   9.432
528.02   9.440
528.22   9.448
528.42   9.455
528.63   9.463
528.83   9.471
529.03   9.479
529.23   9.487
529.44   9.495
529.64   9.503
529.84   9.511
530.05   9.519
530.25   9.527
530.45   9.535
530.66   9.543
530.86   9.552
531.06   9.561
531.27   9.570
531.47   9.579
531.67   9.588
531.88   9.597
532.08   9.606
532.28   9.614
532.49   9.623
532.69   9.631
532.89   9.639
533.10   9.647
533.30   9.654
533.50   9.662
533.71   9.670
533.91   9.678
534.11   9.685
534.31   9.693
534.52   9.700
534.72   9.708
534.92   9.716
535.13   9.723
535.33   9.731
535.53   9.738
535.74   9.746
535.94   9.754
536.14   9.761
536.35   9.769
536.55   9.777
536.75   9.785
536.96   9.793
537.16   9.800
537.36   9.808
537.57   9.816
537.77   9.824
537.97   9.831
538.18   9.839
538.38   9.847
538.58   9.855
538.79   9.863
538.99   9.870
539.19   9.878
539.39   9.886
539.60   9.894
539.80   9.902
540.00   9.910
540.21   9.918
540.41   9.927
540.61   9.935
540.82   9.944
541.02   9.953
541.22   9.962
541.43   9.971
541.63   9.979
541.83   9.988
542.04   9.997
542.24  10.005
542.44  10.013
542.65  10.020
542.85  10.028
543.05  10.036
543.26  10.044
543.46  10.051
543.66  10.059
543.87  10.066
544.07  10.074
544.27  10.082
544.47  10.090
544.68  10.097
544.88  10.105
545.08  10.113
545.29  10.122
545.49  10.130
545.69  10.140
545.90  10.149
546.10  10.158
546.30  10.167
546.51  10.177
546.71  10.186
546.91  10.195
547.12  10.204
547.32  10.212
547.52  10.220
547.73  10.229
547.93  10.237
548.13  10.245
548.34  10.253
548.54  10.260
548.74  10.269
548.95  10.277
549.15  10.285
549.35  10.293
549.55  10.301
549.76  10.308
549.96  10.316
550.16  10.324
550.37  10.332
550.57  10.339
550.77  10.346
550.98  10.354
551.18  10.361
551.38  10.369
551.59  10.376
551.79  10.384
551.99  10.392
552.20  10.400
552.40  10.408
552.60  10.417
552.81  10.425
553.01  10.434
553.21  10.442
553.42  10.451
553.62  10.459
553.82  10.468
554.03  10.477
554.23  10.486
554.43  10.494
554.63  10.503
554.84  10.512
555.04  10.521
555.24  10.530
555.45  10.538
555.65  10.547
555.85  10.555
556.06  10.564
556.26  10.573
556.46  10.582
556.67  10.590
556.87  10.599
557.07  10.608
557.28  10.618
557.48  10.627
557.68  10.636
557.89  10.645
558.09  10.654
558.29  10.664
558.50  10.673
558.70  10.682
558.90  10.691
559.11  10.700
559.31  10.709
559.51  10.718
559.71  10.727
559.92  10.736
560.12  10.745
560.32  10.754
560.53  10.762
560.73  10.771
560.93  10.779
561.14  10.788
561.34  10.797
561.54  10.805
561.75  10.814
561.95  10.823
562.15  10.831
562.36  10.840
562.56  10.849
562.76  10.858
562.97  10.867
563.17  10.876
563.37  10.885
563.58  10.894
563.78  10.903
563.98  10.912
564.19  10.921
564.39  10.930
564.59  10.939
564.79  10.948
565.00  10.958
565.20  10.967
565.40  10.977
565.61  10.986
565.81  10.996
566.01  11.006
566.22  11.015
566.42  11.025
566.62  11.034
566.83  11.044
567.03  11.054
567.23  11.063
567.44  11.073
567.64  11.082
567.84  11.092
568.05  11.101
568.25  11.111
568.45  11.120
568.66  11.130
568.86  11.139
569.06  11.148
569.27  11.158
569.47  11.167
569.67  11.176
569.87  11.184
570.08  11.192
570.28  11.200
570.48  11.208
570.69  11.216
570.89  11.225
571.09  11.233
571.30  11.241
571.50  11.250
571.70  11.259
571.91  11.268
572.11  11.277
572.31  11.286
572.52  11.295
572.72  11.304
572.92  11.313
573.13  11.323
573.33  11.332
573.53  11.341
573.74  11.350
573.94  11.358
574.14  11.367
574.35  11.376
574.55  11.385
574.75  11.393
574.95  11.401
575.16  11.409
575.36  11.417
575.56  11.425
575.77  11.432
575.97  11.440
576.17  11.448
576.38  11.456
576.58  11.464
576.78  11.472
576.99  11.481
577.19  11.489
577.39  11.497
577.60  11.505
577.80  11.514
578.00  11.522
578.21  11.530
578.41  11.538
578.61  11.546
578.82  11.555
579.02  11.563
579.22  11.571
579.43  11.580
579.63  11.588
579.83  11.597
580.03  11.605
580.24  11.614
580.44  11.622
580.64  11.631
580.85  11.640
581.05  11.648
581.25  11.657
581.46  11.666
581.66  11.675
581.86  11.683
582.07  11.692
582.27  11.700
582.47  11.709
582.68  11.718
582.88  11.726
583.08  11.735
583.29  11.744
583.49  11.753
583.69  11.761
583.90  11.770
584.10  11.778
584.30  11.786
584.51  11.793
584.71  11.799
584.91  11.805
585.11  11.812
585.32  11.818
585.52  11.824
585.72  11.831
585.93  11.838
586.13  11.847
586.33  11.856
586.54  11.865
586.74  11.875
586.94  11.885
587.15  11.895
587.35  11.905
587.55  11.915
587.76  11.925
587.96  11.935
588.16  11.945
588.37  11.954
588.57  11.964
588.77  11.974
588.98  11.983
589.18  11.992
589.38  12.001
589.59  12.009
589.79  12.017
589.99  12.025
590.19  12.033
590.40  12.041
590.60  12.048
590.80  12.055
591.01  12.063
591.21  12.070
591.41  12.077
591.62  12.085
591.82  12.092
592.02  12.099
592.23  12.106
592.43  12.113
592.63  12.120
592.84  12.127
593.04  12.133
593.24  12.140
593.45  12.147
593.65  12.154
593.85  12.161
594.06  12.169
594.26  12.178
594.46  12.186
594.67  12.195
594.87  12.205
595.07  12.214
595.27  12.223
595.48  12.232
595.68  12.241
595.88  12.250
596.09  12.258
596.29  12.265
596.49  12.273
596.70  12.281
596.90  12.289
597.10  12.296
597.31  12.304
597.51  12.312
597.71  12.320
597.92  12.328
598.12  12.336
598.32  12.344
598.53  12.352
598.73  12.360
598.93  12.368
599.14  12.375
599.34  12.383
599.54  12.391
599.75  12.398
